Chamber	Time/hh:mm:ss	Logtime/min	Oxy/% air sat.	Phase/°	Amp	Temp/°C	% air-sat.	% oxygen	pO2 (hPa)	pO2 (Torr)	cO2 [mg/L]	cO2 [µmol/L]	Salinity	chlorinity	SalCorcO2 [mg/L]	SalCorcO2 [µmol/L]
2	13:40:16	0.00	96.740	30.170	16022.000	9.000	96.777131	20.2748090	203.048911	152.299629	11.15779472	348.681085	35	19.3739612	8.87646985	277.389683
2	13:40:23	0.10	96.760	30.170	16044.000	9.000	96.777131	20.2748090	203.048911	152.299629	11.15779472	348.681085	35	19.3739612	8.87646985	277.389683
2	13:40:38	0.35	96.810	30.160	16043.000	9.000	96.863075	20.2928142	203.229230	152.434880	11.16770351	348.990735	35	19.3739612	8.88435268	277.636021
2	13:40:53	0.60	96.900	30.150	16047.000	9.000	96.949110	20.3108386	203.409741	152.570275	11.17762282	349.300713	35	19.3739612	8.89224389	277.882621
2	13:41:08	0.85	96.060	30.250	16058.000	9.000	96.092852	20.1314525	201.613219	151.222768	11.07890166	346.215677	35	19.3739612	8.81370727	275.428352
2	13:41:23	1.10	97.250	30.110	16037.000	9.000	97.294166	20.3831279	204.133707	153.113295	11.21740563	350.543926	35	19.3739612	8.92389270	278.871647
2	13:41:38	1.35	96.220	30.230	16039.000	9.000	96.263378	20.1671778	201.971002	151.491128	11.09856226	346.830071	35	19.3739612	8.82934806	275.917127
2	13:41:53	1.60	97.230	30.110	16023.000	9.000	97.294166	20.3831279	204.133707	153.113295	11.21740563	350.543926	35	19.3739612	8.92389270	278.871647
2	13:42:08	1.85	96.250	30.230	16010.000	9.000	96.263378	20.1671778	201.971002	151.491128	11.09856226	346.830071	35	19.3739612	8.82934806	275.917127
2	13:42:23	2.10	97.050	30.130	16049.000	9.000	97.121455	20.3469448	203.771339	152.841496	11.19749309	349.921659	35	19.3739612	8.90805147	278.376609
2	13:42:38	2.35	96.140	30.240	16049.000	9.000	96.178070	20.1493057	201.792016	151.356877	11.08872675	346.522711	35	19.3739612	8.82152353	275.672610
2	13:42:53	2.60	96.690	30.180	16037.000	9.000	96.691279	20.2568228	202.868783	152.164521	11.14789645	348.371764	35	19.3739612	8.86859537	277.143605
2	13:43:08	2.85	96.970	30.140	16031.000	9.000	97.035237	20.3288821	203.590444	152.705813	11.18755268	349.611021	35	19.3739612	8.90014348	278.129484
2	13:43:23	3.10	96.680	30.180	16009.000	9.000	96.691279	20.2568228	202.868783	152.164521	11.14789645	348.371764	35	19.3739612	8.86859537	277.143605
2	13:43:38	3.35	96.990	30.140	16035.000	9.000	97.035237	20.3288821	203.590444	152.705813	11.18755268	349.611021	35	19.3739612	8.90014348	278.129484
2	13:43:53	3.60	96.410	30.210	16031.000	9.000	96.434266	20.2029788	202.329543	151.760057	11.11826456	347.445767	35	19.3739612	8.84502202	276.406938
2	13:44:08	3.85	96.950	30.140	16042.000	9.000	97.035237	20.3288821	203.590444	152.705813	11.18755268	349.611021	35	19.3739612	8.90014348	278.129484
2	13:44:23	4.10	96.510	30.200	16021.000	9.000	96.519846	20.2209078	202.509099	151.894735	11.12813138	347.754106	35	19.3739612	8.85287147	276.652234
2	13:44:38	4.35	97.150	30.120	16051.000	9.000	97.207765	20.3650267	203.952427	152.977323	11.20744407	350.232627	35	19.3739612	8.91596787	278.623996
2	13:44:53	4.60	96.280	30.220	16012.000	9.000	96.348777	20.1850688	202.150177	151.625521	11.10840819	347.137756	35	19.3739612	8.83718089	276.161903
2	13:45:08	4.85	96.220	30.230	16009.000	9.000	96.263378	20.1671778	201.971002	151.491128	11.09856226	346.830071	35	19.3739612	8.82934806	275.917127
2	13:45:23	5.10	96.910	30.150	16042.000	9.000	96.949110	20.3108386	203.409741	152.570275	11.17762282	349.300713	35	19.3739612	8.89224389	277.882621
2	13:45:38	5.35	96.280	30.220	16055.000	9.000	96.348777	20.1850688	202.150177	151.625521	11.10840819	347.137756	35	19.3739612	8.83718089	276.161903
2	13:45:53	5.60	96.340	30.220	16047.000	9.000	96.348777	20.1850688	202.150177	151.625521	11.10840819	347.137756	35	19.3739612	8.83718089	276.161903
2	13:46:08	5.85	96.510	30.200	16052.000	9.000	96.519846	20.2209078	202.509099	151.894735	11.12813138	347.754106	35	19.3739612	8.85287147	276.652234
2	13:46:23	6.10	96.500	30.200	16050.000	9.000	96.519846	20.2209078	202.509099	151.894735	11.12813138	347.754106	35	19.3739612	8.85287147	276.652234
2	13:46:38	6.35	96.980	30.140	16042.000	9.000	97.035237	20.3288821	203.590444	152.705813	11.18755268	349.611021	35	19.3739612	8.90014348	278.129484
2	13:46:53	6.60	96.310	30.220	16037.000	9.000	96.348777	20.1850688	202.150177	151.625521	11.10840819	347.137756	35	19.3739612	8.83718089	276.161903
2	13:47:08	6.85	97.590	30.070	16043.000	9.000	97.640694	20.4557253	204.860758	153.658630	11.25735804	351.792439	35	19.3739612	8.95567642	279.864888
2	13:47:23	7.10	97.260	30.110	16036.000	9.000	97.294166	20.3831279	204.133707	153.113295	11.21740563	350.543926	35	19.3739612	8.92389270	278.871647
2	13:47:38	7.35	96.370	30.210	16045.000	9.000	96.434266	20.2029788	202.329543	151.760057	11.11826456	347.445767	35	19.3739612	8.84502202	276.406938
2	13:47:53	7.60	96.940	30.150	16003.000	9.000	96.949110	20.3108386	203.409741	152.570275	11.17762282	349.300713	35	19.3739612	8.89224389	277.882621
2	13:48:08	7.85	96.860	30.160	16039.000	9.000	96.863075	20.2928142	203.229230	152.434880	11.16770351	348.990735	35	19.3739612	8.88435268	277.636021
2	13:48:23	8.10	96.580	30.190	16049.000	9.000	96.605517	20.2388558	202.688845	152.029557	11.13800867	348.062771	35	19.3739612	8.86072925	276.897789
2	13:48:38	8.35	96.370	30.210	16049.000	9.000	96.434266	20.2029788	202.329543	151.760057	11.11826456	347.445767	35	19.3739612	8.84502202	276.406938
2	13:48:53	8.60	96.490	30.200	16033.000	9.000	96.519846	20.2209078	202.509099	151.894735	11.12813138	347.754106	35	19.3739612	8.85287147	276.652234
2	13:49:08	8.85	97.240	30.110	16052.000	9.000	97.294166	20.3831279	204.133707	153.113295	11.21740563	350.543926	35	19.3739612	8.92389270	278.871647
2	13:49:23	9.10	95.730	30.290	16043.000	9.000	95.752881	20.0602286	200.899923	150.687751	11.03970512	344.990785	35	19.3739612	8.78252486	274.453902
2	13:49:38	9.35	96.880	30.150	16026.000	9.000	96.949110	20.3108386	203.409741	152.570275	11.17762282	349.300713	35	19.3739612	8.89224389	277.882621
2	13:49:53	9.60	96.660	30.180	16039.000	9.000	96.691279	20.2568228	202.868783	152.164521	11.14789645	348.371764	35	19.3739612	8.86859537	277.143605
2	13:50:08	9.85	96.150	30.240	16046.000	9.000	96.178070	20.1493057	201.792016	151.356877	11.08872675	346.522711	35	19.3739612	8.82152353	275.672610
2	13:50:23	10.10	96.510	30.200	16046.000	9.000	96.519846	20.2209078	202.509099	151.894735	11.12813138	347.754106	35	19.3739612	8.85287147	276.652234
2	13:50:38	10.35	95.870	30.270	16050.000	9.000	95.922687	20.0958029	201.256194	150.954977	11.05928265	345.602583	35	19.3739612	8.79809957	274.940612
2	13:50:53	10.60	96.760	30.170	16008.000	9.000	96.777131	20.2748090	203.048911	152.299629	11.15779472	348.681085	35	19.3739612	8.87646985	277.389683
2	13:51:08	10.85	96.300	30.220	16040.000	9.000	96.348777	20.1850688	202.150177	151.625521	11.10840819	347.137756	35	19.3739612	8.83718089	276.161903
2	13:51:23	11.10	96.260	30.230	16043.000	9.000	96.263378	20.1671778	201.971002	151.491128	11.09856226	346.830071	35	19.3739612	8.82934806	275.917127
2	13:51:38	11.35	96.530	30.190	16037.000	9.000	96.605517	20.2388558	202.688845	152.029557	11.13800867	348.062771	35	19.3739612	8.86072925	276.897789
2	13:51:53	11.60	97.120	30.130	16048.000	9.000	97.121455	20.3469448	203.771339	152.841496	11.19749309	349.921659	35	19.3739612	8.90805147	278.376609
2	13:52:08	11.85	95.710	30.290	16050.000	9.000	95.752881	20.0602286	200.899923	150.687751	11.03970512	344.990785	35	19.3739612	8.78252486	274.453902
2	13:52:23	12.10	96.170	30.240	16054.000	9.000	96.178070	20.1493057	201.792016	151.356877	11.08872675	346.522711	35	19.3739612	8.82152353	275.672610
2	13:52:38	12.35	96.960	30.140	16028.000	9.000	97.035237	20.3288821	203.590444	152.705813	11.18755268	349.611021	35	19.3739612	8.90014348	278.129484
2	13:52:53	12.60	96.000	30.260	16031.000	9.000	96.007724	20.1136183	201.434612	151.088802	11.06908697	345.908968	35	19.3739612	8.80589929	275.184353
2	13:53:08	12.85	96.710	30.170	16043.000	9.000	96.777131	20.2748090	203.048911	152.299629	11.15779472	348.681085	35	19.3739612	8.87646985	277.389683
2	13:53:23	13.10	96.230	30.230	16037.000	9.000	96.263378	20.1671778	201.971002	151.491128	11.09856226	346.830071	35	19.3739612	8.82934806	275.917127
2	13:53:38	13.35	96.290	30.220	16043.000	9.000	96.348777	20.1850688	202.150177	151.625521	11.10840819	347.137756	35	19.3739612	8.83718089	276.161903
2	13:53:53	13.60	96.760	30.170	16029.000	9.000	96.777131	20.2748090	203.048911	152.299629	11.15779472	348.681085	35	19.3739612	8.87646985	277.389683
2	13:54:08	13.85	96.390	30.210	16059.000	9.000	96.434266	20.2029788	202.329543	151.760057	11.11826456	347.445767	35	19.3739612	8.84502202	276.406938
2	13:54:23	14.10	96.670	30.180	16040.000	9.000	96.691279	20.2568228	202.868783	152.164521	11.14789645	348.371764	35	19.3739612	8.86859537	277.143605
2	13:54:38	14.35	96.620	30.180	16040.000	9.000	96.691279	20.2568228	202.868783	152.164521	11.14789645	348.371764	35	19.3739612	8.86859537	277.143605
2	13:54:53	14.60	96.440	30.200	16051.000	9.000	96.519846	20.2209078	202.509099	151.894735	11.12813138	347.754106	35	19.3739612	8.85287147	276.652234
2	13:55:08	14.85	96.900	30.150	16038.000	9.000	96.949110	20.3108386	203.409741	152.570275	11.17762282	349.300713	35	19.3739612	8.89224389	277.882621
2	13:55:23	15.10	96.540	30.190	16047.000	9.000	96.605517	20.2388558	202.688845	152.029557	11.13800867	348.062771	35	19.3739612	8.86072925	276.897789
2	13:55:38	15.35	96.940	30.150	16057.000	9.000	96.949110	20.3108386	203.409741	152.570275	11.17762282	349.300713	35	19.3739612	8.89224389	277.882621
2	13:55:53	15.60	96.420	30.210	16033.000	9.000	96.434266	20.2029788	202.329543	151.760057	11.11826456	347.445767	35	19.3739612	8.84502202	276.406938
2	13:56:08	15.85	96.960	30.140	16040.000	9.000	97.035237	20.3288821	203.590444	152.705813	11.18755268	349.611021	35	19.3739612	8.90014348	278.129484
2	13:56:23	16.10	96.330	30.220	16052.000	9.000	96.348777	20.1850688	202.150177	151.625521	11.10840819	347.137756	35	19.3739612	8.83718089	276.161903
2	13:56:38	16.35	95.990	30.260	16042.000	9.000	96.007724	20.1136183	201.434612	151.088802	11.06908697	345.908968	35	19.3739612	8.80589929	275.184353
2	13:56:53	16.60	96.850	30.160	16035.000	9.000	96.863075	20.2928142	203.229230	152.434880	11.16770351	348.990735	35	19.3739612	8.88435268	277.636021
2	13:57:08	16.85	97.240	30.110	16041.000	9.000	97.294166	20.3831279	204.133707	153.113295	11.21740563	350.543926	35	19.3739612	8.92389270	278.871647
2	13:57:23	17.10	96.410	30.210	16032.000	9.000	96.434266	20.2029788	202.329543	151.760057	11.11826456	347.445767	35	19.3739612	8.84502202	276.406938
2	13:57:38	17.35	96.570	30.190	16027.000	9.000	96.605517	20.2388558	202.688845	152.029557	11.13800867	348.062771	35	19.3739612	8.86072925	276.897789
2	13:57:53	17.60	96.780	30.160	16011.000	9.000	96.863075	20.2928142	203.229230	152.434880	11.16770351	348.990735	35	19.3739612	8.88435268	277.636021
2	13:58:08	17.85	95.930	30.260	16046.000	9.000	96.007724	20.1136183	201.434612	151.088802	11.06908697	345.908968	35	19.3739612	8.80589929	275.184353
2	13:58:23	18.10	96.630	30.180	16026.000	9.000	96.691279	20.2568228	202.868783	152.164521	11.14789645	348.371764	35	19.3739612	8.86859537	277.143605
2	13:58:38	18.35	96.370	30.210	16038.000	9.000	96.434266	20.2029788	202.329543	151.760057	11.11826456	347.445767	35	19.3739612	8.84502202	276.406938
2	13:58:53	18.60	96.390	30.210	16041.000	9.000	96.434266	20.2029788	202.329543	151.760057	11.11826456	347.445767	35	19.3739612	8.84502202	276.406938
2	13:59:08	18.85	96.650	30.180	16024.000	9.000	96.691279	20.2568228	202.868783	152.164521	11.14789645	348.371764	35	19.3739612	8.86859537	277.143605
2	13:59:23	19.10	96.450	30.200	16021.000	9.000	96.519846	20.2209078	202.509099	151.894735	11.12813138	347.754106	35	19.3739612	8.85287147	276.652234
2	13:59:38	19.35	96.500	30.200	16052.000	9.000	96.519846	20.2209078	202.509099	151.894735	11.12813138	347.754106	35	19.3739612	8.85287147	276.652234
2	13:59:53	19.60	96.070	30.250	16028.000	9.000	96.092852	20.1314525	201.613219	151.222768	11.07890166	346.215677	35	19.3739612	8.81370727	275.428352
2	14:00:08	19.85	95.810	30.280	16041.000	9.000	95.837739	20.0780063	201.077964	150.821293	11.04948871	345.296522	35	19.3739612	8.79030810	274.697128
2	14:00:23	20.10	96.190	30.230	16048.000	9.000	96.263378	20.1671778	201.971002	151.491128	11.09856226	346.830071	35	19.3739612	8.82934806	275.917127
2	14:00:38	20.35	96.930	30.150	16038.000	9.000	96.949110	20.3108386	203.409741	152.570275	11.17762282	349.300713	35	19.3739612	8.89224389	277.882621
2	14:00:53	20.60	96.890	30.150	16069.000	9.000	96.949110	20.3108386	203.409741	152.570275	11.17762282	349.300713	35	19.3739612	8.89224389	277.882621
