Chamber	Time/hh:mm:ss	Logtime/min	Oxy/% air sat.	Phase/°	Amp	Temp/°C	% air-sat.	% oxygen	pO2 (hPa)	pO2 (Torr)	cO2 [mg/L]	cO2 [µmol/L]	Salinity	chlorinity	SalCorcO2 [mg/L]	SalCorcO2 [µmol/L]
2	8:21:27	0.00	96.490	28.430	15607.000	18.000	96.533688	20.2238076	200.682140	150.524400	9.10270674	284.459586	35	19.3739612	7.39498101	231.093157
2	8:21:28	0.02	96.180	28.460	15616.000	18.000	96.268022	20.1681506	200.129852	150.110148	9.07765559	283.676737	35	19.3739612	7.37462962	230.457176
2	8:21:43	0.26	96.400	28.440	15609.000	18.000	96.445033	20.2052345	200.497837	150.386161	9.09434699	284.198343	35	19.3739612	7.38818961	230.880925
2	8:21:58	0.51	96.330	28.450	15593.000	18.000	96.356478	20.1866821	200.313741	150.248077	9.08599661	283.937394	35	19.3739612	7.38140581	230.668932
2	8:22:13	0.76	96.260	28.460	15582.000	18.000	96.268022	20.1681506	200.129852	150.110148	9.07765559	283.676737	35	19.3739612	7.37462962	230.457176
2	8:22:28	1.01	96.930	28.380	15585.000	18.000	96.978457	20.3169868	201.606763	151.217926	9.14464657	285.770205	35	19.3739612	7.42905266	232.157896
2	8:22:43	1.26	96.340	28.450	15576.000	18.000	96.356478	20.1866821	200.313741	150.248077	9.08599661	283.937394	35	19.3739612	7.38140581	230.668932
2	8:22:58	1.51	96.860	28.390	15586.000	18.000	96.889304	20.2983091	201.421423	151.078909	9.13623975	285.507492	35	19.3739612	7.42222302	231.944469
2	8:23:13	1.76	97.100	28.360	15570.000	18.000	97.157066	20.3544053	201.978070	151.496429	9.16148859	286.296518	35	19.3739612	7.44273501	232.585469
2	8:23:28	2.01	96.670	28.410	15547.000	18.000	96.711296	20.2610165	201.051366	150.801343	9.11945441	284.982950	35	19.3739612	7.40858672	231.518335
2	8:23:43	2.26	96.780	28.400	15549.000	18.000	96.800250	20.2796523	201.236291	150.940048	9.12784237	285.245074	35	19.3739612	7.41540104	231.731282
2	8:23:58	2.51	96.850	28.390	15566.000	18.000	96.889304	20.2983091	201.421423	151.078909	9.13623975	285.507492	35	19.3739612	7.42222302	231.944469
2	8:24:13	2.76	96.110	28.470	15559.000	18.000	96.179665	20.1496398	199.946168	149.972374	9.06932392	283.416372	35	19.3739612	7.36786102	230.245657
2	8:24:28	3.01	96.100	28.470	15542.000	18.000	96.179665	20.1496398	199.946168	149.972374	9.06932392	283.416372	35	19.3739612	7.36786102	230.245657
2	8:24:43	3.26	95.920	28.490	15554.000	18.000	96.003248	20.1126805	199.579418	149.697288	9.05268856	282.896518	35	19.3739612	7.35434657	229.823330
2	8:24:58	3.51	96.790	28.400	15544.000	18.000	96.800250	20.2796523	201.236291	150.940048	9.12784237	285.245074	35	19.3739612	7.41540104	231.731282
2	8:25:13	3.76	96.590	28.420	15562.000	18.000	96.622442	20.2424016	200.866649	150.662793	9.11107588	284.721121	35	19.3739612	7.40178005	231.305627
2	8:25:28	4.01	95.800	28.510	15527.000	18.000	95.827226	20.0758038	199.213488	149.422817	9.03609043	282.377826	35	19.3739612	7.34086235	229.401948
2	8:25:43	4.26	96.770	28.400	15562.000	18.000	96.800250	20.2796523	201.236291	150.940048	9.12784237	285.245074	35	19.3739612	7.41540104	231.731282
2	8:25:58	4.51	96.310	28.450	15551.000	18.000	96.356478	20.1866821	200.313741	150.248077	9.08599661	283.937394	35	19.3739612	7.38140581	230.668932
2	8:26:13	4.76	96.460	28.430	15541.000	18.000	96.533688	20.2238076	200.682140	150.524400	9.10270674	284.459586	35	19.3739612	7.39498101	231.093157
2	8:26:28	5.01	96.950	28.380	15547.000	18.000	96.978457	20.3169868	201.606763	151.217926	9.14464657	285.770205	35	19.3739612	7.42905266	232.157896
2	8:26:43	5.26	96.010	28.480	15519.000	18.000	96.091407	20.1311498	199.762690	149.834754	9.06100158	283.156299	35	19.3739612	7.36110001	230.034375
2	8:26:58	5.51	96.660	28.410	15519.000	18.000	96.711296	20.2610165	201.051366	150.801343	9.11945441	284.982950	35	19.3739612	7.40858672	231.518335
2	8:27:13	5.76	97.080	28.360	15510.000	18.000	97.157066	20.3544053	201.978070	151.496429	9.16148859	286.296518	35	19.3739612	7.44273501	232.585469
2	8:27:28	6.01	96.780	28.400	15508.000	18.000	96.800250	20.2796523	201.236291	150.940048	9.12784237	285.245074	35	19.3739612	7.41540104	231.731282
2	8:27:43	6.26	96.480	28.430	15502.000	18.000	96.533688	20.2238076	200.682140	150.524400	9.10270674	284.459586	35	19.3739612	7.39498101	231.093157
2	8:27:58	6.51	96.530	28.430	15520.000	18.000	96.533688	20.2238076	200.682140	150.524400	9.10270674	284.459586	35	19.3739612	7.39498101	231.093157
2	8:28:13	6.76	96.360	28.440	15549.000	18.000	96.445033	20.2052345	200.497837	150.386161	9.09434699	284.198343	35	19.3739612	7.38818961	230.880925
2	8:28:28	7.01	96.620	28.420	15517.000	18.000	96.622442	20.2424016	200.866649	150.662793	9.11107588	284.721121	35	19.3739612	7.40178005	231.305627
2	8:28:43	7.26	96.990	28.370	15516.000	18.000	97.067712	20.3356856	201.792312	151.357099	9.15306284	286.033214	35	19.3739612	7.43588999	232.371562
2	8:28:58	7.51	96.700	28.410	15529.000	18.000	96.711296	20.2610165	201.051366	150.801343	9.11945441	284.982950	35	19.3739612	7.40858672	231.518335
2	8:29:13	7.76	96.010	28.480	15517.000	18.000	96.091407	20.1311498	199.762690	149.834754	9.06100158	283.156299	35	19.3739612	7.36110001	230.034375
2	8:29:28	8.01	96.010	28.480	15529.000	18.000	96.091407	20.1311498	199.762690	149.834754	9.06100158	283.156299	35	19.3739612	7.36110001	230.034375
2	8:29:43	8.26	96.490	28.430	15516.000	18.000	96.533688	20.2238076	200.682140	150.524400	9.10270674	284.459586	35	19.3739612	7.39498101	231.093157
2	8:29:58	8.51	95.630	28.530	15507.000	18.000	95.651597	20.0390096	198.848377	149.148961	9.01952941	281.860294	35	19.3739612	7.32740829	228.981509
2	8:30:13	8.76	95.920	28.490	15514.000	18.000	96.003248	20.1126805	199.579418	149.697288	9.05268856	282.896518	35	19.3739612	7.35434657	229.823330
2	8:30:28	9.01	96.680	28.410	15505.000	18.000	96.711296	20.2610165	201.051366	150.801343	9.11945441	284.982950	35	19.3739612	7.40858672	231.518335
2	8:30:43	9.26	96.670	28.410	15532.000	18.000	96.711296	20.2610165	201.051366	150.801343	9.11945441	284.982950	35	19.3739612	7.40858672	231.518335
2	8:30:58	9.51	97.300	28.340	15501.000	18.000	97.336077	20.3919081	202.350212	151.775560	9.17836853	286.824017	35	19.3739612	7.45644817	233.014005
2	8:31:13	9.76	96.000	28.490	15483.000	18.000	96.003248	20.1126805	199.579418	149.697288	9.05268856	282.896518	35	19.3739612	7.35434657	229.823330
2	8:31:28	10.01	96.710	28.410	15499.000	18.000	96.711296	20.2610165	201.051366	150.801343	9.11945441	284.982950	35	19.3739612	7.40858672	231.518335
2	8:31:43	10.26	96.540	28.420	15498.000	18.000	96.622442	20.2424016	200.866649	150.662793	9.11107588	284.721121	35	19.3739612	7.40178005	231.305627
2	8:31:58	10.51	95.830	28.500	15489.000	18.000	95.915188	20.0942318	199.396351	149.559976	9.04438485	282.637026	35	19.3739612	7.34760068	229.612521
2	8:32:13	10.76	96.440	28.440	15530.000	18.000	96.445033	20.2052345	200.497837	150.386161	9.09434699	284.198343	35	19.3739612	7.38818961	230.880925
2	8:32:28	11.01	96.230	28.460	15516.000	18.000	96.268022	20.1681506	200.129852	150.110148	9.07765559	283.676737	35	19.3739612	7.37462962	230.457176
2	8:32:43	11.26	96.120	28.470	15506.000	18.000	96.179665	20.1496398	199.946168	149.972374	9.06932392	283.416372	35	19.3739612	7.36786102	230.245657
2	8:32:58	11.51	96.250	28.460	15494.000	18.000	96.268022	20.1681506	200.129852	150.110148	9.07765559	283.676737	35	19.3739612	7.37462962	230.457176
2	8:33:13	11.76	96.380	28.440	15489.000	18.000	96.445033	20.2052345	200.497837	150.386161	9.09434699	284.198343	35	19.3739612	7.38818961	230.880925
2	8:33:28	12.01	96.540	28.420	15502.000	18.000	96.622442	20.2424016	200.866649	150.662793	9.11107588	284.721121	35	19.3739612	7.40178005	231.305627
2	8:33:43	12.26	96.200	28.460	15466.000	18.000	96.268022	20.1681506	200.129852	150.110148	9.07765559	283.676737	35	19.3739612	7.37462962	230.457176
2	8:33:58	12.51	96.230	28.460	15494.000	18.000	96.268022	20.1681506	200.129852	150.110148	9.07765559	283.676737	35	19.3739612	7.37462962	230.457176
2	8:34:13	12.76	96.220	28.460	15492.000	18.000	96.268022	20.1681506	200.129852	150.110148	9.07765559	283.676737	35	19.3739612	7.37462962	230.457176
2	8:34:28	13.01	96.200	28.460	15499.000	18.000	96.268022	20.1681506	200.129852	150.110148	9.07765559	283.676737	35	19.3739612	7.37462962	230.457176
2	8:34:43	13.26	96.320	28.450	15458.000	18.000	96.356478	20.1866821	200.313741	150.248077	9.08599661	283.937394	35	19.3739612	7.38140581	230.668932
2	8:34:58	13.51	96.050	28.480	15489.000	18.000	96.091407	20.1311498	199.762690	149.834754	9.06100158	283.156299	35	19.3739612	7.36110001	230.034375
2	8:35:13	13.76	96.940	28.380	15471.000	18.000	96.978457	20.3169868	201.606763	151.217926	9.14464657	285.770205	35	19.3739612	7.42905266	232.157896
2	8:35:28	14.01	96.640	28.410	15495.000	18.000	96.711296	20.2610165	201.051366	150.801343	9.11945441	284.982950	35	19.3739612	7.40858672	231.518335
2	8:35:43	14.26	96.120	28.470	15482.000	18.000	96.179665	20.1496398	199.946168	149.972374	9.06932392	283.416372	35	19.3739612	7.36786102	230.245657
2	8:35:58	14.51	96.540	28.420	15477.000	18.000	96.622442	20.2424016	200.866649	150.662793	9.11107588	284.721121	35	19.3739612	7.40178005	231.305627
2	8:36:13	14.76	95.800	28.510	15476.000	18.000	95.827226	20.0758038	199.213488	149.422817	9.03609043	282.377826	35	19.3739612	7.34086235	229.401948
2	8:36:28	15.01	96.710	28.410	15464.000	18.000	96.711296	20.2610165	201.051366	150.801343	9.11945441	284.982950	35	19.3739612	7.40858672	231.518335
2	8:36:43	15.26	96.310	28.450	15477.000	18.000	96.356478	20.1866821	200.313741	150.248077	9.08599661	283.937394	35	19.3739612	7.38140581	230.668932
2	8:36:58	15.51	96.480	28.430	15470.000	18.000	96.533688	20.2238076	200.682140	150.524400	9.10270674	284.459586	35	19.3739612	7.39498101	231.093157
2	8:37:13	15.76	95.800	28.510	15474.000	18.000	95.827226	20.0758038	199.213488	149.422817	9.03609043	282.377826	35	19.3739612	7.34086235	229.401948
2	8:37:28	16.01	95.930	28.490	15470.000	18.000	96.003248	20.1126805	199.579418	149.697288	9.05268856	282.896518	35	19.3739612	7.35434657	229.823330
2	8:37:43	16.26	96.280	28.450	15459.000	18.000	96.356478	20.1866821	200.313741	150.248077	9.08599661	283.937394	35	19.3739612	7.38140581	230.668932
2	8:37:58	16.51	96.490	28.430	15469.000	18.000	96.533688	20.2238076	200.682140	150.524400	9.10270674	284.459586	35	19.3739612	7.39498101	231.093157
2	8:38:13	16.76	96.260	28.460	15466.000	18.000	96.268022	20.1681506	200.129852	150.110148	9.07765559	283.676737	35	19.3739612	7.37462962	230.457176
2	8:38:28	17.01	96.880	28.390	15474.000	18.000	96.889304	20.2983091	201.421423	151.078909	9.13623975	285.507492	35	19.3739612	7.42222302	231.944469
2	8:38:43	17.26	95.780	28.510	15464.000	18.000	95.827226	20.0758038	199.213488	149.422817	9.03609043	282.377826	35	19.3739612	7.34086235	229.401948
2	8:38:58	17.51	95.900	28.500	15446.000	18.000	95.915188	20.0942318	199.396351	149.559976	9.04438485	282.637026	35	19.3739612	7.34760068	229.612521
2	8:39:13	17.76	97.020	28.370	15458.000	18.000	97.067712	20.3356856	201.792312	151.357099	9.15306284	286.033214	35	19.3739612	7.43588999	232.371562
2	8:39:28	18.01	96.270	28.450	15473.000	18.000	96.356478	20.1866821	200.313741	150.248077	9.08599661	283.937394	35	19.3739612	7.38140581	230.668932
2	8:39:43	18.26	96.220	28.460	15445.000	18.000	96.268022	20.1681506	200.129852	150.110148	9.07765559	283.676737	35	19.3739612	7.37462962	230.457176
2	8:39:58	18.51	96.360	28.440	15447.000	18.000	96.445033	20.2052345	200.497837	150.386161	9.09434699	284.198343	35	19.3739612	7.38818961	230.880925
2	8:40:13	18.76	95.730	28.520	15428.000	18.000	95.739362	20.0573964	199.030831	149.285812	9.02780529	282.118915	35	19.3739612	7.33413155	229.191611
2	8:40:28	19.01	97.060	28.370	15442.000	18.000	97.067712	20.3356856	201.792312	151.357099	9.15306284	286.033214	35	19.3739612	7.43588999	232.371562
2	8:40:43	19.26	96.460	28.430	15419.000	18.000	96.533688	20.2238076	200.682140	150.524400	9.10270674	284.459586	35	19.3739612	7.39498101	231.093157
2	8:40:58	19.51	95.500	28.540	15415.000	18.000	95.563930	20.0206434	198.666128	149.012262	9.01126279	281.601962	35	19.3739612	7.32069254	228.771642
