Chamber	Time/hh:mm:ss	Logtime/min	Oxy/% air sat.	Phase/°	Amp	Temp/°C	% air-sat.	% oxygen	pO2 (hPa)	pO2 (Torr)	cO2 [mg/L]	cO2 [µmol/L]	Salinity	chlorinity	SalCorcO2 [mg/L]	SalCorcO2 [µmol/L]
6	9:02:05	0.00	95.010	28.600	38235.000	18.000	95.039981	19.9108759	197.576899	148.195271	8.96185664	280.058020	35	19.3739612	7.28055529	227.517353
6	9:02:09	0.07	94.840	28.620	38261.000	18.000	94.866109	19.8744499	197.215441	147.924154	8.94546135	279.545667	35	19.3739612	7.26723586	227.101121
6	9:02:23	0.32	94.990	28.600	38361.000	18.000	95.039981	19.9108759	197.576899	148.195271	8.96185664	280.058020	35	19.3739612	7.28055529	227.517353
6	9:02:38	0.56	94.760	28.630	38282.000	18.000	94.779319	19.8562674	197.035015	147.788823	8.93727741	279.289919	35	19.3739612	7.26058728	226.893352
6	9:02:53	0.82	95.370	28.560	38287.000	18.000	95.388890	19.9839724	198.302240	148.739323	8.99475726	281.086164	35	19.3739612	7.30728354	228.352611
6	9:03:08	1.07	94.570	28.650	38328.000	18.000	94.606029	19.8199631	196.674764	147.518612	8.92093688	278.779278	35	19.3739612	7.24731234	226.478511
6	9:03:23	1.32	94.060	28.710	38316.000	18.000	94.088468	19.7115341	195.598817	146.711583	8.87213317	277.254162	35	19.3739612	7.20766452	225.239516
6	9:03:38	1.57	93.730	28.750	38389.000	18.000	93.745342	19.6396492	194.885499	146.176549	8.83977789	276.243059	35	19.3739612	7.18137929	224.418103
6	9:03:53	1.82	93.600	28.760	38377.000	18.000	93.659799	19.6217279	194.707664	146.043162	8.83171151	275.990985	35	19.3739612	7.17482622	224.213319
6	9:04:08	2.07	94.560	28.650	38375.000	18.000	94.606029	19.8199631	196.674764	147.518612	8.92093688	278.779278	35	19.3739612	7.24731234	226.478511
6	9:04:23	2.31	94.710	28.630	38435.000	18.000	94.779319	19.8562674	197.035015	147.788823	8.93727741	279.289919	35	19.3739612	7.26058728	226.893352
6	9:04:38	2.57	94.050	28.710	38407.000	18.000	94.088468	19.7115341	195.598817	146.711583	8.87213317	277.254162	35	19.3739612	7.20766452	225.239516
6	9:04:53	2.82	93.510	28.770	38480.000	18.000	93.574350	19.6038264	194.530027	145.909922	8.82365409	275.739190	35	19.3739612	7.16828042	224.008763
6	9:05:08	3.07	94.360	28.670	38500.000	18.000	94.433124	19.7837396	196.315316	147.249003	8.90463274	278.269773	35	19.3739612	7.23406696	226.064592
6	9:05:23	3.32	92.740	28.860	38476.000	18.000	92.809564	19.4436037	192.940127	144.717396	8.75153809	273.485565	35	19.3739612	7.10969384	222.177932
6	9:05:38	3.57	94.430	28.670	38482.000	18.000	94.433124	19.7837396	196.315316	147.249003	8.90463274	278.269773	35	19.3739612	7.23406696	226.064592
6	9:05:53	3.81	93.900	28.730	38440.000	18.000	93.916715	19.6755517	195.241761	146.443769	8.85593755	276.748048	35	19.3739612	7.19450729	224.828353
6	9:06:08	4.07	94.060	28.710	38500.000	18.000	94.088468	19.7115341	195.598817	146.711583	8.87213317	277.254162	35	19.3739612	7.20766452	225.239516
6	9:06:23	4.31	93.660	28.750	38528.000	18.000	93.745342	19.6396492	194.885499	146.176549	8.83977789	276.243059	35	19.3739612	7.18137929	224.418103
6	9:06:38	4.57	93.140	28.820	38502.000	18.000	93.148527	19.5146165	193.644791	145.245939	8.78350084	274.484401	35	19.3739612	7.13566017	222.989380
6	9:06:53	4.82	92.370	28.910	38601.000	18.000	92.387965	19.3552788	192.063672	144.059999	8.71178315	272.243223	35	19.3739612	7.07739718	221.168662
6	9:07:08	5.07	92.980	28.830	38526.000	18.000	93.063646	19.4968338	193.468332	145.113584	8.77549687	274.234277	35	19.3739612	7.12915780	222.786181
6	9:07:23	5.32	92.310	28.910	38612.000	18.000	92.387965	19.3552788	192.063672	144.059999	8.71178315	272.243223	35	19.3739612	7.07739718	221.168662
6	9:07:38	5.57	92.420	28.900	38645.000	18.000	92.472099	19.3729047	192.238576	144.191188	8.71971656	272.491143	35	19.3739612	7.08384223	221.370070
6	9:07:53	5.82	92.570	28.880	38680.000	18.000	92.640645	19.4082151	192.588963	144.454001	8.73560972	272.987804	35	19.3739612	7.09675374	221.773554
6	9:08:08	6.06	93.080	28.820	38710.000	18.000	93.148527	19.5146165	193.644791	145.245939	8.78350084	274.484401	35	19.3739612	7.13566017	222.989380
6	9:08:23	6.32	93.380	28.790	38653.000	18.000	93.403738	19.5680831	194.175343	145.643887	8.80756606	275.236439	35	19.3739612	7.15521060	223.600331
6	9:08:38	6.57	92.660	28.870	38695.000	18.000	92.725058	19.4258996	192.764448	144.585626	8.74356950	273.236547	35	19.3739612	7.10322021	221.975631
6	9:08:53	6.81	92.050	28.950	38670.000	18.000	92.052360	19.2849694	191.365988	143.536692	8.68013702	271.254282	35	19.3739612	7.05168806	220.365252
6	9:09:08	7.07	92.580	28.880	38736.000	18.000	92.640645	19.4082151	192.588963	144.454001	8.73560972	272.987804	35	19.3739612	7.09675374	221.773554
6	9:09:23	7.32	92.010	28.950	38740.000	18.000	92.052360	19.2849694	191.365988	143.536692	8.68013702	271.254282	35	19.3739612	7.05168806	220.365252
6	9:09:38	7.56	91.730	28.980	38699.000	18.000	91.801627	19.2324408	190.844743	143.145725	8.65649395	270.515436	35	19.3739612	7.03248059	219.765018
6	9:09:53	7.81	92.950	28.840	38749.000	18.000	92.978858	19.4790708	193.292069	144.981375	8.76750176	273.984430	35	19.3739612	7.12266262	222.583207
6	9:10:08	8.07	92.470	28.900	38771.000	18.000	92.472099	19.3729047	192.238576	144.191188	8.71971656	272.491143	35	19.3739612	7.08384223	221.370070
6	9:10:23	8.32	93.280	28.800	38743.000	18.000	93.318573	19.5502411	193.998296	145.511091	8.79953542	274.985482	35	19.3739612	7.14868656	223.396455
6	9:10:38	8.57	92.720	28.870	38845.000	18.000	92.725058	19.4258996	192.764448	144.585626	8.74356950	273.236547	35	19.3739612	7.10322021	221.975631
6	9:10:53	8.81	91.840	28.970	38792.000	18.000	91.885112	19.2499310	191.018300	143.275903	8.66436628	270.761446	35	19.3739612	7.03887602	219.964875
6	9:11:08	9.06	91.700	28.990	38811.000	18.000	91.718233	19.2149698	190.671378	143.015690	8.64863030	270.269697	35	19.3739612	7.02609221	219.565381
6	9:11:23	9.32	91.620	29.000	38822.000	18.000	91.634931	19.1975181	190.498203	142.885798	8.64077531	270.024228	35	19.3739612	7.01971086	219.365964
6	9:11:38	9.57	91.660	28.990	38845.000	18.000	91.718233	19.2149698	190.671378	143.015690	8.64863030	270.269697	35	19.3739612	7.02609221	219.565381
6	9:11:53	9.82	91.220	29.040	38831.000	18.000	91.302641	19.1279032	189.807410	142.367659	8.60944175	269.045055	35	19.3739612	6.99425568	218.570490
6	9:12:08	10.07	91.810	28.970	38883.000	18.000	91.885112	19.2499310	191.018300	143.275903	8.66436628	270.761446	35	19.3739612	7.03887602	219.964875
6	9:12:23	10.32	91.800	28.980	38792.000	18.000	91.801627	19.2324408	190.844743	143.145725	8.65649395	270.515436	35	19.3739612	7.03248059	219.765018
6	9:12:38	10.57	91.340	29.030	38894.000	18.000	91.385576	19.1452782	189.979824	142.496980	8.61726221	269.289444	35	19.3739612	7.00060897	218.769030
6	9:12:53	10.82	92.070	28.940	38899.000	18.000	92.136122	19.3025177	191.540120	143.667302	8.68803545	271.501108	35	19.3739612	7.05810470	220.565772
6	9:13:08	11.06	91.950	28.960	38923.000	18.000	91.968690	19.2674406	191.192048	143.406226	8.67224730	271.007728	35	19.3739612	7.04527850	220.164953
6	9:13:23	11.32	91.810	28.970	38975.000	18.000	91.885112	19.2499310	191.018300	143.275903	8.66436628	270.761446	35	19.3739612	7.03887602	219.964875
6	9:13:38	11.57	91.900	28.960	38912.000	18.000	91.968690	19.2674406	191.192048	143.406226	8.67224730	271.007728	35	19.3739612	7.04527850	220.164953
6	9:13:53	11.81	92.130	28.940	38963.000	18.000	92.136122	19.3025177	191.540120	143.667302	8.68803545	271.501108	35	19.3739612	7.05810470	220.565772
6	9:14:08	12.07	91.880	28.970	38974.000	18.000	91.885112	19.2499310	191.018300	143.275903	8.66436628	270.761446	35	19.3739612	7.03887602	219.964875
6	9:14:23	12.32	91.810	28.970	39024.000	18.000	91.885112	19.2499310	191.018300	143.275903	8.66436628	270.761446	35	19.3739612	7.03887602	219.964875
6	9:14:38	12.57	90.860	29.090	38973.000	18.000	90.889329	19.0413145	188.948185	141.723185	8.57046827	267.827133	35	19.3739612	6.96259387	217.581058
6	9:14:53	12.82	90.850	29.090	39025.000	18.000	90.889329	19.0413145	188.948185	141.723185	8.57046827	267.827133	35	19.3739612	6.96259387	217.581058
6	9:15:08	13.07	91.480	29.010	39030.000	18.000	91.551721	19.1800856	190.325220	142.756049	8.63292897	269.779030	35	19.3739612	7.01333655	219.166767
6	9:15:23	13.32	91.040	29.070	39068.000	18.000	91.054381	19.0758929	189.291308	141.980549	8.58603195	268.313499	35	19.3739612	6.97523771	217.976178
6	9:15:38	13.57	90.470	29.140	39069.000	18.000	90.478282	18.9552001	188.093666	141.082242	8.53170833	266.615885	35	19.3739612	6.93110554	216.597048
6	9:15:53	13.82	90.980	29.070	39146.000	18.000	91.054381	19.0758929	189.291308	141.980549	8.58603195	268.313499	35	19.3739612	6.97523771	217.976178
6	9:16:08	14.06	90.600	29.120	39062.000	18.000	90.642430	18.9895892	188.434911	141.338197	8.54718678	267.099587	35	19.3739612	6.94368013	216.990004
6	9:16:23	14.31	90.080	29.180	39132.000	18.000	90.151064	18.8866480	187.413419	140.572013	8.50085311	265.651660	35	19.3739612	6.90603896	215.813717
6	9:16:38	14.57	90.550	29.130	39190.000	18.000	90.560311	18.9723852	188.264195	141.210149	8.53944331	266.857603	35	19.3739612	6.93738939	216.793418
6	9:16:53	14.82	89.820	29.220	39194.000	18.000	89.825277	18.8183956	186.736147	140.064015	8.47013282	264.691651	35	19.3739612	6.88108199	215.033812
6	9:17:08	15.07	89.480	29.260	39219.000	18.000	89.500913	18.7504413	186.061832	139.558236	8.43954669	263.735834	35	19.3739612	6.85623402	214.257313
6	9:17:23	15.32	90.280	29.160	39138.000	18.000	90.314494	18.9208865	187.753170	140.826848	8.51626381	266.133244	35	19.3739612	6.91855851	216.204953
6	9:17:38	15.57	90.470	29.140	39182.000	18.000	90.478282	18.9552001	188.093666	141.082242	8.53170833	266.615885	35	19.3739612	6.93110554	216.597048
6	9:17:53	15.82	90.200	29.170	39256.000	18.000	90.232734	18.9037579	187.583201	140.699361	8.50855424	265.892320	35	19.3739612	6.91229530	216.009228
6	9:18:08	16.06	90.870	29.090	39241.000	18.000	90.889329	19.0413145	188.948185	141.723185	8.57046827	267.827133	35	19.3739612	6.96259387	217.581058
6	9:18:23	16.32	89.760	29.220	39226.000	18.000	89.825277	18.8183956	186.736147	140.064015	8.47013282	264.691651	35	19.3739612	6.88108199	215.033812
6	9:18:38	16.57	89.680	29.230	39300.000	18.000	89.744053	18.8013792	186.567291	139.937363	8.46247374	264.452304	35	19.3739612	6.87485980	214.839369
6	9:18:53	16.82	89.080	29.310	39320.000	18.000	89.097447	18.6659151	185.223072	138.929113	8.40150155	262.546923	35	19.3739612	6.82532638	213.291449
6	9:19:08	17.07	89.980	29.200	39319.000	18.000	89.987993	18.8524844	187.074412	140.317736	8.48547615	265.171130	35	19.3739612	6.89354681	215.423338
6	9:19:23	17.31	90.150	29.170	39243.000	18.000	90.232734	18.9037579	187.583201	140.699361	8.50855424	265.892320	35	19.3739612	6.91229530	216.009228
6	9:19:38	17.57	89.600	29.240	39306.000	18.000	89.662918	18.7843813	186.398621	139.810849	8.45482303	264.213220	35	19.3739612	6.86864442	214.645138
6	9:19:53	17.81	89.820	29.220	39316.000	18.000	89.825277	18.8183956	186.736147	140.064015	8.47013282	264.691651	35	19.3739612	6.88108199	215.033812
