Chamber	Time/hh:mm:ss	Logtime/min	Oxy/% air sat.	Phase/°	Amp	Temp/°C	% air-sat.	% oxygen	pO2 (hPa)	pO2 (Torr)	cO2 [mg/L]	cO2 [µmol/L]	Salinity	chlorinity	SalCorcO2 [mg/L]	SalCorcO2 [µmol/L]
8	8:21:32	0.00	95.510	28.540	30883.000	18.000	95.563930	20.0206434	198.666128	149.012262	9.01126279	281.601962	35	19.3739612	7.32069254	228.771642
8	8:21:33	0.02	95.600	28.530	30875.000	18.000	95.651597	20.0390096	198.848377	149.148961	9.01952941	281.860294	35	19.3739612	7.32740829	228.981509
8	8:21:42	0.17	95.150	28.580	30868.000	18.000	95.214240	19.9473834	197.939164	148.466993	8.97828857	280.571518	35	19.3739612	7.29390449	227.934515
8	8:21:57	0.42	95.060	28.590	30884.000	18.000	95.127062	19.9291195	197.757930	148.331056	8.97006802	280.314626	35	19.3739612	7.28722616	227.725818
8	8:22:12	0.67	95.680	28.520	30867.000	18.000	95.739362	20.0573964	199.030831	149.285812	9.02780529	282.118915	35	19.3739612	7.33413155	229.191611
8	8:22:27	0.92	95.460	28.550	30867.000	18.000	95.476361	20.0022976	198.484082	148.875716	9.00300541	281.343919	35	19.3739612	7.31398429	228.562009
8	8:22:42	1.17	95.300	28.570	30865.000	18.000	95.301516	19.9656677	198.120601	148.603082	8.98651832	280.828697	35	19.3739612	7.30059028	228.143446
8	8:22:57	1.42	95.320	28.560	30893.000	18.000	95.388890	19.9839724	198.302240	148.739323	8.99475726	281.086164	35	19.3739612	7.30728354	228.352611
8	8:23:12	1.67	95.110	28.590	30873.000	18.000	95.127062	19.9291195	197.757930	148.331056	8.97006802	280.314626	35	19.3739612	7.28722616	227.725818
8	8:23:27	1.92	94.800	28.620	30886.000	18.000	94.866109	19.8744499	197.215441	147.924154	8.94546135	279.545667	35	19.3739612	7.26723586	227.101121
8	8:23:42	2.17	95.590	28.530	30875.000	18.000	95.651597	20.0390096	198.848377	149.148961	9.01952941	281.860294	35	19.3739612	7.32740829	228.981509
8	8:23:57	2.42	95.220	28.570	30884.000	18.000	95.301516	19.9656677	198.120601	148.603082	8.98651832	280.828697	35	19.3739612	7.30059028	228.143446
8	8:24:12	2.67	94.940	28.610	30903.000	18.000	94.952997	19.8926528	197.396069	148.059637	8.95365442	279.801701	35	19.3739612	7.27389186	227.309121
8	8:24:27	2.92	94.670	28.640	30895.000	18.000	94.692626	19.8381051	196.854789	147.653642	8.92910259	279.034456	35	19.3739612	7.25394611	226.685816
8	8:24:42	3.17	95.140	28.580	30892.000	18.000	95.214240	19.9473834	197.939164	148.466993	8.97828857	280.571518	35	19.3739612	7.29390449	227.934515
8	8:24:57	3.42	94.920	28.610	30887.000	18.000	94.952997	19.8926528	197.396069	148.059637	8.95365442	279.801701	35	19.3739612	7.27389186	227.309121
8	8:25:12	3.67	95.260	28.570	30897.000	18.000	95.301516	19.9656677	198.120601	148.603082	8.98651832	280.828697	35	19.3739612	7.30059028	228.143446
8	8:25:27	3.92	94.790	28.620	30896.000	18.000	94.866109	19.8744499	197.215441	147.924154	8.94546135	279.545667	35	19.3739612	7.26723586	227.101121
8	8:25:42	4.17	95.050	28.590	30891.000	18.000	95.127062	19.9291195	197.757930	148.331056	8.97006802	280.314626	35	19.3739612	7.28722616	227.725818
8	8:25:57	4.42	94.750	28.630	30891.000	18.000	94.779319	19.8562674	197.035015	147.788823	8.93727741	279.289919	35	19.3739612	7.26058728	226.893352
8	8:26:12	4.67	94.640	28.640	30902.000	18.000	94.692626	19.8381051	196.854789	147.653642	8.92910259	279.034456	35	19.3739612	7.25394611	226.685816
8	8:26:27	4.92	94.650	28.640	30907.000	18.000	94.692626	19.8381051	196.854789	147.653642	8.92910259	279.034456	35	19.3739612	7.25394611	226.685816
8	8:26:42	5.17	94.650	28.640	30915.000	18.000	94.692626	19.8381051	196.854789	147.653642	8.92910259	279.034456	35	19.3739612	7.25394611	226.685816
8	8:26:57	5.42	94.450	28.660	30918.000	18.000	94.519529	19.8018412	196.494940	147.383733	8.91278027	278.524383	35	19.3739612	7.24068596	226.271436
8	8:27:12	5.67	94.710	28.630	30934.000	18.000	94.779319	19.8562674	197.035015	147.788823	8.93727741	279.289919	35	19.3739612	7.26058728	226.893352
8	8:27:27	5.92	94.330	28.680	30939.000	18.000	94.346816	19.7656580	196.135892	147.114424	8.89649427	278.015446	35	19.3739612	7.22745532	225.857979
8	8:27:42	6.17	94.460	28.660	30921.000	18.000	94.519529	19.8018412	196.494940	147.383733	8.91278027	278.524383	35	19.3739612	7.24068596	226.271436
8	8:27:57	6.42	94.550	28.650	30919.000	18.000	94.606029	19.8199631	196.674764	147.518612	8.92093688	278.779278	35	19.3739612	7.24731234	226.478511
8	8:28:12	6.67	94.920	28.610	30938.000	18.000	94.952997	19.8926528	197.396069	148.059637	8.95365442	279.801701	35	19.3739612	7.27389186	227.309121
8	8:28:27	6.92	94.380	28.670	30922.000	18.000	94.433124	19.7837396	196.315316	147.249003	8.90463274	278.269773	35	19.3739612	7.23406696	226.064592
8	8:28:42	7.17	94.720	28.630	30927.000	18.000	94.779319	19.8562674	197.035015	147.788823	8.93727741	279.289919	35	19.3739612	7.26058728	226.893352
8	8:28:57	7.42	94.910	28.610	30942.000	18.000	94.952997	19.8926528	197.396069	148.059637	8.95365442	279.801701	35	19.3739612	7.27389186	227.309121
8	8:29:12	7.67	94.910	28.610	30903.000	18.000	94.952997	19.8926528	197.396069	148.059637	8.95365442	279.801701	35	19.3739612	7.27389186	227.309121
8	8:29:27	7.92	94.060	28.710	30925.000	18.000	94.088468	19.7115341	195.598817	146.711583	8.87213317	277.254162	35	19.3739612	7.20766452	225.239516
8	8:29:42	8.17	94.350	28.670	30941.000	18.000	94.433124	19.7837396	196.315316	147.249003	8.90463274	278.269773	35	19.3739612	7.23406696	226.064592
8	8:29:57	8.42	94.340	28.680	30938.000	18.000	94.346816	19.7656580	196.135892	147.114424	8.89649427	278.015446	35	19.3739612	7.22745532	225.857979
8	8:30:12	8.67	94.180	28.690	30975.000	18.000	94.260605	19.7475967	195.956668	146.979994	8.88836487	277.761402	35	19.3739612	7.22085104	225.651595
8	8:30:27	8.92	94.120	28.700	30937.000	18.000	94.174489	19.7295554	195.777643	146.845714	8.88024450	277.507641	35	19.3739612	7.21425411	225.445441
8	8:30:42	9.17	94.030	28.710	30974.000	18.000	94.088468	19.7115341	195.598817	146.711583	8.87213317	277.254162	35	19.3739612	7.20766452	225.239516
8	8:30:57	9.42	93.760	28.740	30963.000	18.000	93.830981	19.6575905	195.063531	146.310085	8.84785323	276.495413	35	19.3739612	7.18793964	224.623114
8	8:31:12	9.67	94.090	28.700	30956.000	18.000	94.174489	19.7295554	195.777643	146.845714	8.88024450	277.507641	35	19.3739612	7.21425411	225.445441
8	8:31:27	9.92	93.850	28.730	30981.000	18.000	93.916715	19.6755517	195.241761	146.443769	8.85593755	276.748048	35	19.3739612	7.19450729	224.828353
8	8:31:42	10.17	94.000	28.720	30961.000	18.000	94.002544	19.6935329	195.420190	146.577602	8.86403086	277.000964	35	19.3739612	7.20108225	225.033820
8	8:31:57	10.42	94.030	28.710	30966.000	18.000	94.088468	19.7115341	195.598817	146.711583	8.87213317	277.254162	35	19.3739612	7.20766452	225.239516
8	8:32:12	10.67	94.110	28.700	30981.000	18.000	94.174489	19.7295554	195.777643	146.845714	8.88024450	277.507641	35	19.3739612	7.21425411	225.445441
8	8:32:27	10.92	94.170	28.700	30982.000	18.000	94.174489	19.7295554	195.777643	146.845714	8.88024450	277.507641	35	19.3739612	7.21425411	225.445441
8	8:32:42	11.17	93.770	28.740	31018.000	18.000	93.830981	19.6575905	195.063531	146.310085	8.84785323	276.495413	35	19.3739612	7.18793964	224.623114
8	8:32:57	11.42	93.770	28.740	31005.000	18.000	93.830981	19.6575905	195.063531	146.310085	8.84785323	276.495413	35	19.3739612	7.18793964	224.623114
8	8:33:12	11.67	93.720	28.750	31015.000	18.000	93.745342	19.6396492	194.885499	146.176549	8.83977789	276.243059	35	19.3739612	7.18137929	224.418103
8	8:33:27	11.92	93.680	28.750	31007.000	18.000	93.745342	19.6396492	194.885499	146.176549	8.83977789	276.243059	35	19.3739612	7.18137929	224.418103
8	8:33:42	12.17	93.420	28.780	31005.000	18.000	93.488997	19.5859448	194.352587	145.776831	8.81560561	275.487675	35	19.3739612	7.16174189	223.804434
8	8:33:57	12.42	93.500	28.770	30983.000	18.000	93.574350	19.6038264	194.530027	145.909922	8.82365409	275.739190	35	19.3739612	7.16828042	224.008763
8	8:34:12	12.67	93.680	28.750	30978.000	18.000	93.745342	19.6396492	194.885499	146.176549	8.83977789	276.243059	35	19.3739612	7.18137929	224.418103
8	8:34:27	12.92	93.690	28.750	31012.000	18.000	93.745342	19.6396492	194.885499	146.176549	8.83977789	276.243059	35	19.3739612	7.18137929	224.418103
8	8:34:42	13.17	93.360	28.790	31011.000	18.000	93.403738	19.5680831	194.175343	145.643887	8.80756606	275.236439	35	19.3739612	7.15521060	223.600331
8	8:34:57	13.42	93.890	28.730	31019.000	18.000	93.916715	19.6755517	195.241761	146.443769	8.85593755	276.748048	35	19.3739612	7.19450729	224.828353
8	8:35:12	13.67	93.770	28.740	31013.000	18.000	93.830981	19.6575905	195.063531	146.310085	8.84785323	276.495413	35	19.3739612	7.18793964	224.623114
8	8:35:27	13.92	93.480	28.780	31039.000	18.000	93.488997	19.5859448	194.352587	145.776831	8.81560561	275.487675	35	19.3739612	7.16174189	223.804434
8	8:35:42	14.17	93.310	28.800	31032.000	18.000	93.318573	19.5502411	193.998296	145.511091	8.79953542	274.985482	35	19.3739612	7.14868656	223.396455
8	8:35:57	14.42	93.310	28.800	31004.000	18.000	93.318573	19.5502411	193.998296	145.511091	8.79953542	274.985482	35	19.3739612	7.14868656	223.396455
8	8:36:12	14.67	93.480	28.780	31020.000	18.000	93.488997	19.5859448	194.352587	145.776831	8.81560561	275.487675	35	19.3739612	7.16174189	223.804434
8	8:36:27	14.92	92.940	28.840	31032.000	18.000	92.978858	19.4790708	193.292069	144.981375	8.76750176	273.984430	35	19.3739612	7.12266262	222.583207
8	8:36:42	15.17	93.300	28.800	31034.000	18.000	93.318573	19.5502411	193.998296	145.511091	8.79953542	274.985482	35	19.3739612	7.14868656	223.396455
8	8:36:57	15.42	93.170	28.810	31048.000	18.000	93.233503	19.5324189	193.821446	145.378441	8.79151368	274.734803	35	19.3739612	7.14216976	223.192805
8	8:37:12	15.67	93.260	28.800	31062.000	18.000	93.318573	19.5502411	193.998296	145.511091	8.79953542	274.985482	35	19.3739612	7.14868656	223.396455
8	8:37:27	15.92	93.420	28.780	31048.000	18.000	93.488997	19.5859448	194.352587	145.776831	8.81560561	275.487675	35	19.3739612	7.16174189	223.804434
8	8:37:42	16.17	93.180	28.810	31048.000	18.000	93.233503	19.5324189	193.821446	145.378441	8.79151368	274.734803	35	19.3739612	7.14216976	223.192805
8	8:37:57	16.42	92.770	28.860	31059.000	18.000	92.809564	19.4436037	192.940127	144.717396	8.75153809	273.485565	35	19.3739612	7.10969384	222.177932
8	8:38:12	16.67	92.880	28.850	31087.000	18.000	92.894164	19.4613274	193.116000	144.849312	8.75951550	273.734860	35	19.3739612	7.11617464	222.380458
8	8:38:27	16.92	93.160	28.810	31073.000	18.000	93.233503	19.5324189	193.821446	145.378441	8.79151368	274.734803	35	19.3739612	7.14216976	223.192805
8	8:38:42	17.17	93.030	28.830	31076.000	18.000	93.063646	19.4968338	193.468332	145.113584	8.77549687	274.234277	35	19.3739612	7.12915780	222.786181
8	8:38:57	17.42	93.150	28.810	31053.000	18.000	93.233503	19.5324189	193.821446	145.378441	8.79151368	274.734803	35	19.3739612	7.14216976	223.192805
8	8:39:12	17.67	92.950	28.840	31087.000	18.000	92.978858	19.4790708	193.292069	144.981375	8.76750176	273.984430	35	19.3739612	7.12266262	222.583207
8	8:39:27	17.92	92.700	28.870	31110.000	18.000	92.725058	19.4258996	192.764448	144.585626	8.74356950	273.236547	35	19.3739612	7.10322021	221.975631
8	8:39:42	18.17	92.510	28.890	31072.000	18.000	92.556325	19.3905502	192.413673	144.322522	8.72765875	272.739336	35	19.3739612	7.09029441	221.571700
8	8:39:57	18.42	92.840	28.850	31099.000	18.000	92.894164	19.4613274	193.116000	144.849312	8.75951550	273.734860	35	19.3739612	7.11617464	222.380458
8	8:40:12	18.67	92.860	28.850	31095.000	18.000	92.894164	19.4613274	193.116000	144.849312	8.75951550	273.734860	35	19.3739612	7.11617464	222.380458
8	8:40:27	18.92	92.770	28.860	31146.000	18.000	92.809564	19.4436037	192.940127	144.717396	8.75153809	273.485565	35	19.3739612	7.10969384	222.177932
8	8:40:42	19.17	92.100	28.940	31134.000	18.000	92.136122	19.3025177	191.540120	143.667302	8.68803545	271.501108	35	19.3739612	7.05810470	220.565772
8	8:40:57	19.42	92.490	28.890	31127.000	18.000	92.556325	19.3905502	192.413673	144.322522	8.72765875	272.739336	35	19.3739612	7.09029441	221.571700
