Chamber	Time/hh:mm:ss	Logtime/min	Oxy/% air sat.	Phase/°	Amp	Temp/°C	% air-sat.	% oxygen	pO2 (hPa)	pO2 (Torr)	cO2 [mg/L]	cO2 [µmol/L]	Salinity	chlorinity	SalCorcO2 [mg/L]	SalCorcO2 [µmol/L]
4	8:21:29	0.00	95.310	28.560	26485.000	18.000	95.388890	19.9839724	198.302240	148.739323	8.99475726	281.086164	35	19.3739612	7.30728354	228.352611
4	8:21:32	0.05	95.730	28.520	26458.000	18.000	95.739362	20.0573964	199.030831	149.285812	9.02780529	282.118915	35	19.3739612	7.33413155	229.191611
4	8:21:47	0.30	95.520	28.540	26440.000	18.000	95.563930	20.0206434	198.666128	149.012262	9.01126279	281.601962	35	19.3739612	7.32069254	228.771642
4	8:22:02	0.55	95.120	28.590	26374.000	18.000	95.127062	19.9291195	197.757930	148.331056	8.97006802	280.314626	35	19.3739612	7.28722616	227.725818
4	8:22:17	0.80	95.310	28.560	26354.000	18.000	95.388890	19.9839724	198.302240	148.739323	8.99475726	281.086164	35	19.3739612	7.30728354	228.352611
4	8:22:32	1.05	95.340	28.560	26306.000	18.000	95.388890	19.9839724	198.302240	148.739323	8.99475726	281.086164	35	19.3739612	7.30728354	228.352611
4	8:22:47	1.30	95.270	28.570	26291.000	18.000	95.301516	19.9656677	198.120601	148.603082	8.98651832	280.828697	35	19.3739612	7.30059028	228.143446
4	8:23:02	1.55	94.980	28.600	26256.000	18.000	95.039981	19.9108759	197.576899	148.195271	8.96185664	280.058020	35	19.3739612	7.28055529	227.517353
4	8:23:17	1.80	95.020	28.600	26262.000	18.000	95.039981	19.9108759	197.576899	148.195271	8.96185664	280.058020	35	19.3739612	7.28055529	227.517353
4	8:23:32	2.05	95.170	28.580	26217.000	18.000	95.214240	19.9473834	197.939164	148.466993	8.97828857	280.571518	35	19.3739612	7.29390449	227.934515
4	8:23:47	2.30	94.870	28.610	26248.000	18.000	94.952997	19.8926528	197.396069	148.059637	8.95365442	279.801701	35	19.3739612	7.27389186	227.309121
4	8:24:02	2.55	95.240	28.570	26226.000	18.000	95.301516	19.9656677	198.120601	148.603082	8.98651832	280.828697	35	19.3739612	7.30059028	228.143446
4	8:24:17	2.80	94.750	28.630	26203.000	18.000	94.779319	19.8562674	197.035015	147.788823	8.93727741	279.289919	35	19.3739612	7.26058728	226.893352
4	8:24:32	3.05	95.020	28.600	26226.000	18.000	95.039981	19.9108759	197.576899	148.195271	8.96185664	280.058020	35	19.3739612	7.28055529	227.517353
4	8:24:47	3.30	95.150	28.580	26232.000	18.000	95.214240	19.9473834	197.939164	148.466993	8.97828857	280.571518	35	19.3739612	7.29390449	227.934515
4	8:25:02	3.55	94.620	28.640	26226.000	18.000	94.692626	19.8381051	196.854789	147.653642	8.92910259	279.034456	35	19.3739612	7.25394611	226.685816
4	8:25:17	3.80	94.830	28.620	26211.000	18.000	94.866109	19.8744499	197.215441	147.924154	8.94546135	279.545667	35	19.3739612	7.26723586	227.101121
4	8:25:32	4.05	94.900	28.610	26232.000	18.000	94.952997	19.8926528	197.396069	148.059637	8.95365442	279.801701	35	19.3739612	7.27389186	227.309121
4	8:25:47	4.30	94.880	28.610	26243.000	18.000	94.952997	19.8926528	197.396069	148.059637	8.95365442	279.801701	35	19.3739612	7.27389186	227.309121
4	8:26:02	4.55	94.820	28.620	26244.000	18.000	94.866109	19.8744499	197.215441	147.924154	8.94546135	279.545667	35	19.3739612	7.26723586	227.101121
4	8:26:17	4.80	94.790	28.620	26246.000	18.000	94.866109	19.8744499	197.215441	147.924154	8.94546135	279.545667	35	19.3739612	7.26723586	227.101121
4	8:26:32	5.05	94.810	28.620	26271.000	18.000	94.866109	19.8744499	197.215441	147.924154	8.94546135	279.545667	35	19.3739612	7.26723586	227.101121
4	8:26:47	5.30	94.550	28.650	26269.000	18.000	94.606029	19.8199631	196.674764	147.518612	8.92093688	278.779278	35	19.3739612	7.24731234	226.478511
4	8:27:02	5.55	94.790	28.620	26264.000	18.000	94.866109	19.8744499	197.215441	147.924154	8.94546135	279.545667	35	19.3739612	7.26723586	227.101121
4	8:27:17	5.80	94.380	28.670	26288.000	18.000	94.433124	19.7837396	196.315316	147.249003	8.90463274	278.269773	35	19.3739612	7.23406696	226.064592
4	8:27:32	6.05	94.310	28.680	26273.000	18.000	94.346816	19.7656580	196.135892	147.114424	8.89649427	278.015446	35	19.3739612	7.22745532	225.857979
4	8:27:47	6.30	94.640	28.640	26268.000	18.000	94.692626	19.8381051	196.854789	147.653642	8.92910259	279.034456	35	19.3739612	7.25394611	226.685816
4	8:28:02	6.55	94.500	28.660	26294.000	18.000	94.519529	19.8018412	196.494940	147.383733	8.91278027	278.524383	35	19.3739612	7.24068596	226.271436
4	8:28:17	6.80	94.310	28.680	26290.000	18.000	94.346816	19.7656580	196.135892	147.114424	8.89649427	278.015446	35	19.3739612	7.22745532	225.857979
4	8:28:32	7.05	93.910	28.730	26291.000	18.000	93.916715	19.6755517	195.241761	146.443769	8.85593755	276.748048	35	19.3739612	7.19450729	224.828353
4	8:28:47	7.30	94.760	28.630	26290.000	18.000	94.779319	19.8562674	197.035015	147.788823	8.93727741	279.289919	35	19.3739612	7.26058728	226.893352
4	8:29:02	7.55	94.410	28.670	26290.000	18.000	94.433124	19.7837396	196.315316	147.249003	8.90463274	278.269773	35	19.3739612	7.23406696	226.064592
4	8:29:17	7.80	94.490	28.660	26294.000	18.000	94.519529	19.8018412	196.494940	147.383733	8.91278027	278.524383	35	19.3739612	7.24068596	226.271436
4	8:29:32	8.05	94.400	28.670	26269.000	18.000	94.433124	19.7837396	196.315316	147.249003	8.90463274	278.269773	35	19.3739612	7.23406696	226.064592
4	8:29:47	8.30	94.370	28.670	26255.000	18.000	94.433124	19.7837396	196.315316	147.249003	8.90463274	278.269773	35	19.3739612	7.23406696	226.064592
4	8:30:02	8.55	94.200	28.690	26310.000	18.000	94.260605	19.7475967	195.956668	146.979994	8.88836487	277.761402	35	19.3739612	7.22085104	225.651595
4	8:30:17	8.80	93.920	28.720	26270.000	18.000	94.002544	19.6935329	195.420190	146.577602	8.86403086	277.000964	35	19.3739612	7.20108225	225.033820
4	8:30:32	9.05	94.260	28.690	26337.000	18.000	94.260605	19.7475967	195.956668	146.979994	8.88836487	277.761402	35	19.3739612	7.22085104	225.651595
4	8:30:47	9.30	93.670	28.750	26331.000	18.000	93.745342	19.6396492	194.885499	146.176549	8.83977789	276.243059	35	19.3739612	7.18137929	224.418103
4	8:31:02	9.55	93.940	28.720	26348.000	18.000	94.002544	19.6935329	195.420190	146.577602	8.86403086	277.000964	35	19.3739612	7.20108225	225.033820
4	8:31:17	9.80	93.820	28.740	26337.000	18.000	93.830981	19.6575905	195.063531	146.310085	8.84785323	276.495413	35	19.3739612	7.18793964	224.623114
4	8:31:32	10.05	93.550	28.770	26364.000	18.000	93.574350	19.6038264	194.530027	145.909922	8.82365409	275.739190	35	19.3739612	7.16828042	224.008763
4	8:31:47	10.30	93.970	28.720	26325.000	18.000	94.002544	19.6935329	195.420190	146.577602	8.86403086	277.000964	35	19.3739612	7.20108225	225.033820
4	8:32:02	10.55	94.090	28.700	26350.000	18.000	94.174489	19.7295554	195.777643	146.845714	8.88024450	277.507641	35	19.3739612	7.21425411	225.445441
4	8:32:17	10.80	93.990	28.720	26361.000	18.000	94.002544	19.6935329	195.420190	146.577602	8.86403086	277.000964	35	19.3739612	7.20108225	225.033820
4	8:32:32	11.05	93.760	28.740	26327.000	18.000	93.830981	19.6575905	195.063531	146.310085	8.84785323	276.495413	35	19.3739612	7.18793964	224.623114
4	8:32:47	11.30	93.560	28.770	26380.000	18.000	93.574350	19.6038264	194.530027	145.909922	8.82365409	275.739190	35	19.3739612	7.16828042	224.008763
4	8:33:02	11.55	93.450	28.780	26370.000	18.000	93.488997	19.5859448	194.352587	145.776831	8.81560561	275.487675	35	19.3739612	7.16174189	223.804434
4	8:33:17	11.80	93.110	28.820	26359.000	18.000	93.148527	19.5146165	193.644791	145.245939	8.78350084	274.484401	35	19.3739612	7.13566017	222.989380
4	8:33:32	12.05	93.270	28.800	26384.000	18.000	93.318573	19.5502411	193.998296	145.511091	8.79953542	274.985482	35	19.3739612	7.14868656	223.396455
4	8:33:47	12.30	93.690	28.750	26393.000	18.000	93.745342	19.6396492	194.885499	146.176549	8.83977789	276.243059	35	19.3739612	7.18137929	224.418103
4	8:34:02	12.55	93.340	28.790	26353.000	18.000	93.403738	19.5680831	194.175343	145.643887	8.80756606	275.236439	35	19.3739612	7.15521060	223.600331
4	8:34:17	12.80	93.650	28.760	26375.000	18.000	93.659799	19.6217279	194.707664	146.043162	8.83171151	275.990985	35	19.3739612	7.17482622	224.213319
4	8:34:32	13.05	93.460	28.780	26382.000	18.000	93.488997	19.5859448	194.352587	145.776831	8.81560561	275.487675	35	19.3739612	7.16174189	223.804434
4	8:34:47	13.30	92.990	28.830	26360.000	18.000	93.063646	19.4968338	193.468332	145.113584	8.77549687	274.234277	35	19.3739612	7.12915780	222.786181
4	8:35:02	13.55	93.480	28.780	26372.000	18.000	93.488997	19.5859448	194.352587	145.776831	8.81560561	275.487675	35	19.3739612	7.16174189	223.804434
4	8:35:17	13.80	93.570	28.770	26394.000	18.000	93.574350	19.6038264	194.530027	145.909922	8.82365409	275.739190	35	19.3739612	7.16828042	224.008763
4	8:35:32	14.05	93.140	28.820	26399.000	18.000	93.148527	19.5146165	193.644791	145.245939	8.78350084	274.484401	35	19.3739612	7.13566017	222.989380
4	8:35:47	14.30	93.400	28.790	26381.000	18.000	93.403738	19.5680831	194.175343	145.643887	8.80756606	275.236439	35	19.3739612	7.15521060	223.600331
4	8:36:02	14.55	93.630	28.760	26377.000	18.000	93.659799	19.6217279	194.707664	146.043162	8.83171151	275.990985	35	19.3739612	7.17482622	224.213319
4	8:36:17	14.80	92.940	28.840	26381.000	18.000	92.978858	19.4790708	193.292069	144.981375	8.76750176	273.984430	35	19.3739612	7.12266262	222.583207
4	8:36:32	15.05	93.010	28.830	26363.000	18.000	93.063646	19.4968338	193.468332	145.113584	8.77549687	274.234277	35	19.3739612	7.12915780	222.786181
4	8:36:47	15.30	92.980	28.830	26376.000	18.000	93.063646	19.4968338	193.468332	145.113584	8.77549687	274.234277	35	19.3739612	7.12915780	222.786181
4	8:37:02	15.55	92.990	28.830	26357.000	18.000	93.063646	19.4968338	193.468332	145.113584	8.77549687	274.234277	35	19.3739612	7.12915780	222.786181
4	8:37:17	15.80	92.970	28.840	26361.000	18.000	92.978858	19.4790708	193.292069	144.981375	8.76750176	273.984430	35	19.3739612	7.12266262	222.583207
4	8:37:32	16.05	92.860	28.850	26373.000	18.000	92.894164	19.4613274	193.116000	144.849312	8.75951550	273.734860	35	19.3739612	7.11617464	222.380458
4	8:37:47	16.30	93.030	28.830	26354.000	18.000	93.063646	19.4968338	193.468332	145.113584	8.77549687	274.234277	35	19.3739612	7.12915780	222.786181
4	8:38:02	16.55	93.130	28.820	26348.000	18.000	93.148527	19.5146165	193.644791	145.245939	8.78350084	274.484401	35	19.3739612	7.13566017	222.989380
4	8:38:17	16.80	92.880	28.850	26342.000	18.000	92.894164	19.4613274	193.116000	144.849312	8.75951550	273.734860	35	19.3739612	7.11617464	222.380458
4	8:38:32	17.05	92.720	28.870	26368.000	18.000	92.725058	19.4258996	192.764448	144.585626	8.74356950	273.236547	35	19.3739612	7.10322021	221.975631
4	8:38:47	17.30	93.140	28.820	26351.000	18.000	93.148527	19.5146165	193.644791	145.245939	8.78350084	274.484401	35	19.3739612	7.13566017	222.989380
4	8:39:02	17.55	92.720	28.870	26362.000	18.000	92.725058	19.4258996	192.764448	144.585626	8.74356950	273.236547	35	19.3739612	7.10322021	221.975631
4	8:39:17	17.80	92.940	28.840	26344.000	18.000	92.978858	19.4790708	193.292069	144.981375	8.76750176	273.984430	35	19.3739612	7.12266262	222.583207
4	8:39:32	18.05	92.830	28.850	26350.000	18.000	92.894164	19.4613274	193.116000	144.849312	8.75951550	273.734860	35	19.3739612	7.11617464	222.380458
4	8:39:47	18.30	92.790	28.860	26364.000	18.000	92.809564	19.4436037	192.940127	144.717396	8.75153809	273.485565	35	19.3739612	7.10969384	222.177932
4	8:40:02	18.55	92.400	28.900	26379.000	18.000	92.472099	19.3729047	192.238576	144.191188	8.71971656	272.491143	35	19.3739612	7.08384223	221.370070
4	8:40:17	18.80	92.430	28.900	26351.000	18.000	92.472099	19.3729047	192.238576	144.191188	8.71971656	272.491143	35	19.3739612	7.08384223	221.370070
4	8:40:32	19.05	92.220	28.920	26375.000	18.000	92.303925	19.3376723	191.888962	143.928956	8.70385850	271.995578	35	19.3739612	7.07095925	220.967476
4	8:40:47	19.30	92.360	28.910	26381.000	18.000	92.387965	19.3552788	192.063672	144.059999	8.71178315	272.243223	35	19.3739612	7.07739718	221.168662
4	8:41:02	19.55	92.540	28.890	26397.000	18.000	92.556325	19.3905502	192.413673	144.322522	8.72765875	272.739336	35	19.3739612	7.09029441	221.571700
