Chamber	Time/hh:mm:ss	Logtime/min	Oxy/% air sat.	Phase/°	Amp	Temp/°C	% air-sat.	% oxygen	pO2 (hPa)	pO2 (Torr)	cO2 [mg/L]	cO2 [µmol/L]	Salinity	chlorinity	SalCorcO2 [mg/L]	SalCorcO2 [µmol/L]
9	11:56:43	0.00	94.870	29.780	35753.000	12.000	94.903588	19.8823017	198.611122	148.971004	10.19500792	318.593997	35	19.3739612	8.17040766	255.325239
9	11:56:48	0.10	94.750	29.790	35741.000	12.000	94.818761	19.8645304	198.433598	148.837850	10.18589535	318.309230	35	19.3739612	8.16310474	255.097023
9	11:57:03	0.35	94.920	29.770	35741.000	12.000	94.988507	19.9000922	198.788836	149.104301	10.20413028	318.879071	35	19.3739612	8.17771844	255.553701
9	11:57:18	0.60	94.860	29.780	35744.000	12.000	94.903588	19.8823017	198.611122	148.971004	10.19500792	318.593997	35	19.3739612	8.17040766	255.325239
9	11:57:33	0.85	94.970	29.770	35735.000	12.000	94.988507	19.9000922	198.788836	149.104301	10.20413028	318.879071	35	19.3739612	8.17771844	255.553701
9	11:57:48	1.10	95.640	29.690	35722.000	12.000	95.671154	20.0431067	200.217458	150.175858	10.27746357	321.170737	35	19.3739612	8.23648866	257.390271
9	11:58:03	1.35	94.980	29.770	35744.000	12.000	94.988507	19.9000922	198.788836	149.104301	10.20413028	318.879071	35	19.3739612	8.17771844	255.553701
9	11:58:18	1.60	95.380	29.720	35736.000	12.000	95.414472	19.9893319	199.680283	149.772943	10.24988955	320.309048	35	19.3739612	8.21439050	256.699703
9	11:58:33	1.85	95.290	29.730	35729.000	12.000	95.329096	19.9714455	199.501609	149.638926	10.24071799	320.022437	35	19.3739612	8.20704029	256.470009
9	11:58:48	2.10	95.550	29.700	35746.000	12.000	95.585501	20.0251625	200.038207	150.041408	10.26826233	320.883198	35	19.3739612	8.22911467	257.159833
9	11:59:03	2.35	95.370	29.720	35711.000	12.000	95.414472	19.9893319	199.680283	149.772943	10.24988955	320.309048	35	19.3739612	8.21439050	256.699703
9	11:59:18	2.60	95.170	29.740	35733.000	12.000	95.243811	19.9535784	199.323129	149.505054	10.23155630	319.736134	35	19.3739612	8.19969800	256.240562
9	11:59:33	2.85	95.550	29.700	35717.000	12.000	95.585501	20.0251625	200.038207	150.041408	10.26826233	320.883198	35	19.3739612	8.22911467	257.159833
9	11:59:48	3.10	95.520	29.700	35743.000	12.000	95.585501	20.0251625	200.038207	150.041408	10.26826233	320.883198	35	19.3739612	8.22911467	257.159833
9	12:00:03	3.35	95.300	29.730	35719.000	12.000	95.329096	19.9714455	199.501609	149.638926	10.24071799	320.022437	35	19.3739612	8.20704029	256.470009
9	12:00:18	3.60	95.260	29.730	35716.000	12.000	95.329096	19.9714455	199.501609	149.638926	10.24071799	320.022437	35	19.3739612	8.20704029	256.470009
9	12:00:33	3.85	95.410	29.720	35702.000	12.000	95.414472	19.9893319	199.680283	149.772943	10.24988955	320.309048	35	19.3739612	8.21439050	256.699703
9	12:00:48	4.10	95.790	29.670	35711.000	12.000	95.842737	20.0790533	200.576541	150.445193	10.29589583	321.746745	35	19.3739612	8.25126051	257.851891
9	12:01:03	4.35	95.570	29.700	35705.000	12.000	95.585501	20.0251625	200.038207	150.041408	10.26826233	320.883198	35	19.3739612	8.22911467	257.159833
9	12:01:18	4.60	95.200	29.740	35707.000	12.000	95.243811	19.9535784	199.323129	149.505054	10.23155630	319.736134	35	19.3739612	8.19969800	256.240562
9	12:01:33	4.85	95.610	29.690	35699.000	12.000	95.671154	20.0431067	200.217458	150.175858	10.27746357	321.170737	35	19.3739612	8.23648866	257.390271
9	12:01:48	5.10	95.420	29.710	35704.000	12.000	95.499940	20.0072375	199.859148	149.907103	10.25907099	320.595968	35	19.3739612	8.22174862	256.929644
9	12:02:03	5.35	95.490	29.710	35705.000	12.000	95.499940	20.0072375	199.859148	149.907103	10.25907099	320.595968	35	19.3739612	8.22174862	256.929644
9	12:02:18	5.60	95.610	29.690	35708.000	12.000	95.671154	20.0431067	200.217458	150.175858	10.27746357	321.170737	35	19.3739612	8.23648866	257.390271
9	12:02:33	5.85	95.250	29.730	35694.000	12.000	95.329096	19.9714455	199.501609	149.638926	10.24071799	320.022437	35	19.3739612	8.20704029	256.470009
9	12:02:48	6.10	95.920	29.660	35711.000	12.000	95.928667	20.0970557	200.756373	150.580079	10.30512688	322.035215	35	19.3739612	8.25865839	258.083075
9	12:03:03	6.35	95.820	29.670	35711.000	12.000	95.842737	20.0790533	200.576541	150.445193	10.29589583	321.746745	35	19.3739612	8.25126051	257.851891
9	12:03:18	6.60	95.780	29.670	35721.000	12.000	95.842737	20.0790533	200.576541	150.445193	10.29589583	321.746745	35	19.3739612	8.25126051	257.851891
9	12:03:33	6.85	95.910	29.660	35681.000	12.000	95.928667	20.0970557	200.756373	150.580079	10.30512688	322.035215	35	19.3739612	8.25865839	258.083075
9	12:03:48	7.10	95.690	29.680	35727.000	12.000	95.756899	20.0610703	200.396903	150.310453	10.28667473	321.458585	35	19.3739612	8.24387060	257.620956
9	12:04:03	7.35	95.730	29.680	35722.000	12.000	95.756899	20.0610703	200.396903	150.310453	10.28667473	321.458585	35	19.3739612	8.24387060	257.620956
9	12:04:18	7.60	95.730	29.680	35692.000	12.000	95.756899	20.0610703	200.396903	150.310453	10.28667473	321.458585	35	19.3739612	8.24387060	257.620956
9	12:04:33	7.85	95.690	29.680	35708.000	12.000	95.756899	20.0610703	200.396903	150.310453	10.28667473	321.458585	35	19.3739612	8.24387060	257.620956
9	12:04:48	8.10	95.980	29.650	35687.000	12.000	96.014690	20.1150775	200.936399	150.715110	10.31436790	322.323997	35	19.3739612	8.26606426	258.314508
9	12:05:03	8.35	95.680	29.680	35689.000	12.000	95.756899	20.0610703	200.396903	150.310453	10.28667473	321.458585	35	19.3739612	8.24387060	257.620956
9	12:05:18	8.60	95.610	29.690	35715.000	12.000	95.671154	20.0431067	200.217458	150.175858	10.27746357	321.170737	35	19.3739612	8.23648866	257.390271
9	12:05:33	8.85	95.690	29.680	35715.000	12.000	95.756899	20.0610703	200.396903	150.310453	10.28667473	321.458585	35	19.3739612	8.24387060	257.620956
9	12:05:48	9.10	95.430	29.710	35726.000	12.000	95.499940	20.0072375	199.859148	149.907103	10.25907099	320.595968	35	19.3739612	8.22174862	256.929644
9	12:06:03	9.35	95.580	29.700	35667.000	12.000	95.585501	20.0251625	200.038207	150.041408	10.26826233	320.883198	35	19.3739612	8.22911467	257.159833
9	12:06:18	9.60	95.770	29.670	35684.000	12.000	95.842737	20.0790533	200.576541	150.445193	10.29589583	321.746745	35	19.3739612	8.25126051	257.851891
9	12:06:33	9.85	95.920	29.660	35697.000	12.000	95.928667	20.0970557	200.756373	150.580079	10.30512688	322.035215	35	19.3739612	8.25865839	258.083075
9	12:06:48	10.10	95.360	29.720	35689.000	12.000	95.414472	19.9893319	199.680283	149.772943	10.24988955	320.309048	35	19.3739612	8.21439050	256.699703
9	12:07:03	10.35	95.300	29.730	35698.000	12.000	95.329096	19.9714455	199.501609	149.638926	10.24071799	320.022437	35	19.3739612	8.20704029	256.470009
9	12:07:18	10.60	95.570	29.700	35707.000	12.000	95.585501	20.0251625	200.038207	150.041408	10.26826233	320.883198	35	19.3739612	8.22911467	257.159833
9	12:07:33	10.85	95.970	29.650	35667.000	12.000	96.014690	20.1150775	200.936399	150.715110	10.31436790	322.323997	35	19.3739612	8.26606426	258.314508
9	12:07:48	11.10	95.920	29.660	35695.000	12.000	95.928667	20.0970557	200.756373	150.580079	10.30512688	322.035215	35	19.3739612	8.25865839	258.083075
9	12:08:03	11.35	95.450	29.710	35701.000	12.000	95.499940	20.0072375	199.859148	149.907103	10.25907099	320.595968	35	19.3739612	8.22174862	256.929644
9	12:08:18	11.60	95.780	29.670	35693.000	12.000	95.842737	20.0790533	200.576541	150.445193	10.29589583	321.746745	35	19.3739612	8.25126051	257.851891
9	12:08:33	11.85	95.630	29.690	35701.000	12.000	95.671154	20.0431067	200.217458	150.175858	10.27746357	321.170737	35	19.3739612	8.23648866	257.390271
9	12:08:48	12.10	95.970	29.650	35691.000	12.000	96.014690	20.1150775	200.936399	150.715110	10.31436790	322.323997	35	19.3739612	8.26606426	258.314508
9	12:09:03	12.35	95.750	29.680	35683.000	12.000	95.756899	20.0610703	200.396903	150.310453	10.28667473	321.458585	35	19.3739612	8.24387060	257.620956
9	12:09:18	12.60	95.700	29.680	35691.000	12.000	95.756899	20.0610703	200.396903	150.310453	10.28667473	321.458585	35	19.3739612	8.24387060	257.620956
9	12:09:33	12.85	95.440	29.710	35682.000	12.000	95.499940	20.0072375	199.859148	149.907103	10.25907099	320.595968	35	19.3739612	8.22174862	256.929644
9	12:09:48	13.10	95.490	29.710	35656.000	12.000	95.499940	20.0072375	199.859148	149.907103	10.25907099	320.595968	35	19.3739612	8.22174862	256.929644
9	12:10:03	13.35	95.530	29.700	35692.000	12.000	95.585501	20.0251625	200.038207	150.041408	10.26826233	320.883198	35	19.3739612	8.22911467	257.159833
9	12:10:18	13.60	95.610	29.690	35677.000	12.000	95.671154	20.0431067	200.217458	150.175858	10.27746357	321.170737	35	19.3739612	8.23648866	257.390271
9	12:10:33	13.85	95.550	29.700	35683.000	12.000	95.585501	20.0251625	200.038207	150.041408	10.26826233	320.883198	35	19.3739612	8.22911467	257.159833
9	12:10:48	14.10	95.530	29.700	35667.000	12.000	95.585501	20.0251625	200.038207	150.041408	10.26826233	320.883198	35	19.3739612	8.22911467	257.159833
9	12:11:03	14.35	95.310	29.730	35678.000	12.000	95.329096	19.9714455	199.501609	149.638926	10.24071799	320.022437	35	19.3739612	8.20704029	256.470009
9	12:11:18	14.60	95.660	29.690	35659.000	12.000	95.671154	20.0431067	200.217458	150.175858	10.27746357	321.170737	35	19.3739612	8.23648866	257.390271
9	12:11:33	14.85	95.660	29.690	35702.000	12.000	95.671154	20.0431067	200.217458	150.175858	10.27746357	321.170737	35	19.3739612	8.23648866	257.390271
9	12:11:48	15.10	95.680	29.680	35671.000	12.000	95.756899	20.0610703	200.396903	150.310453	10.28667473	321.458585	35	19.3739612	8.24387060	257.620956
9	12:12:03	15.35	95.560	29.700	35715.000	12.000	95.585501	20.0251625	200.038207	150.041408	10.26826233	320.883198	35	19.3739612	8.22911467	257.159833
9	12:12:18	15.60	95.160	29.740	35677.000	12.000	95.243811	19.9535784	199.323129	149.505054	10.23155630	319.736134	35	19.3739612	8.19969800	256.240562
9	12:12:33	15.85	95.440	29.710	35679.000	12.000	95.499940	20.0072375	199.859148	149.907103	10.25907099	320.595968	35	19.3739612	8.22174862	256.929644
9	12:12:48	16.10	95.320	29.730	35694.000	12.000	95.329096	19.9714455	199.501609	149.638926	10.24071799	320.022437	35	19.3739612	8.20704029	256.470009
9	12:13:03	16.35	95.780	29.670	35668.000	12.000	95.842737	20.0790533	200.576541	150.445193	10.29589583	321.746745	35	19.3739612	8.25126051	257.851891
9	12:13:18	16.60	95.660	29.690	35667.000	12.000	95.671154	20.0431067	200.217458	150.175858	10.27746357	321.170737	35	19.3739612	8.23648866	257.390271
9	12:13:33	16.85	95.520	29.700	35681.000	12.000	95.585501	20.0251625	200.038207	150.041408	10.26826233	320.883198	35	19.3739612	8.22911467	257.159833
9	12:13:48	17.10	95.690	29.680	35682.000	12.000	95.756899	20.0610703	200.396903	150.310453	10.28667473	321.458585	35	19.3739612	8.24387060	257.620956
9	12:14:03	17.35	95.740	29.680	35677.000	12.000	95.756899	20.0610703	200.396903	150.310453	10.28667473	321.458585	35	19.3739612	8.24387060	257.620956
9	12:14:18	17.60	95.390	29.720	35721.000	12.000	95.414472	19.9893319	199.680283	149.772943	10.24988955	320.309048	35	19.3739612	8.21439050	256.699703
9	12:14:33	17.85	95.170	29.740	35697.000	12.000	95.243811	19.9535784	199.323129	149.505054	10.23155630	319.736134	35	19.3739612	8.19969800	256.240562
9	12:14:48	18.10	95.670	29.680	35690.000	12.000	95.756899	20.0610703	200.396903	150.310453	10.28667473	321.458585	35	19.3739612	8.24387060	257.620956
9	12:15:03	18.35	95.560	29.700	35698.000	12.000	95.585501	20.0251625	200.038207	150.041408	10.26826233	320.883198	35	19.3739612	8.22911467	257.159833
9	12:15:18	18.60	95.490	29.710	35727.000	12.000	95.499940	20.0072375	199.859148	149.907103	10.25907099	320.595968	35	19.3739612	8.22174862	256.929644
9	12:15:33	18.85	95.460	29.710	35686.000	12.000	95.499940	20.0072375	199.859148	149.907103	10.25907099	320.595968	35	19.3739612	8.22174862	256.929644
9	12:15:48	19.10	95.400	29.720	35696.000	12.000	95.414472	19.9893319	199.680283	149.772943	10.24988955	320.309048	35	19.3739612	8.21439050	256.699703
9	12:16:03	19.35	95.940	29.650	35666.000	12.000	96.014690	20.1150775	200.936399	150.715110	10.31436790	322.323997	35	19.3739612	8.26606426	258.314508
9	12:16:18	19.60	95.780	29.670	35703.000	12.000	95.842737	20.0790533	200.576541	150.445193	10.29589583	321.746745	35	19.3739612	8.25126051	257.851891
9	12:16:33	19.85	95.530	29.700	35694.000	12.000	95.585501	20.0251625	200.038207	150.041408	10.26826233	320.883198	35	19.3739612	8.22911467	257.159833
9	12:16:48	20.10	95.280	29.730	35689.000	12.000	95.329096	19.9714455	199.501609	149.638926	10.24071799	320.022437	35	19.3739612	8.20704029	256.470009
9	12:17:03	20.35	95.730	29.680	35727.000	12.000	95.756899	20.0610703	200.396903	150.310453	10.28667473	321.458585	35	19.3739612	8.24387060	257.620956
9	12:17:18	20.60	95.740	29.680	35716.000	12.000	95.756899	20.0610703	200.396903	150.310453	10.28667473	321.458585	35	19.3739612	8.24387060	257.620956
9	12:17:33	20.85	95.280	29.730	35717.000	12.000	95.329096	19.9714455	199.501609	149.638926	10.24071799	320.022437	35	19.3739612	8.20704029	256.470009
9	12:17:48	21.10	95.260	29.730	35696.000	12.000	95.329096	19.9714455	199.501609	149.638926	10.24071799	320.022437	35	19.3739612	8.20704029	256.470009
9	12:18:03	21.35	95.260	29.730	35700.000	12.000	95.329096	19.9714455	199.501609	149.638926	10.24071799	320.022437	35	19.3739612	8.20704029	256.470009
9	12:18:18	21.60	95.850	29.660	35688.000	12.000	95.928667	20.0970557	200.756373	150.580079	10.30512688	322.035215	35	19.3739612	8.25865839	258.083075
9	12:18:33	21.85	95.630	29.690	35676.000	12.000	95.671154	20.0431067	200.217458	150.175858	10.27746357	321.170737	35	19.3739612	8.23648866	257.390271
9	12:18:48	22.10	96.250	29.620	35585.000	12.000	96.273317	20.1692599	201.477645	151.121079	10.34215086	323.192214	35	19.3739612	8.28832987	259.010308
9	12:19:03	22.35	96.030	29.640	35595.000	12.000	96.100806	20.1331188	201.116620	150.850287	10.32361889	322.613090	35	19.3739612	8.27347812	258.546191
9	12:19:18	22.60	95.940	29.650	35589.000	12.000	96.014690	20.1150775	200.936399	150.715110	10.31436790	322.323997	35	19.3739612	8.26606426	258.314508
9	12:19:33	22.85	96.410	29.600	35501.000	12.000	96.446201	20.2054791	201.839451	151.392457	10.36072291	323.772591	35	19.3739612	8.30321374	259.475430
9	12:19:48	23.10	96.100	29.640	35535.000	12.000	96.100806	20.1331188	201.116620	150.850287	10.32361889	322.613090	35	19.3739612	8.27347812	258.546191
9	12:20:03	23.35	96.500	29.590	35488.000	12.000	96.532783	20.2236180	202.020647	151.528365	10.37002400	324.063250	35	19.3739612	8.31066775	259.708367
9	12:20:18	23.60	96.260	29.620	35425.000	12.000	96.273317	20.1692599	201.477645	151.121079	10.34215086	323.192214	35	19.3739612	8.28832987	259.010308
9	12:20:33	23.85	97.050	29.530	35445.000	12.000	97.054248	20.3328650	203.111952	152.346914	10.42604231	325.813822	35	19.3739612	8.35556154	261.111298
9	12:20:48	24.10	97.000	29.530	35444.000	12.000	97.054248	20.3328650	203.111952	152.346914	10.42604231	325.813822	35	19.3739612	8.35556154	261.111298
9	12:21:03	24.35	97.110	29.520	35367.000	12.000	97.141489	20.3511419	203.294526	152.483856	10.43541413	326.106692	35	19.3739612	8.36307223	261.346007
9	12:21:18	24.60	97.430	29.480	35395.000	12.000	97.491398	20.4244479	204.026806	153.033112	10.47300314	327.281348	35	19.3739612	8.39319653	262.287392
9	12:21:33	24.85	96.980	29.530	35374.000	12.000	97.054248	20.3328650	203.111952	152.346914	10.42604231	325.813822	35	19.3739612	8.35556154	261.111298
9	12:21:48	25.10	97.150	29.510	35395.000	12.000	97.228824	20.3694386	203.477299	152.620947	10.44479611	326.399878	35	19.3739612	8.37059106	261.580971
9	12:22:03	25.35	97.570	29.470	35370.000	12.000	97.579113	20.4428242	204.210373	153.170799	10.48242590	327.575809	35	19.3739612	8.40074805	262.523377
9	12:22:18	25.60	97.100	29.520	35382.000	12.000	97.141489	20.3511419	203.294526	152.483856	10.43541413	326.106692	35	19.3739612	8.36307223	261.346007
9	12:22:33	25.85	97.350	29.490	35408.000	12.000	97.403779	20.4060916	203.843438	152.895575	10.46359060	326.987206	35	19.3739612	8.38565320	262.051663
9	12:22:48	26.10	96.860	29.550	35388.000	12.000	96.880050	20.2963705	202.747396	152.073473	10.40732911	325.229035	35	19.3739612	8.34056454	260.642642
9	12:23:03	26.35	96.800	29.550	35430.000	12.000	96.880050	20.2963705	202.747396	152.073473	10.40732911	325.229035	35	19.3739612	8.34056454	260.642642
9	12:23:18	26.60	97.050	29.530	35394.000	12.000	97.054248	20.3328650	203.111952	152.346914	10.42604231	325.813822	35	19.3739612	8.35556154	261.111298
9	12:23:33	26.85	96.800	29.550	35406.000	12.000	96.880050	20.2963705	202.747396	152.073473	10.40732911	325.229035	35	19.3739612	8.34056454	260.642642
9	12:23:48	27.10	97.450	29.480	35390.000	12.000	97.491398	20.4244479	204.026806	153.033112	10.47300314	327.281348	35	19.3739612	8.39319653	262.287392
9	12:24:03	27.35	97.160	29.510	35394.000	12.000	97.228824	20.3694386	203.477299	152.620947	10.44479611	326.399878	35	19.3739612	8.37059106	261.580971
9	12:24:18	27.60	97.120	29.520	35390.000	12.000	97.141489	20.3511419	203.294526	152.483856	10.43541413	326.106692	35	19.3739612	8.36307223	261.346007
9	12:24:33	27.85	97.340	29.490	35344.000	12.000	97.403779	20.4060916	203.843438	152.895575	10.46359060	326.987206	35	19.3739612	8.38565320	262.051663
9	12:24:48	28.10	97.350	29.490	35317.000	12.000	97.403779	20.4060916	203.843438	152.895575	10.46359060	326.987206	35	19.3739612	8.38565320	262.051663
9	12:25:03	28.35	97.630	29.460	35326.000	12.000	97.666923	20.4612204	204.394139	153.308635	10.49185889	327.870590	35	19.3739612	8.40830777	262.759618
9	12:25:18	28.60	97.430	29.480	35300.000	12.000	97.491398	20.4244479	204.026806	153.033112	10.47300314	327.281348	35	19.3739612	8.39319653	262.287392
9	12:25:33	28.85	97.490	29.480	35299.000	12.000	97.491398	20.4244479	204.026806	153.033112	10.47300314	327.281348	35	19.3739612	8.39319653	262.287392
9	12:25:48	29.10	97.230	29.500	35293.000	12.000	97.316254	20.3877552	203.660269	152.758186	10.45418826	326.693383	35	19.3739612	8.37811805	261.816189
9	12:26:03	29.35	97.570	29.470	35328.000	12.000	97.579113	20.4428242	204.210373	153.170799	10.48242590	327.575809	35	19.3739612	8.40074805	262.523377
9	12:26:18	29.60	97.400	29.490	35296.000	12.000	97.403779	20.4060916	203.843438	152.895575	10.46359060	326.987206	35	19.3739612	8.38565320	262.051663
9	12:26:33	29.85	97.780	29.440	35303.000	12.000	97.842830	20.4980728	204.762270	153.584757	10.51075563	328.461113	35	19.3739612	8.42345185	263.232870
9	12:26:48	30.10	97.240	29.500	35355.000	12.000	97.316254	20.3877552	203.660269	152.758186	10.45418826	326.693383	35	19.3739612	8.37811805	261.816189
9	12:27:03	30.35	97.420	29.480	35339.000	12.000	97.491398	20.4244479	204.026806	153.033112	10.47300314	327.281348	35	19.3739612	8.39319653	262.287392
9	12:27:18	30.60	97.030	29.530	35336.000	12.000	97.054248	20.3328650	203.111952	152.346914	10.42604231	325.813822	35	19.3739612	8.35556154	261.111298
9	12:27:33	30.85	97.130	29.520	35333.000	12.000	97.141489	20.3511419	203.294526	152.483856	10.43541413	326.106692	35	19.3739612	8.36307223	261.346007
9	12:27:48	31.10	96.670	29.570	35334.000	12.000	96.706229	20.2599549	202.383629	151.800625	10.38865637	324.645512	35	19.3739612	8.32559997	260.174999
9	12:28:03	31.35	97.020	29.530	35359.000	12.000	97.054248	20.3328650	203.111952	152.346914	10.42604231	325.813822	35	19.3739612	8.35556154	261.111298
9	12:28:18	31.60	96.890	29.540	35356.000	12.000	96.967102	20.3146078	202.929575	152.210119	10.41668065	325.521270	35	19.3739612	8.34805898	260.876843
9	12:28:33	31.85	96.590	29.580	35319.000	12.000	96.619459	20.2417767	202.202040	151.664421	10.37933515	324.354223	35	19.3739612	8.31812983	259.941557
9	12:28:48	32.10	97.040	29.530	35349.000	12.000	97.054248	20.3328650	203.111952	152.346914	10.42604231	325.813822	35	19.3739612	8.35556154	261.111298
9	12:29:03	32.35	96.760	29.560	35459.000	12.000	96.793092	20.2781528	202.565414	151.936975	10.39798769	324.937115	35	19.3739612	8.33307821	260.408694
