Chamber	Time/hh:mm:ss	Logtime/min	Oxy/% air sat.	Phase/°	Amp	Temp/°C	% air-sat.	% oxygen	pO2 (hPa)	pO2 (Torr)	cO2 [mg/L]	cO2 [µmol/L]	Salinity	chlorinity	SalCorcO2 [mg/L]	SalCorcO2 [µmol/L]
8	11:56:42	0.00	94.600	29.810	31884.000	12.000	94.649379	19.8290450	198.079122	148.571970	10.16769956	317.740611	35	19.3739612	8.14852240	254.641325
8	11:56:47	0.08	94.750	29.790	31904.000	12.000	94.818761	19.8645304	198.433598	148.837850	10.18589535	318.309230	35	19.3739612	8.16310474	255.097023
8	11:57:02	0.33	94.530	29.820	31867.000	12.000	94.564825	19.8113308	197.902169	148.439244	10.15861631	317.456760	35	19.3739612	8.14124297	254.413843
8	11:57:16	0.57	94.430	29.830	31886.000	12.000	94.480361	19.7936357	197.725406	148.306661	10.14954280	317.173212	35	19.3739612	8.13397134	254.186605
8	11:57:32	0.83	94.650	29.800	31885.000	12.000	94.734025	19.8467782	198.256265	148.704838	10.17679257	318.024768	35	19.3739612	8.15580965	254.869052
8	11:57:47	1.08	94.710	29.800	31873.000	12.000	94.734025	19.8467782	198.256265	148.704838	10.17679257	318.024768	35	19.3739612	8.15580965	254.869052
8	11:58:01	1.33	94.690	29.800	31955.000	12.000	94.734025	19.8467782	198.256265	148.704838	10.17679257	318.024768	35	19.3739612	8.15580965	254.869052
8	11:58:17	1.58	94.400	29.830	31868.000	12.000	94.480361	19.7936357	197.725406	148.306661	10.14954280	317.173212	35	19.3739612	8.13397134	254.186605
8	11:58:32	1.83	94.750	29.790	31890.000	12.000	94.818761	19.8645304	198.433598	148.837850	10.18589535	318.309230	35	19.3739612	8.16310474	255.097023
8	11:58:47	2.08	94.420	29.830	31866.000	12.000	94.480361	19.7936357	197.725406	148.306661	10.14954280	317.173212	35	19.3739612	8.13397134	254.186605
8	11:59:01	2.33	94.400	29.830	31857.000	12.000	94.480361	19.7936357	197.725406	148.306661	10.14954280	317.173212	35	19.3739612	8.13397134	254.186605
8	11:59:17	2.58	94.760	29.790	31876.000	12.000	94.818761	19.8645304	198.433598	148.837850	10.18589535	318.309230	35	19.3739612	8.16310474	255.097023
8	11:59:32	2.83	94.640	29.810	31886.000	12.000	94.649379	19.8290450	198.079122	148.571970	10.16769956	317.740611	35	19.3739612	8.14852240	254.641325
8	11:59:46	3.08	95.050	29.760	31850.000	12.000	95.073517	19.9179017	198.966742	149.237742	10.21326246	319.164452	35	19.3739612	8.18503708	255.782409
8	12:00:02	3.33	94.640	29.810	31883.000	12.000	94.649379	19.8290450	198.079122	148.571970	10.16769956	317.740611	35	19.3739612	8.14852240	254.641325
8	12:00:17	3.58	94.440	29.830	31868.000	12.000	94.480361	19.7936357	197.725406	148.306661	10.14954280	317.173212	35	19.3739612	8.13397134	254.186605
8	12:00:31	3.82	94.260	29.850	31874.000	12.000	94.311705	19.7583023	197.372449	148.041920	10.13142496	316.607030	35	19.3739612	8.11945148	253.732859
8	12:00:46	4.08	94.700	29.800	31858.000	12.000	94.734025	19.8467782	198.256265	148.704838	10.17679257	318.024768	35	19.3739612	8.15580965	254.869052
8	12:01:01	4.33	94.530	29.820	31845.000	12.000	94.564825	19.8113308	197.902169	148.439244	10.15861631	317.456760	35	19.3739612	8.14124297	254.413843
8	12:01:17	4.58	94.380	29.840	31820.000	12.000	94.395988	19.7759595	197.548833	148.174219	10.14047902	316.889969	35	19.3739612	8.12670752	253.959610
8	12:01:31	4.82	94.610	29.810	31851.000	12.000	94.649379	19.8290450	198.079122	148.571970	10.16769956	317.740611	35	19.3739612	8.14852240	254.641325
8	12:01:47	5.08	94.870	29.780	31854.000	12.000	94.903588	19.8823017	198.611122	148.971004	10.19500792	318.593997	35	19.3739612	8.17040766	255.325239
8	12:02:01	5.33	94.170	29.860	31832.000	12.000	94.227513	19.7406640	197.196253	147.909762	10.12238060	316.324394	35	19.3739612	8.11220321	253.506350
8	12:02:17	5.58	94.820	29.780	31837.000	12.000	94.903588	19.8823017	198.611122	148.971004	10.19500792	318.593997	35	19.3739612	8.17040766	255.325239
8	12:02:31	5.83	95.370	29.720	31877.000	12.000	95.414472	19.9893319	199.680283	149.772943	10.24988955	320.309048	35	19.3739612	8.21439050	256.699703
8	12:02:47	6.08	94.990	29.760	31833.000	12.000	95.073517	19.9179017	198.966742	149.237742	10.21326246	319.164452	35	19.3739612	8.18503708	255.782409
8	12:03:01	6.32	94.660	29.800	31846.000	12.000	94.734025	19.8467782	198.256265	148.704838	10.17679257	318.024768	35	19.3739612	8.15580965	254.869052
8	12:03:17	6.58	94.740	29.790	31837.000	12.000	94.818761	19.8645304	198.433598	148.837850	10.18589535	318.309230	35	19.3739612	8.16310474	255.097023
8	12:03:32	6.83	94.820	29.780	31835.000	12.000	94.903588	19.8823017	198.611122	148.971004	10.19500792	318.593997	35	19.3739612	8.17040766	255.325239
8	12:03:46	7.07	94.470	29.830	31871.000	12.000	94.480361	19.7936357	197.725406	148.306661	10.14954280	317.173212	35	19.3739612	8.13397134	254.186605
8	12:04:02	7.33	94.590	29.810	31834.000	12.000	94.649379	19.8290450	198.079122	148.571970	10.16769956	317.740611	35	19.3739612	8.14852240	254.641325
8	12:04:17	7.58	94.860	29.780	31839.000	12.000	94.903588	19.8823017	198.611122	148.971004	10.19500792	318.593997	35	19.3739612	8.17040766	255.325239
8	12:04:32	7.83	94.610	29.810	31847.000	12.000	94.649379	19.8290450	198.079122	148.571970	10.16769956	317.740611	35	19.3739612	8.14852240	254.641325
8	12:04:46	8.07	94.550	29.820	31851.000	12.000	94.564825	19.8113308	197.902169	148.439244	10.15861631	317.456760	35	19.3739612	8.14124297	254.413843
8	12:05:02	8.33	94.750	29.790	31851.000	12.000	94.818761	19.8645304	198.433598	148.837850	10.18589535	318.309230	35	19.3739612	8.16310474	255.097023
8	12:05:16	8.57	94.700	29.800	31855.000	12.000	94.734025	19.8467782	198.256265	148.704838	10.17679257	318.024768	35	19.3739612	8.15580965	254.869052
8	12:05:31	8.83	94.970	29.770	31850.000	12.000	94.988507	19.9000922	198.788836	149.104301	10.20413028	318.879071	35	19.3739612	8.17771844	255.553701
8	12:05:47	9.08	95.270	29.730	31838.000	12.000	95.329096	19.9714455	199.501609	149.638926	10.24071799	320.022437	35	19.3739612	8.20704029	256.470009
8	12:06:02	9.33	95.070	29.760	31861.000	12.000	95.073517	19.9179017	198.966742	149.237742	10.21326246	319.164452	35	19.3739612	8.18503708	255.782409
8	12:06:17	9.58	94.320	29.840	31847.000	12.000	94.395988	19.7759595	197.548833	148.174219	10.14047902	316.889969	35	19.3739612	8.12670752	253.959610
8	12:06:32	9.83	94.880	29.780	31850.000	12.000	94.903588	19.8823017	198.611122	148.971004	10.19500792	318.593997	35	19.3739612	8.17040766	255.325239
8	12:06:46	10.07	94.590	29.810	31848.000	12.000	94.649379	19.8290450	198.079122	148.571970	10.16769956	317.740611	35	19.3739612	8.14852240	254.641325
8	12:07:02	10.33	94.720	29.800	31885.000	12.000	94.734025	19.8467782	198.256265	148.704838	10.17679257	318.024768	35	19.3739612	8.15580965	254.869052
8	12:07:16	10.57	95.170	29.740	31835.000	12.000	95.243811	19.9535784	199.323129	149.505054	10.23155630	319.736134	35	19.3739612	8.19969800	256.240562
8	12:07:32	10.83	94.500	29.820	31863.000	12.000	94.564825	19.8113308	197.902169	148.439244	10.15861631	317.456760	35	19.3739612	8.14124297	254.413843
8	12:07:46	11.08	94.600	29.810	31856.000	12.000	94.649379	19.8290450	198.079122	148.571970	10.16769956	317.740611	35	19.3739612	8.14852240	254.641325
8	12:08:02	11.33	94.800	29.790	31837.000	12.000	94.818761	19.8645304	198.433598	148.837850	10.18589535	318.309230	35	19.3739612	8.16310474	255.097023
8	12:08:17	11.58	94.840	29.780	31855.000	12.000	94.903588	19.8823017	198.611122	148.971004	10.19500792	318.593997	35	19.3739612	8.17040766	255.325239
8	12:08:31	11.82	95.320	29.730	31849.000	12.000	95.329096	19.9714455	199.501609	149.638926	10.24071799	320.022437	35	19.3739612	8.20704029	256.470009
8	12:08:47	12.08	94.700	29.800	31847.000	12.000	94.734025	19.8467782	198.256265	148.704838	10.17679257	318.024768	35	19.3739612	8.15580965	254.869052
8	12:09:02	12.33	94.490	29.820	31870.000	12.000	94.564825	19.8113308	197.902169	148.439244	10.15861631	317.456760	35	19.3739612	8.14124297	254.413843
8	12:09:16	12.58	94.420	29.830	31835.000	12.000	94.480361	19.7936357	197.725406	148.306661	10.14954280	317.173212	35	19.3739612	8.13397134	254.186605
8	12:09:31	12.83	94.550	29.820	31851.000	12.000	94.564825	19.8113308	197.902169	148.439244	10.15861631	317.456760	35	19.3739612	8.14124297	254.413843
8	12:09:46	13.07	95.270	29.730	31848.000	12.000	95.329096	19.9714455	199.501609	149.638926	10.24071799	320.022437	35	19.3739612	8.20704029	256.470009
8	12:10:01	13.33	94.270	29.850	31846.000	12.000	94.311705	19.7583023	197.372449	148.041920	10.13142496	316.607030	35	19.3739612	8.11945148	253.732859
8	12:10:17	13.58	94.590	29.810	31855.000	12.000	94.649379	19.8290450	198.079122	148.571970	10.16769956	317.740611	35	19.3739612	8.14852240	254.641325
8	12:10:31	13.82	94.490	29.820	31868.000	12.000	94.564825	19.8113308	197.902169	148.439244	10.15861631	317.456760	35	19.3739612	8.14124297	254.413843
8	12:10:47	14.08	94.480	29.820	31848.000	12.000	94.564825	19.8113308	197.902169	148.439244	10.15861631	317.456760	35	19.3739612	8.14124297	254.413843
8	12:11:02	14.33	94.850	29.780	31860.000	12.000	94.903588	19.8823017	198.611122	148.971004	10.19500792	318.593997	35	19.3739612	8.17040766	255.325239
8	12:11:16	14.58	94.370	29.840	31887.000	12.000	94.395988	19.7759595	197.548833	148.174219	10.14047902	316.889969	35	19.3739612	8.12670752	253.959610
8	12:11:31	14.83	94.590	29.810	31898.000	12.000	94.649379	19.8290450	198.079122	148.571970	10.16769956	317.740611	35	19.3739612	8.14852240	254.641325
8	12:11:47	15.08	95.010	29.760	31892.000	12.000	95.073517	19.9179017	198.966742	149.237742	10.21326246	319.164452	35	19.3739612	8.18503708	255.782409
8	12:12:01	15.33	94.770	29.790	31866.000	12.000	94.818761	19.8645304	198.433598	148.837850	10.18589535	318.309230	35	19.3739612	8.16310474	255.097023
8	12:12:16	15.57	95.040	29.760	31874.000	12.000	95.073517	19.9179017	198.966742	149.237742	10.21326246	319.164452	35	19.3739612	8.18503708	255.782409
8	12:12:31	15.82	94.650	29.800	31896.000	12.000	94.734025	19.8467782	198.256265	148.704838	10.17679257	318.024768	35	19.3739612	8.15580965	254.869052
8	12:12:46	16.08	94.810	29.790	31903.000	12.000	94.818761	19.8645304	198.433598	148.837850	10.18589535	318.309230	35	19.3739612	8.16310474	255.097023
8	12:13:02	16.33	94.550	29.820	31877.000	12.000	94.564825	19.8113308	197.902169	148.439244	10.15861631	317.456760	35	19.3739612	8.14124297	254.413843
8	12:13:17	16.58	94.500	29.820	31878.000	12.000	94.564825	19.8113308	197.902169	148.439244	10.15861631	317.456760	35	19.3739612	8.14124297	254.413843
8	12:13:32	16.83	94.960	29.770	31855.000	12.000	94.988507	19.9000922	198.788836	149.104301	10.20413028	318.879071	35	19.3739612	8.17771844	255.553701
8	12:13:46	17.07	94.680	29.800	31878.000	12.000	94.734025	19.8467782	198.256265	148.704838	10.17679257	318.024768	35	19.3739612	8.15580965	254.869052
8	12:14:02	17.33	94.530	29.820	31877.000	12.000	94.564825	19.8113308	197.902169	148.439244	10.15861631	317.456760	35	19.3739612	8.14124297	254.413843
8	12:14:17	17.58	94.500	29.820	31884.000	12.000	94.564825	19.8113308	197.902169	148.439244	10.15861631	317.456760	35	19.3739612	8.14124297	254.413843
8	12:14:32	17.83	94.640	29.810	31896.000	12.000	94.649379	19.8290450	198.079122	148.571970	10.16769956	317.740611	35	19.3739612	8.14852240	254.641325
8	12:14:46	18.07	94.340	29.840	31885.000	12.000	94.395988	19.7759595	197.548833	148.174219	10.14047902	316.889969	35	19.3739612	8.12670752	253.959610
8	12:15:02	18.33	94.900	29.780	31917.000	12.000	94.903588	19.8823017	198.611122	148.971004	10.19500792	318.593997	35	19.3739612	8.17040766	255.325239
8	12:15:16	18.57	94.320	29.840	31896.000	12.000	94.395988	19.7759595	197.548833	148.174219	10.14047902	316.889969	35	19.3739612	8.12670752	253.959610
8	12:15:32	18.83	94.480	29.830	31874.000	12.000	94.480361	19.7936357	197.725406	148.306661	10.14954280	317.173212	35	19.3739612	8.13397134	254.186605
8	12:15:47	19.08	94.440	29.830	31897.000	12.000	94.480361	19.7936357	197.725406	148.306661	10.14954280	317.173212	35	19.3739612	8.13397134	254.186605
8	12:16:02	19.33	94.400	29.830	31900.000	12.000	94.480361	19.7936357	197.725406	148.306661	10.14954280	317.173212	35	19.3739612	8.13397134	254.186605
8	12:16:17	19.58	94.730	29.800	31896.000	12.000	94.734025	19.8467782	198.256265	148.704838	10.17679257	318.024768	35	19.3739612	8.15580965	254.869052
8	12:16:32	19.83	94.750	29.790	31897.000	12.000	94.818761	19.8645304	198.433598	148.837850	10.18589535	318.309230	35	19.3739612	8.16310474	255.097023
8	12:16:46	20.08	94.540	29.820	31928.000	12.000	94.564825	19.8113308	197.902169	148.439244	10.15861631	317.456760	35	19.3739612	8.14124297	254.413843
8	12:17:01	20.32	94.810	29.790	31929.000	12.000	94.818761	19.8645304	198.433598	148.837850	10.18589535	318.309230	35	19.3739612	8.16310474	255.097023
8	12:17:16	20.58	94.490	29.820	31915.000	12.000	94.564825	19.8113308	197.902169	148.439244	10.15861631	317.456760	35	19.3739612	8.14124297	254.413843
8	12:17:31	20.82	94.400	29.830	31983.000	12.000	94.480361	19.7936357	197.725406	148.306661	10.14954280	317.173212	35	19.3739612	8.13397134	254.186605
8	12:17:46	21.07	94.480	29.820	31907.000	12.000	94.564825	19.8113308	197.902169	148.439244	10.15861631	317.456760	35	19.3739612	8.14124297	254.413843
8	12:18:02	21.33	94.580	29.810	31868.000	12.000	94.649379	19.8290450	198.079122	148.571970	10.16769956	317.740611	35	19.3739612	8.14852240	254.641325
8	12:18:16	21.57	94.700	29.800	31870.000	12.000	94.734025	19.8467782	198.256265	148.704838	10.17679257	318.024768	35	19.3739612	8.15580965	254.869052
8	12:18:32	21.83	94.860	29.780	31810.000	12.000	94.903588	19.8823017	198.611122	148.971004	10.19500792	318.593997	35	19.3739612	8.17040766	255.325239
8	12:18:47	22.08	95.030	29.760	31795.000	12.000	95.073517	19.9179017	198.966742	149.237742	10.21326246	319.164452	35	19.3739612	8.18503708	255.782409
8	12:19:02	22.33	95.510	29.700	31776.000	12.000	95.585501	20.0251625	200.038207	150.041408	10.26826233	320.883198	35	19.3739612	8.22911467	257.159833
8	12:19:16	22.57	95.010	29.760	31736.000	12.000	95.073517	19.9179017	198.966742	149.237742	10.21326246	319.164452	35	19.3739612	8.18503708	255.782409
8	12:19:31	22.83	95.550	29.700	31714.000	12.000	95.585501	20.0251625	200.038207	150.041408	10.26826233	320.883198	35	19.3739612	8.22911467	257.159833
8	12:19:47	23.08	95.470	29.710	31664.000	12.000	95.499940	20.0072375	199.859148	149.907103	10.25907099	320.595968	35	19.3739612	8.22174862	256.929644
8	12:20:02	23.33	95.950	29.650	31613.000	12.000	96.014690	20.1150775	200.936399	150.715110	10.31436790	322.323997	35	19.3739612	8.26606426	258.314508
8	12:20:17	23.58	96.100	29.640	31624.000	12.000	96.100806	20.1331188	201.116620	150.850287	10.32361889	322.613090	35	19.3739612	8.27347812	258.546191
8	12:20:32	23.83	96.080	29.640	31587.000	12.000	96.100806	20.1331188	201.116620	150.850287	10.32361889	322.613090	35	19.3739612	8.27347812	258.546191
8	12:20:47	24.08	96.230	29.620	31575.000	12.000	96.273317	20.1692599	201.477645	151.121079	10.34215086	323.192214	35	19.3739612	8.28832987	259.010308
8	12:21:02	24.33	96.830	29.550	31567.000	12.000	96.880050	20.2963705	202.747396	152.073473	10.40732911	325.229035	35	19.3739612	8.34056454	260.642642
8	12:21:16	24.57	96.320	29.610	31525.000	12.000	96.359712	20.1873597	201.658450	151.256694	10.35143187	323.482246	35	19.3739612	8.29576779	259.242743
8	12:21:31	24.82	96.720	29.560	31541.000	12.000	96.793092	20.2781528	202.565414	151.936975	10.39798769	324.937115	35	19.3739612	8.33307821	260.408694
8	12:21:46	25.08	96.490	29.590	31553.000	12.000	96.532783	20.2236180	202.020647	151.528365	10.37002400	324.063250	35	19.3739612	8.31066775	259.708367
8	12:22:01	25.33	96.380	29.600	31550.000	12.000	96.446201	20.2054791	201.839451	151.392457	10.36072291	323.772591	35	19.3739612	8.30321374	259.475430
8	12:22:17	25.58	96.940	29.540	31566.000	12.000	96.967102	20.3146078	202.929575	152.210119	10.41668065	325.521270	35	19.3739612	8.34805898	260.876843
8	12:22:32	25.83	95.980	29.650	31549.000	12.000	96.014690	20.1150775	200.936399	150.715110	10.31436790	322.323997	35	19.3739612	8.26606426	258.314508
8	12:22:46	26.08	95.970	29.650	31599.000	12.000	96.014690	20.1150775	200.936399	150.715110	10.31436790	322.323997	35	19.3739612	8.26606426	258.314508
8	12:23:02	26.33	96.480	29.590	31576.000	12.000	96.532783	20.2236180	202.020647	151.528365	10.37002400	324.063250	35	19.3739612	8.31066775	259.708367
8	12:23:17	26.58	95.820	29.670	31589.000	12.000	95.842737	20.0790533	200.576541	150.445193	10.29589583	321.746745	35	19.3739612	8.25126051	257.851891
8	12:23:31	26.83	96.100	29.640	31602.000	12.000	96.100806	20.1331188	201.116620	150.850287	10.32361889	322.613090	35	19.3739612	8.27347812	258.546191
8	12:23:47	27.08	96.380	29.600	31606.000	12.000	96.446201	20.2054791	201.839451	151.392457	10.36072291	323.772591	35	19.3739612	8.30321374	259.475430
8	12:24:02	27.33	96.300	29.610	31560.000	12.000	96.359712	20.1873597	201.658450	151.256694	10.35143187	323.482246	35	19.3739612	8.29576779	259.242743
8	12:24:16	27.58	96.210	29.620	31574.000	12.000	96.273317	20.1692599	201.477645	151.121079	10.34215086	323.192214	35	19.3739612	8.28832987	259.010308
8	12:24:32	27.83	96.630	29.570	31545.000	12.000	96.706229	20.2599549	202.383629	151.800625	10.38865637	324.645512	35	19.3739612	8.32559997	260.174999
8	12:24:47	28.08	96.420	29.600	31538.000	12.000	96.446201	20.2054791	201.839451	151.392457	10.36072291	323.772591	35	19.3739612	8.30321374	259.475430
8	12:25:02	28.33	96.280	29.610	31534.000	12.000	96.359712	20.1873597	201.658450	151.256694	10.35143187	323.482246	35	19.3739612	8.29576779	259.242743
8	12:25:17	28.58	96.790	29.560	31518.000	12.000	96.793092	20.2781528	202.565414	151.936975	10.39798769	324.937115	35	19.3739612	8.33307821	260.408694
8	12:25:31	28.83	96.940	29.540	31485.000	12.000	96.967102	20.3146078	202.929575	152.210119	10.41668065	325.521270	35	19.3739612	8.34805898	260.876843
8	12:25:47	29.08	96.520	29.590	31526.000	12.000	96.532783	20.2236180	202.020647	151.528365	10.37002400	324.063250	35	19.3739612	8.31066775	259.708367
8	12:26:01	29.32	96.550	29.580	31494.000	12.000	96.619459	20.2417767	202.202040	151.664421	10.37933515	324.354223	35	19.3739612	8.31812983	259.941557
8	12:26:17	29.58	96.480	29.590	31541.000	12.000	96.532783	20.2236180	202.020647	151.528365	10.37002400	324.063250	35	19.3739612	8.31066775	259.708367
8	12:26:32	29.83	96.650	29.570	31542.000	12.000	96.706229	20.2599549	202.383629	151.800625	10.38865637	324.645512	35	19.3739612	8.32559997	260.174999
8	12:26:46	30.08	96.390	29.600	31583.000	12.000	96.446201	20.2054791	201.839451	151.392457	10.36072291	323.772591	35	19.3739612	8.30321374	259.475430
8	12:27:01	30.33	96.440	29.600	31574.000	12.000	96.446201	20.2054791	201.839451	151.392457	10.36072291	323.772591	35	19.3739612	8.30321374	259.475430
8	12:27:16	30.58	96.560	29.580	31568.000	12.000	96.619459	20.2417767	202.202040	151.664421	10.37933515	324.354223	35	19.3739612	8.31812983	259.941557
8	12:27:32	30.83	96.550	29.580	31596.000	12.000	96.619459	20.2417767	202.202040	151.664421	10.37933515	324.354223	35	19.3739612	8.31812983	259.941557
8	12:27:46	31.08	95.940	29.650	31570.000	12.000	96.014690	20.1150775	200.936399	150.715110	10.31436790	322.323997	35	19.3739612	8.26606426	258.314508
8	12:28:02	31.33	96.270	29.620	31619.000	12.000	96.273317	20.1692599	201.477645	151.121079	10.34215086	323.192214	35	19.3739612	8.28832987	259.010308
8	12:28:17	31.58	95.980	29.650	31599.000	12.000	96.014690	20.1150775	200.936399	150.715110	10.31436790	322.323997	35	19.3739612	8.26606426	258.314508
8	12:28:32	31.83	96.130	29.630	31544.000	12.000	96.187015	20.1511796	201.297035	150.985610	10.33287987	322.902496	35	19.3739612	8.28089998	258.778125
8	12:28:47	32.08	96.480	29.590	31832.000	12.000	96.532783	20.2236180	202.020647	151.528365	10.37002400	324.063250	35	19.3739612	8.31066775	259.708367
8	12:29:02	32.33	96.770	29.560	31603.000	12.000	96.793092	20.2781528	202.565414	151.936975	10.39798769	324.937115	35	19.3739612	8.33307821	260.408694
8	12:29:16	32.58	96.720	29.560	31634.000	12.000	96.793092	20.2781528	202.565414	151.936975	10.39798769	324.937115	35	19.3739612	8.33307821	260.408694
