Chamber	Time/hh:mm:ss	Logtime/min	Oxy/% air sat.	Phase/°	Amp	Temp/°C	% air-sat.	% oxygen	pO2 (hPa)	pO2 (Torr)	cO2 [mg/L]	cO2 [µmol/L]	Salinity	chlorinity	SalCorcO2 [mg/L]	SalCorcO2 [µmol/L]
9	10:39:00	0.00	96.290	29.020	34366.000	15.000	96.365042	20.1884764	201.057145	150.805677	9.68129663	302.540520	35	19.3739612	7.81522832	244.225885
9	10:39:07	0.12	96.140	29.040	34347.000	15.000	96.190302	20.1518682	200.692564	150.532219	9.66374134	301.991917	35	19.3739612	7.80105681	243.783025
9	10:39:22	0.37	96.210	29.030	34351.000	15.000	96.277624	20.1701622	200.874755	150.668873	9.67251416	302.266067	35	19.3739612	7.80813866	244.004333
9	10:39:37	0.62	96.400	29.010	34338.000	15.000	96.452557	20.2068107	201.239737	150.942633	9.69008878	302.815274	35	19.3739612	7.82232578	244.447681
9	10:39:52	0.87	96.200	29.030	34364.000	15.000	96.277624	20.1701622	200.874755	150.668873	9.67251416	302.266067	35	19.3739612	7.80813866	244.004333
9	10:40:07	1.12	96.300	29.020	34356.000	15.000	96.365042	20.1884764	201.057145	150.805677	9.68129663	302.540520	35	19.3739612	7.81522832	244.225885
9	10:40:22	1.37	96.090	29.050	34348.000	15.000	96.103075	20.1335943	200.510575	150.395715	9.65497818	301.718068	35	19.3739612	7.79398274	243.561961
9	10:40:37	1.62	95.910	29.070	34380.000	15.000	95.928911	20.0971068	200.147195	150.123157	9.63748073	301.171273	35	19.3739612	7.77985793	243.120560
9	10:40:52	1.87	96.890	28.960	34380.000	15.000	96.891580	20.2987860	202.155720	151.629678	9.73419515	304.193599	35	19.3739612	7.85793066	245.560333
9	10:41:07	2.12	95.720	29.090	34359.000	15.000	95.755128	20.0606993	199.784613	149.851197	9.62002172	300.625679	35	19.3739612	7.76576413	242.680129
9	10:41:22	2.37	96.540	29.000	34408.000	15.000	96.540168	20.2251652	201.422530	151.079739	9.69889062	303.090332	35	19.3739612	7.82943107	244.669721
9	10:41:37	2.62	96.120	29.040	34366.000	15.000	96.190302	20.1518682	200.692564	150.532219	9.66374134	301.991917	35	19.3739612	7.80105681	243.783025
9	10:41:52	2.87	96.040	29.050	34397.000	15.000	96.103075	20.1335943	200.510575	150.395715	9.65497818	301.718068	35	19.3739612	7.79398274	243.561961
9	10:42:07	3.12	96.210	29.030	34371.000	15.000	96.277624	20.1701622	200.874755	150.668873	9.67251416	302.266067	35	19.3739612	7.80813866	244.004333
9	10:42:22	3.37	95.790	29.080	34380.000	15.000	95.841972	20.0788930	199.965805	149.987102	9.62874643	300.898326	35	19.3739612	7.77280716	242.900224
9	10:42:37	3.62	96.360	29.020	34398.000	15.000	96.365042	20.1884764	201.057145	150.805677	9.68129663	302.540520	35	19.3739612	7.81522832	244.225885
9	10:42:52	3.87	96.160	29.040	34391.000	15.000	96.190302	20.1518682	200.692564	150.532219	9.66374134	301.991917	35	19.3739612	7.80105681	243.783025
9	10:43:07	4.12	96.080	29.050	34377.000	15.000	96.103075	20.1335943	200.510575	150.395715	9.65497818	301.718068	35	19.3739612	7.79398274	243.561961
9	10:43:22	4.37	95.400	29.130	34365.000	15.000	95.408707	19.9881240	199.061836	149.309068	9.58521855	299.538080	35	19.3739612	7.73766927	241.802165
9	10:43:37	4.62	95.930	29.060	34395.000	15.000	96.015945	20.1153405	200.328785	150.259361	9.64622464	301.444520	35	19.3739612	7.78691645	243.341139
9	10:43:52	4.87	95.600	29.100	34410.000	15.000	95.668380	20.0425256	199.603621	149.715442	9.61130659	300.353331	35	19.3739612	7.75872884	242.460276
9	10:44:07	5.12	96.360	29.020	34394.000	15.000	96.365042	20.1884764	201.057145	150.805677	9.68129663	302.540520	35	19.3739612	7.81522832	244.225885
9	10:44:22	5.37	96.270	29.030	34423.000	15.000	96.277624	20.1701622	200.874755	150.668873	9.67251416	302.266067	35	19.3739612	7.80813866	244.004333
9	10:44:37	5.62	95.920	29.070	34437.000	15.000	95.928911	20.0971068	200.147195	150.123157	9.63748073	301.171273	35	19.3739612	7.77985793	243.120560
9	10:44:52	5.87	96.080	29.050	34436.000	15.000	96.103075	20.1335943	200.510575	150.395715	9.65497818	301.718068	35	19.3739612	7.79398274	243.561961
9	10:45:07	6.12	95.800	29.080	34420.000	15.000	95.841972	20.0788930	199.965805	149.987102	9.62874643	300.898326	35	19.3739612	7.77280716	242.900224
9	10:45:22	6.37	95.650	29.100	34417.000	15.000	95.668380	20.0425256	199.603621	149.715442	9.61130659	300.353331	35	19.3739612	7.75872884	242.460276
9	10:45:37	6.62	96.260	29.030	34424.000	15.000	96.277624	20.1701622	200.874755	150.668873	9.67251416	302.266067	35	19.3739612	7.80813866	244.004333
9	10:45:52	6.87	95.370	29.130	34407.000	15.000	95.408707	19.9881240	199.061836	149.309068	9.58521855	299.538080	35	19.3739612	7.73766927	241.802165
9	10:46:07	7.12	95.390	29.130	34403.000	15.000	95.408707	19.9881240	199.061836	149.309068	9.58521855	299.538080	35	19.3739612	7.73766927	241.802165
9	10:46:22	7.37	96.770	28.970	34453.000	15.000	96.803582	20.2803504	201.972119	151.491966	9.72535442	303.917326	35	19.3739612	7.85079397	245.337312
9	10:46:37	7.62	95.780	29.080	34451.000	15.000	95.841972	20.0788930	199.965805	149.987102	9.62874643	300.898326	35	19.3739612	7.77280716	242.900224
9	10:46:52	7.87	95.810	29.080	34479.000	15.000	95.841972	20.0788930	199.965805	149.987102	9.62874643	300.898326	35	19.3739612	7.77280716	242.900224
9	10:47:07	8.12	95.960	29.060	34451.000	15.000	96.015945	20.1153405	200.328785	150.259361	9.64622464	301.444520	35	19.3739612	7.78691645	243.341139
9	10:47:22	8.37	95.530	29.110	34429.000	15.000	95.581727	20.0243719	199.422828	149.579835	9.60260103	300.081282	35	19.3739612	7.75170128	242.240665
9	10:47:37	8.62	96.120	29.040	34452.000	15.000	96.190302	20.1518682	200.692564	150.532219	9.66374134	301.991917	35	19.3739612	7.80105681	243.783025
9	10:47:52	8.87	95.330	29.130	34452.000	15.000	95.408707	19.9881240	199.061836	149.309068	9.58521855	299.538080	35	19.3739612	7.73766927	241.802165
9	10:48:07	9.12	95.730	29.090	34455.000	15.000	95.755128	20.0606993	199.784613	149.851197	9.62002172	300.625679	35	19.3739612	7.76576413	242.680129
9	10:48:22	9.37	95.890	29.070	34443.000	15.000	95.928911	20.0971068	200.147195	150.123157	9.63748073	301.171273	35	19.3739612	7.77985793	243.120560
9	10:48:37	9.62	95.400	29.130	34476.000	15.000	95.408707	19.9881240	199.061836	149.309068	9.58521855	299.538080	35	19.3739612	7.73766927	241.802165
9	10:48:52	9.87	95.910	29.070	34479.000	15.000	95.928911	20.0971068	200.147195	150.123157	9.63748073	301.171273	35	19.3739612	7.77985793	243.120560
9	10:49:07	10.12	95.810	29.080	34474.000	15.000	95.841972	20.0788930	199.965805	149.987102	9.62874643	300.898326	35	19.3739612	7.77280716	242.900224
9	10:49:22	10.37	95.390	29.130	34461.000	15.000	95.408707	19.9881240	199.061836	149.309068	9.58521855	299.538080	35	19.3739612	7.73766927	241.802165
9	10:49:37	10.62	95.160	29.150	34455.000	15.000	95.236065	19.9519557	198.701635	149.038894	9.56787417	298.996068	35	19.3739612	7.72366802	241.364625
9	10:49:52	10.87	95.480	29.120	34482.000	15.000	95.495169	20.0062380	199.242233	149.444377	9.59390502	299.809532	35	19.3739612	7.74468142	242.021294
9	10:50:07	11.12	95.500	29.110	34442.000	15.000	95.581727	20.0243719	199.422828	149.579835	9.60260103	300.081282	35	19.3739612	7.75170128	242.240665
9	10:50:22	11.37	95.460	29.120	34495.000	15.000	95.495169	20.0062380	199.242233	149.444377	9.59390502	299.809532	35	19.3739612	7.74468142	242.021294
9	10:50:37	11.62	95.230	29.150	34477.000	15.000	95.236065	19.9519557	198.701635	149.038894	9.56787417	298.996068	35	19.3739612	7.72366802	241.364625
9	10:50:52	11.87	95.460	29.120	34474.000	15.000	95.495169	20.0062380	199.242233	149.444377	9.59390502	299.809532	35	19.3739612	7.74468142	242.021294
9	10:51:07	12.12	95.380	29.130	34458.000	15.000	95.408707	19.9881240	199.061836	149.309068	9.58521855	299.538080	35	19.3739612	7.73766927	241.802165
9	10:51:22	12.37	96.080	29.050	34474.000	15.000	96.103075	20.1335943	200.510575	150.395715	9.65497818	301.718068	35	19.3739612	7.79398274	243.561961
9	10:51:37	12.62	95.080	29.160	34492.000	15.000	95.149887	19.9339012	198.521830	148.904030	9.55921624	298.725507	35	19.3739612	7.71667890	241.146216
9	10:51:52	12.87	95.820	29.080	34532.000	15.000	95.841972	20.0788930	199.965805	149.987102	9.62874643	300.898326	35	19.3739612	7.77280716	242.900224
9	10:52:07	13.12	95.640	29.100	34492.000	15.000	95.668380	20.0425256	199.603621	149.715442	9.61130659	300.353331	35	19.3739612	7.75872884	242.460276
9	10:52:22	13.37	94.860	29.190	34513.000	15.000	94.891916	19.8798565	197.983598	148.500321	9.53329930	297.915603	35	19.3739612	7.69575744	240.492420
9	10:52:37	13.62	95.270	29.140	34533.000	15.000	95.322339	19.9700299	198.881636	149.173907	9.57654160	299.266925	35	19.3739612	7.73066480	241.583275
9	10:52:52	13.87	95.160	29.150	34536.000	15.000	95.236065	19.9519557	198.701635	149.038894	9.56787417	298.996068	35	19.3739612	7.72366802	241.364625
9	10:53:07	14.12	95.490	29.120	34532.000	15.000	95.495169	20.0062380	199.242233	149.444377	9.59390502	299.809532	35	19.3739612	7.74468142	242.021294
9	10:53:22	14.37	95.160	29.150	34553.000	15.000	95.236065	19.9519557	198.701635	149.038894	9.56787417	298.996068	35	19.3739612	7.72366802	241.364625
9	10:53:37	14.62	95.340	29.130	34535.000	15.000	95.408707	19.9881240	199.061836	149.309068	9.58521855	299.538080	35	19.3739612	7.73766927	241.802165
9	10:53:52	14.87	95.270	29.140	34550.000	15.000	95.322339	19.9700299	198.881636	149.173907	9.57654160	299.266925	35	19.3739612	7.73066480	241.583275
9	10:54:07	15.12	94.960	29.180	34565.000	15.000	94.977812	19.8978517	198.162812	148.634743	9.54192881	298.185275	35	19.3739612	7.70272362	240.710113
9	10:54:22	15.37	95.280	29.140	34561.000	15.000	95.322339	19.9700299	198.881636	149.173907	9.57654160	299.266925	35	19.3739612	7.73066480	241.583275
9	10:54:37	15.62	95.120	29.160	34528.000	15.000	95.149887	19.9339012	198.521830	148.904030	9.55921624	298.725507	35	19.3739612	7.71667890	241.146216
9	10:54:52	15.87	95.090	29.160	34576.000	15.000	95.149887	19.9339012	198.521830	148.904030	9.55921624	298.725507	35	19.3739612	7.71667890	241.146216
9	10:55:07	16.12	94.870	29.190	34553.000	15.000	94.891916	19.8798565	197.983598	148.500321	9.53329930	297.915603	35	19.3739612	7.69575744	240.492420
9	10:55:22	16.37	95.610	29.100	34562.000	15.000	95.668380	20.0425256	199.603621	149.715442	9.61130659	300.353331	35	19.3739612	7.75872884	242.460276
9	10:55:37	16.62	94.690	29.210	34587.000	15.000	94.720406	19.8439251	197.625758	148.231918	9.51606859	297.377143	35	19.3739612	7.68184795	240.057748
9	10:55:52	16.87	95.230	29.150	34559.000	15.000	95.236065	19.9519557	198.701635	149.038894	9.56787417	298.996068	35	19.3739612	7.72366802	241.364625
9	10:56:07	17.12	95.560	29.110	34583.000	15.000	95.581727	20.0243719	199.422828	149.579835	9.60260103	300.081282	35	19.3739612	7.75170128	242.240665
9	10:56:22	17.37	95.220	29.150	34566.000	15.000	95.236065	19.9519557	198.701635	149.038894	9.56787417	298.996068	35	19.3739612	7.72366802	241.364625
9	10:56:37	17.62	94.440	29.240	34624.000	15.000	94.463844	19.7901754	197.090464	147.830414	9.49029313	296.571660	35	19.3739612	7.66104071	239.407522
9	10:56:52	17.87	94.540	29.230	34559.000	15.000	94.549272	19.8080724	197.268700	147.964102	9.49887555	296.839861	35	19.3739612	7.66796887	239.624027
9	10:57:07	18.12	95.080	29.160	34592.000	15.000	95.149887	19.9339012	198.521830	148.904030	9.55921624	298.725507	35	19.3739612	7.71667890	241.146216
9	10:57:22	18.37	94.790	29.200	34620.000	15.000	94.806114	19.8618810	197.804580	148.366046	9.52467922	297.646226	35	19.3739612	7.68879889	240.274965
9	10:57:37	18.62	95.300	29.140	34633.000	15.000	95.322339	19.9700299	198.881636	149.173907	9.57654160	299.266925	35	19.3739612	7.73066480	241.583275
9	10:57:52	18.87	94.750	29.200	34584.000	15.000	94.806114	19.8618810	197.804580	148.366046	9.52467922	297.646226	35	19.3739612	7.68879889	240.274965
9	10:58:07	19.12	94.530	29.230	34612.000	15.000	94.549272	19.8080724	197.268700	147.964102	9.49887555	296.839861	35	19.3739612	7.66796887	239.624027
9	10:58:22	19.37	94.870	29.190	34595.000	15.000	94.891916	19.8798565	197.983598	148.500321	9.53329930	297.915603	35	19.3739612	7.69575744	240.492420
9	10:58:37	19.62	95.140	29.160	34600.000	15.000	95.149887	19.9339012	198.521830	148.904030	9.55921624	298.725507	35	19.3739612	7.71667890	241.146216
9	10:58:52	19.87	94.440	29.240	34605.000	15.000	94.463844	19.7901754	197.090464	147.830414	9.49029313	296.571660	35	19.3739612	7.66104071	239.407522
9	10:59:07	20.12	95.270	29.140	34601.000	15.000	95.322339	19.9700299	198.881636	149.173907	9.57654160	299.266925	35	19.3739612	7.73066480	241.583275
9	10:59:22	20.37	94.790	29.200	34606.000	15.000	94.806114	19.8618810	197.804580	148.366046	9.52467922	297.646226	35	19.3739612	7.68879889	240.274965
9	10:59:37	20.62	94.680	29.210	34606.000	15.000	94.720406	19.8439251	197.625758	148.231918	9.51606859	297.377143	35	19.3739612	7.68184795	240.057748
9	10:59:52	20.87	94.950	29.180	34676.000	15.000	94.977812	19.8978517	198.162812	148.634743	9.54192881	298.185275	35	19.3739612	7.70272362	240.710113
9	11:00:07	21.12	94.980	29.170	34662.000	15.000	95.063802	19.9158666	198.342223	148.769313	9.55056779	298.455243	35	19.3739612	7.70969744	240.928045
9	11:00:22	21.37	94.960	29.180	34616.000	15.000	94.977812	19.8978517	198.162812	148.634743	9.54192881	298.185275	35	19.3739612	7.70272362	240.710113
9	11:00:37	21.62	94.480	29.230	34647.000	15.000	94.549272	19.8080724	197.268700	147.964102	9.49887555	296.839861	35	19.3739612	7.66796887	239.624027
9	11:00:52	21.87	94.830	29.190	34636.000	15.000	94.891916	19.8798565	197.983598	148.500321	9.53329930	297.915603	35	19.3739612	7.69575744	240.492420
9	11:01:07	22.12	94.450	29.240	34662.000	15.000	94.463844	19.7901754	197.090464	147.830414	9.49029313	296.571660	35	19.3739612	7.66104071	239.407522
9	11:01:22	22.37	94.250	29.260	34653.000	15.000	94.293270	19.7544401	196.734576	147.563475	9.47315641	296.036138	35	19.3739612	7.64720709	238.975221
9	11:01:37	22.62	94.370	29.250	34653.000	15.000	94.378511	19.7722980	196.912423	147.696871	9.48172009	296.303753	35	19.3739612	7.65412012	239.191254
9	11:01:52	22.87	94.720	29.210	34675.000	15.000	94.720406	19.8439251	197.625758	148.231918	9.51606859	297.377143	35	19.3739612	7.68184795	240.057748
9	11:02:07	23.12	94.660	29.210	34654.000	15.000	94.720406	19.8439251	197.625758	148.231918	9.51606859	297.377143	35	19.3739612	7.68184795	240.057748
9	11:02:22	23.37	94.460	29.240	34664.000	15.000	94.463844	19.7901754	197.090464	147.830414	9.49029313	296.571660	35	19.3739612	7.66104071	239.407522
9	11:02:37	23.62	94.580	29.220	34637.000	15.000	94.634792	19.8259890	197.447131	148.097937	9.50746737	297.108355	35	19.3739612	7.67490461	239.840769
9	11:02:52	23.87	94.350	29.250	34700.000	15.000	94.378511	19.7722980	196.912423	147.696871	9.48172009	296.303753	35	19.3739612	7.65412012	239.191254
9	11:03:07	24.12	93.780	29.320	34673.000	15.000	93.783777	19.6477013	195.671564	146.766148	9.42197029	294.436571	35	19.3739612	7.60588708	237.683971
