Chamber	Time/hh:mm:ss	Logtime/min	Oxy/% air sat.	Phase/°	Amp	Temp/°C	% air-sat.	% oxygen	pO2 (hPa)	pO2 (Torr)	cO2 [mg/L]	cO2 [µmol/L]	Salinity	chlorinity	SalCorcO2 [mg/L]	SalCorcO2 [µmol/L]
9	15:32:28	0.00	96.890	30.780	37227.000	6.000	96.934212	20.3077175	203.811613	152.871704	12.03903792	376.219935	35	19.3739612	9.51239117	297.262224
9	15:32:43	0.25	96.450	30.830	37267.000	6.000	96.509810	20.2188052	202.919275	152.202393	11.98632802	374.572751	35	19.3739612	9.47074355	295.960736
9	15:32:58	0.50	96.440	30.830	37243.000	6.000	96.509810	20.2188052	202.919275	152.202393	11.98632802	374.572751	35	19.3739612	9.47074355	295.960736
9	15:33:13	0.75	96.440	30.830	37234.000	6.000	96.509810	20.2188052	202.919275	152.202393	11.98632802	374.572751	35	19.3739612	9.47074355	295.960736
9	15:33:28	1.00	96.710	30.800	37250.000	6.000	96.764186	20.2720970	203.454121	152.603562	12.01792105	375.560033	35	19.3739612	9.49570611	296.740816
9	15:33:43	1.25	96.410	30.840	37258.000	6.000	96.425194	20.2010782	202.741364	152.068949	11.97581889	374.244340	35	19.3739612	9.46243999	295.701250
9	15:33:58	1.50	96.330	30.850	37230.000	6.000	96.340666	20.1833696	202.563637	151.935642	11.96532068	373.916271	35	19.3739612	9.45414505	295.442033
9	15:34:13	1.75	96.670	30.810	37231.000	6.000	96.679306	20.2543146	203.275653	152.469700	12.00737908	375.230596	35	19.3739612	9.48737660	296.480519
9	15:34:28	2.00	96.860	30.780	37237.000	6.000	96.934212	20.3077175	203.811613	152.871704	12.03903792	376.219935	35	19.3739612	9.51239117	297.262224
9	15:34:43	2.25	96.970	30.770	37217.000	6.000	97.019358	20.3255555	203.990639	153.005984	12.04961286	376.550402	35	19.3739612	9.52074673	297.523335
9	15:34:58	2.50	96.760	30.800	37223.000	6.000	96.764186	20.2720970	203.454121	152.603562	12.01792105	375.560033	35	19.3739612	9.49570611	296.740816
9	15:35:13	2.75	96.750	30.800	37233.000	6.000	96.764186	20.2720970	203.454121	152.603562	12.01792105	375.560033	35	19.3739612	9.49570611	296.740816
9	15:35:28	3.00	96.290	30.850	37228.000	6.000	96.340666	20.1833696	202.563637	151.935642	11.96532068	373.916271	35	19.3739612	9.45414505	295.442033
9	15:35:43	3.25	97.000	30.770	37236.000	6.000	97.019358	20.3255555	203.990639	153.005984	12.04961286	376.550402	35	19.3739612	9.52074673	297.523335
9	15:35:58	3.50	96.810	30.790	37212.000	6.000	96.849155	20.2898980	203.632774	152.737563	12.02847399	375.889812	35	19.3739612	9.50404430	297.001384
9	15:36:13	3.75	96.700	30.800	37228.000	6.000	96.764186	20.2720970	203.454121	152.603562	12.01792105	375.560033	35	19.3739612	9.49570611	296.740816
9	15:36:28	4.00	96.900	30.780	37258.000	6.000	96.934212	20.3077175	203.811613	152.871704	12.03903792	376.219935	35	19.3739612	9.51239117	297.262224
9	15:36:43	4.25	96.950	30.770	37210.000	6.000	97.019358	20.3255555	203.990639	153.005984	12.04961286	376.550402	35	19.3739612	9.52074673	297.523335
9	15:36:58	4.50	96.740	30.800	37198.000	6.000	96.764186	20.2720970	203.454121	152.603562	12.01792105	375.560033	35	19.3739612	9.49570611	296.740816
9	15:37:13	4.75	96.810	30.790	37196.000	6.000	96.849155	20.2898980	203.632774	152.737563	12.02847399	375.889812	35	19.3739612	9.50404430	297.001384
9	15:37:28	5.00	96.690	30.800	37193.000	6.000	96.764186	20.2720970	203.454121	152.603562	12.01792105	375.560033	35	19.3739612	9.49570611	296.740816
9	15:37:43	5.25	96.950	30.770	37183.000	6.000	97.019358	20.3255555	203.990639	153.005984	12.04961286	376.550402	35	19.3739612	9.52074673	297.523335
9	15:37:58	5.50	96.800	30.790	37211.000	6.000	96.849155	20.2898980	203.632774	152.737563	12.02847399	375.889812	35	19.3739612	9.50404430	297.001384
9	15:38:13	5.75	96.850	30.780	37190.000	6.000	96.934212	20.3077175	203.811613	152.871704	12.03903792	376.219935	35	19.3739612	9.51239117	297.262224
9	15:38:28	6.00	97.020	30.760	37174.000	6.000	97.104593	20.3434121	204.169851	153.140405	12.06019882	376.881213	35	19.3739612	9.52911100	297.784719
9	15:38:43	6.25	96.660	30.810	37184.000	6.000	96.679306	20.2543146	203.275653	152.469700	12.00737908	375.230596	35	19.3739612	9.48737660	296.480519
9	15:38:58	6.50	96.770	30.790	37195.000	6.000	96.849155	20.2898980	203.632774	152.737563	12.02847399	375.889812	35	19.3739612	9.50404430	297.001384
9	15:39:13	6.75	96.990	30.770	37201.000	6.000	97.019358	20.3255555	203.990639	153.005984	12.04961286	376.550402	35	19.3739612	9.52074673	297.523335
9	15:39:28	7.00	96.560	30.820	37191.000	6.000	96.594514	20.2365507	203.097372	152.335977	11.99684808	374.901502	35	19.3739612	9.47905575	296.220492
9	15:39:43	7.25	96.860	30.780	37192.000	6.000	96.934212	20.3077175	203.811613	152.871704	12.03903792	376.219935	35	19.3739612	9.51239117	297.262224
9	15:39:58	7.50	96.680	30.800	37154.000	6.000	96.764186	20.2720970	203.454121	152.603562	12.01792105	375.560033	35	19.3739612	9.49570611	296.740816
9	15:40:13	7.75	96.760	30.800	37180.000	6.000	96.764186	20.2720970	203.454121	152.603562	12.01792105	375.560033	35	19.3739612	9.49570611	296.740816
9	15:40:28	8.00	96.670	30.810	37149.000	6.000	96.679306	20.2543146	203.275653	152.469700	12.00737908	375.230596	35	19.3739612	9.48737660	296.480519
9	15:40:43	8.25	96.850	30.780	37158.000	6.000	96.934212	20.3077175	203.811613	152.871704	12.03903792	376.219935	35	19.3739612	9.51239117	297.262224
9	15:40:58	8.50	96.820	30.790	37160.000	6.000	96.849155	20.2898980	203.632774	152.737563	12.02847399	375.889812	35	19.3739612	9.50404430	297.001384
9	15:41:13	8.75	96.820	30.790	37170.000	6.000	96.849155	20.2898980	203.632774	152.737563	12.02847399	375.889812	35	19.3739612	9.50404430	297.001384
9	15:41:28	9.00	96.780	30.790	37159.000	6.000	96.849155	20.2898980	203.632774	152.737563	12.02847399	375.889812	35	19.3739612	9.50404430	297.001384
9	15:41:43	9.25	97.360	30.730	37183.000	6.000	97.360830	20.3970938	204.708609	153.544508	12.09202298	377.875718	35	19.3739612	9.55425619	298.570506
9	15:41:58	9.50	97.280	30.730	37191.000	6.000	97.360830	20.3970938	204.708609	153.544508	12.09202298	377.875718	35	19.3739612	9.55425619	298.570506
9	15:42:13	9.75	97.020	30.760	37197.000	6.000	97.104593	20.3434121	204.169851	153.140405	12.06019882	376.881213	35	19.3739612	9.52911100	297.784719
9	15:42:28	10.00	97.140	30.750	37142.000	6.000	97.189916	20.3612874	204.349250	153.274966	12.07079582	377.212369	35	19.3739612	9.53748400	298.046375
9	15:42:43	10.25	96.760	30.800	37152.000	6.000	96.764186	20.2720970	203.454121	152.603562	12.01792105	375.560033	35	19.3739612	9.49570611	296.740816
9	15:42:58	10.50	97.070	30.760	37157.000	6.000	97.104593	20.3434121	204.169851	153.140405	12.06019882	376.881213	35	19.3739612	9.52911100	297.784719
9	15:43:13	10.75	97.270	30.740	37170.000	6.000	97.275328	20.3791813	204.528836	153.409667	12.08140387	377.543871	35	19.3739612	9.54586572	298.308304
9	15:43:28	11.00	96.620	30.810	37166.000	6.000	96.679306	20.2543146	203.275653	152.469700	12.00737908	375.230596	35	19.3739612	9.48737660	296.480519
9	15:43:43	11.25	96.960	30.770	37153.000	6.000	97.019358	20.3255555	203.990639	153.005984	12.04961286	376.550402	35	19.3739612	9.52074673	297.523335
9	15:43:58	11.50	96.660	30.810	37141.000	6.000	96.679306	20.2543146	203.275653	152.469700	12.00737908	375.230596	35	19.3739612	9.48737660	296.480519
9	15:44:13	11.75	97.010	30.770	37153.000	6.000	97.019358	20.3255555	203.990639	153.005984	12.04961286	376.550402	35	19.3739612	9.52074673	297.523335
9	15:44:28	12.00	96.840	30.790	37140.000	6.000	96.849155	20.2898980	203.632774	152.737563	12.02847399	375.889812	35	19.3739612	9.50404430	297.001384
9	15:44:43	12.25	96.950	30.770	37144.000	6.000	97.019358	20.3255555	203.990639	153.005984	12.04961286	376.550402	35	19.3739612	9.52074673	297.523335
9	15:44:58	12.50	96.770	30.790	37131.000	6.000	96.849155	20.2898980	203.632774	152.737563	12.02847399	375.889812	35	19.3739612	9.50404430	297.001384
9	15:45:13	12.75	97.010	30.770	37168.000	6.000	97.019358	20.3255555	203.990639	153.005984	12.04961286	376.550402	35	19.3739612	9.52074673	297.523335
9	15:45:28	13.00	96.570	30.820	37138.000	6.000	96.594514	20.2365507	203.097372	152.335977	11.99684808	374.901502	35	19.3739612	9.47905575	296.220492
9	15:45:43	13.25	96.540	30.820	37161.000	6.000	96.594514	20.2365507	203.097372	152.335977	11.99684808	374.901502	35	19.3739612	9.47905575	296.220492
9	15:45:58	13.50	97.000	30.770	37151.000	6.000	97.019358	20.3255555	203.990639	153.005984	12.04961286	376.550402	35	19.3739612	9.52074673	297.523335
9	15:46:13	13.75	96.680	30.800	37157.000	6.000	96.764186	20.2720970	203.454121	152.603562	12.01792105	375.560033	35	19.3739612	9.49570611	296.740816
9	15:46:28	14.00	96.720	30.800	37154.000	6.000	96.764186	20.2720970	203.454121	152.603562	12.01792105	375.560033	35	19.3739612	9.49570611	296.740816
9	15:46:43	14.25	96.960	30.770	37147.000	6.000	97.019358	20.3255555	203.990639	153.005984	12.04961286	376.550402	35	19.3739612	9.52074673	297.523335
9	15:46:58	14.50	97.340	30.730	37138.000	6.000	97.360830	20.3970938	204.708609	153.544508	12.09202298	377.875718	35	19.3739612	9.55425619	298.570506
9	15:47:13	14.75	96.650	30.810	37168.000	6.000	96.679306	20.2543146	203.275653	152.469700	12.00737908	375.230596	35	19.3739612	9.48737660	296.480519
9	15:47:28	15.00	97.130	30.750	37164.000	6.000	97.189916	20.3612874	204.349250	153.274966	12.07079582	377.212369	35	19.3739612	9.53748400	298.046375
9	15:47:43	15.25	96.760	30.800	37160.000	6.000	96.764186	20.2720970	203.454121	152.603562	12.01792105	375.560033	35	19.3739612	9.49570611	296.740816
9	15:47:58	15.50	96.760	30.800	37157.000	6.000	96.764186	20.2720970	203.454121	152.603562	12.01792105	375.560033	35	19.3739612	9.49570611	296.740816
9	15:48:13	15.75	97.060	30.760	37146.000	6.000	97.104593	20.3434121	204.169851	153.140405	12.06019882	376.881213	35	19.3739612	9.52911100	297.784719
9	15:48:28	16.00	97.210	30.740	37146.000	6.000	97.275328	20.3791813	204.528836	153.409667	12.08140387	377.543871	35	19.3739612	9.54586572	298.308304
9	15:48:43	16.25	96.910	30.780	37140.000	6.000	96.934212	20.3077175	203.811613	152.871704	12.03903792	376.219935	35	19.3739612	9.51239117	297.262224
9	15:48:58	16.50	96.750	30.800	37135.000	6.000	96.764186	20.2720970	203.454121	152.603562	12.01792105	375.560033	35	19.3739612	9.49570611	296.740816
9	15:49:13	16.75	96.360	30.840	37151.000	6.000	96.425194	20.2010782	202.741364	152.068949	11.97581889	374.244340	35	19.3739612	9.46243999	295.701250
9	15:49:28	17.00	96.740	30.800	37134.000	6.000	96.764186	20.2720970	203.454121	152.603562	12.01792105	375.560033	35	19.3739612	9.49570611	296.740816
9	15:49:43	17.25	96.840	30.790	37142.000	6.000	96.849155	20.2898980	203.632774	152.737563	12.02847399	375.889812	35	19.3739612	9.50404430	297.001384
9	15:49:58	17.50	97.300	30.730	37126.000	6.000	97.360830	20.3970938	204.708609	153.544508	12.09202298	377.875718	35	19.3739612	9.55425619	298.570506
9	15:50:13	17.75	96.610	30.810	37160.000	6.000	96.679306	20.2543146	203.275653	152.469700	12.00737908	375.230596	35	19.3739612	9.48737660	296.480519
9	15:50:28	18.00	97.000	30.770	37150.000	6.000	97.019358	20.3255555	203.990639	153.005984	12.04961286	376.550402	35	19.3739612	9.52074673	297.523335
9	15:50:43	18.25	96.860	30.780	37117.000	6.000	96.934212	20.3077175	203.811613	152.871704	12.03903792	376.219935	35	19.3739612	9.51239117	297.262224
9	15:50:58	18.50	97.260	30.740	37103.000	6.000	97.275328	20.3791813	204.528836	153.409667	12.08140387	377.543871	35	19.3739612	9.54586572	298.308304
9	15:51:13	18.75	97.070	30.760	37121.000	6.000	97.104593	20.3434121	204.169851	153.140405	12.06019882	376.881213	35	19.3739612	9.52911100	297.784719
9	15:51:28	19.00	97.160	30.750	37096.000	6.000	97.189916	20.3612874	204.349250	153.274966	12.07079582	377.212369	35	19.3739612	9.53748400	298.046375
9	15:51:43	19.25	96.900	30.780	37111.000	6.000	96.934212	20.3077175	203.811613	152.871704	12.03903792	376.219935	35	19.3739612	9.51239117	297.262224
9	15:51:58	19.50	96.880	30.780	37133.000	6.000	96.934212	20.3077175	203.811613	152.871704	12.03903792	376.219935	35	19.3739612	9.51239117	297.262224
9	15:52:13	19.75	96.940	30.770	37128.000	6.000	97.019358	20.3255555	203.990639	153.005984	12.04961286	376.550402	35	19.3739612	9.52074673	297.523335
