Chamber	Time/hh:mm:ss	Logtime/min	Oxy/% air sat.	Phase/°	Amp	Temp/°C	% air-sat.	% oxygen	pO2 (hPa)	pO2 (Torr)	cO2 [mg/L]	cO2 [µmol/L]	Salinity	chlorinity	SalCorcO2 [mg/L]	SalCorcO2 [µmol/L]
10	12:29:45	0.00	96.980	29.530	45188.000	12.000	97.054248	20.3328650	203.111952	152.346914	10.42604231	325.813822	35	19.3739612	8.35556154	261.111298
10	12:29:51	0.10	96.910	29.540	45166.000	12.000	96.967102	20.3146078	202.929575	152.210119	10.41668065	325.521270	35	19.3739612	8.34805898	260.876843
10	12:30:06	0.35	96.740	29.560	45129.000	12.000	96.793092	20.2781528	202.565414	151.936975	10.39798769	324.937115	35	19.3739612	8.33307821	260.408694
10	12:30:21	0.60	96.420	29.600	45177.000	12.000	96.446201	20.2054791	201.839451	151.392457	10.36072291	323.772591	35	19.3739612	8.30321374	259.475430
10	12:30:36	0.85	96.570	29.580	45161.000	12.000	96.619459	20.2417767	202.202040	151.664421	10.37933515	324.354223	35	19.3739612	8.31812983	259.941557
10	12:30:51	1.10	96.780	29.560	45146.000	12.000	96.793092	20.2781528	202.565414	151.936975	10.39798769	324.937115	35	19.3739612	8.33307821	260.408694
10	12:31:06	1.35	96.540	29.580	45137.000	12.000	96.619459	20.2417767	202.202040	151.664421	10.37933515	324.354223	35	19.3739612	8.31812983	259.941557
10	12:31:21	1.60	96.610	29.580	45140.000	12.000	96.619459	20.2417767	202.202040	151.664421	10.37933515	324.354223	35	19.3739612	8.31812983	259.941557
10	12:31:36	1.85	96.610	29.580	45144.000	12.000	96.619459	20.2417767	202.202040	151.664421	10.37933515	324.354223	35	19.3739612	8.31812983	259.941557
10	12:31:51	2.10	97.000	29.530	45184.000	12.000	97.054248	20.3328650	203.111952	152.346914	10.42604231	325.813822	35	19.3739612	8.35556154	261.111298
10	12:32:06	2.35	96.810	29.550	45156.000	12.000	96.880050	20.2963705	202.747396	152.073473	10.40732911	325.229035	35	19.3739612	8.34056454	260.642642
10	12:32:21	2.60	96.590	29.580	45155.000	12.000	96.619459	20.2417767	202.202040	151.664421	10.37933515	324.354223	35	19.3739612	8.31812983	259.941557
10	12:32:36	2.85	96.640	29.570	45171.000	12.000	96.706229	20.2599549	202.383629	151.800625	10.38865637	324.645512	35	19.3739612	8.32559997	260.174999
10	12:32:51	3.10	96.740	29.560	45151.000	12.000	96.793092	20.2781528	202.565414	151.936975	10.39798769	324.937115	35	19.3739612	8.33307821	260.408694
10	12:33:06	3.35	96.940	29.540	45196.000	12.000	96.967102	20.3146078	202.929575	152.210119	10.41668065	325.521270	35	19.3739612	8.34805898	260.876843
10	12:33:21	3.60	96.520	29.590	45180.000	12.000	96.532783	20.2236180	202.020647	151.528365	10.37002400	324.063250	35	19.3739612	8.31066775	259.708367
10	12:33:36	3.85	96.940	29.540	45156.000	12.000	96.967102	20.3146078	202.929575	152.210119	10.41668065	325.521270	35	19.3739612	8.34805898	260.876843
10	12:33:51	4.10	96.760	29.560	45133.000	12.000	96.793092	20.2781528	202.565414	151.936975	10.39798769	324.937115	35	19.3739612	8.33307821	260.408694
10	12:34:06	4.35	96.760	29.560	45207.000	12.000	96.793092	20.2781528	202.565414	151.936975	10.39798769	324.937115	35	19.3739612	8.33307821	260.408694
10	12:34:21	4.60	96.930	29.540	45204.000	12.000	96.967102	20.3146078	202.929575	152.210119	10.41668065	325.521270	35	19.3739612	8.34805898	260.876843
10	12:34:36	4.85	96.520	29.590	45139.000	12.000	96.532783	20.2236180	202.020647	151.528365	10.37002400	324.063250	35	19.3739612	8.31066775	259.708367
10	12:34:51	5.10	96.070	29.640	45158.000	12.000	96.100806	20.1331188	201.116620	150.850287	10.32361889	322.613090	35	19.3739612	8.27347812	258.546191
10	12:35:06	5.35	97.170	29.510	45147.000	12.000	97.228824	20.3694386	203.477299	152.620947	10.44479611	326.399878	35	19.3739612	8.37059106	261.580971
10	12:35:21	5.60	96.550	29.580	45167.000	12.000	96.619459	20.2417767	202.202040	151.664421	10.37933515	324.354223	35	19.3739612	8.31812983	259.941557
10	12:35:36	5.85	96.660	29.570	45171.000	12.000	96.706229	20.2599549	202.383629	151.800625	10.38865637	324.645512	35	19.3739612	8.32559997	260.174999
10	12:35:51	6.10	96.590	29.580	45167.000	12.000	96.619459	20.2417767	202.202040	151.664421	10.37933515	324.354223	35	19.3739612	8.31812983	259.941557
10	12:36:06	6.35	96.860	29.550	45126.000	12.000	96.880050	20.2963705	202.747396	152.073473	10.40732911	325.229035	35	19.3739612	8.34056454	260.642642
10	12:36:21	6.60	97.080	29.520	45183.000	12.000	97.141489	20.3511419	203.294526	152.483856	10.43541413	326.106692	35	19.3739612	8.36307223	261.346007
10	12:36:36	6.85	96.550	29.580	45129.000	12.000	96.619459	20.2417767	202.202040	151.664421	10.37933515	324.354223	35	19.3739612	8.31812983	259.941557
10	12:36:51	7.10	96.680	29.570	45151.000	12.000	96.706229	20.2599549	202.383629	151.800625	10.38865637	324.645512	35	19.3739612	8.32559997	260.174999
10	12:37:06	7.35	96.790	29.560	45178.000	12.000	96.793092	20.2781528	202.565414	151.936975	10.39798769	324.937115	35	19.3739612	8.33307821	260.408694
10	12:37:21	7.60	96.730	29.560	45138.000	12.000	96.793092	20.2781528	202.565414	151.936975	10.39798769	324.937115	35	19.3739612	8.33307821	260.408694
10	12:37:36	7.85	96.810	29.550	45165.000	12.000	96.880050	20.2963705	202.747396	152.073473	10.40732911	325.229035	35	19.3739612	8.34056454	260.642642
10	12:37:51	8.10	96.660	29.570	45143.000	12.000	96.706229	20.2599549	202.383629	151.800625	10.38865637	324.645512	35	19.3739612	8.32559997	260.174999
10	12:38:06	8.35	96.880	29.550	45121.000	12.000	96.880050	20.2963705	202.747396	152.073473	10.40732911	325.229035	35	19.3739612	8.34056454	260.642642
10	12:38:21	8.60	96.840	29.550	45122.000	12.000	96.880050	20.2963705	202.747396	152.073473	10.40732911	325.229035	35	19.3739612	8.34056454	260.642642
10	12:38:36	8.85	96.630	29.570	45183.000	12.000	96.706229	20.2599549	202.383629	151.800625	10.38865637	324.645512	35	19.3739612	8.32559997	260.174999
10	12:38:51	9.10	97.130	29.520	45170.000	12.000	97.141489	20.3511419	203.294526	152.483856	10.43541413	326.106692	35	19.3739612	8.36307223	261.346007
10	12:39:06	9.35	97.080	29.520	45182.000	12.000	97.141489	20.3511419	203.294526	152.483856	10.43541413	326.106692	35	19.3739612	8.36307223	261.346007
10	12:39:21	9.60	96.710	29.560	45140.000	12.000	96.793092	20.2781528	202.565414	151.936975	10.39798769	324.937115	35	19.3739612	8.33307821	260.408694
10	12:39:36	9.85	96.740	29.560	45132.000	12.000	96.793092	20.2781528	202.565414	151.936975	10.39798769	324.937115	35	19.3739612	8.33307821	260.408694
10	12:39:51	10.10	96.480	29.590	45133.000	12.000	96.532783	20.2236180	202.020647	151.528365	10.37002400	324.063250	35	19.3739612	8.31066775	259.708367
10	12:40:06	10.35	97.230	29.500	45149.000	12.000	97.316254	20.3877552	203.660269	152.758186	10.45418826	326.693383	35	19.3739612	8.37811805	261.816189
10	12:40:21	10.60	96.960	29.540	45146.000	12.000	96.967102	20.3146078	202.929575	152.210119	10.41668065	325.521270	35	19.3739612	8.34805898	260.876843
10	12:40:36	10.85	96.970	29.530	45178.000	12.000	97.054248	20.3328650	203.111952	152.346914	10.42604231	325.813822	35	19.3739612	8.35556154	261.111298
10	12:40:51	11.10	96.630	29.570	45121.000	12.000	96.706229	20.2599549	202.383629	151.800625	10.38865637	324.645512	35	19.3739612	8.32559997	260.174999
10	12:41:06	11.35	96.740	29.560	45120.000	12.000	96.793092	20.2781528	202.565414	151.936975	10.39798769	324.937115	35	19.3739612	8.33307821	260.408694
10	12:41:21	11.60	96.820	29.550	45164.000	12.000	96.880050	20.2963705	202.747396	152.073473	10.40732911	325.229035	35	19.3739612	8.34056454	260.642642
10	12:41:36	11.85	97.270	29.500	45149.000	12.000	97.316254	20.3877552	203.660269	152.758186	10.45418826	326.693383	35	19.3739612	8.37811805	261.816189
10	12:41:51	12.10	97.160	29.510	45096.000	12.000	97.228824	20.3694386	203.477299	152.620947	10.44479611	326.399878	35	19.3739612	8.37059106	261.580971
10	12:42:06	12.35	97.010	29.530	45148.000	12.000	97.054248	20.3328650	203.111952	152.346914	10.42604231	325.813822	35	19.3739612	8.35556154	261.111298
10	12:42:21	12.60	97.430	29.480	45112.000	12.000	97.491398	20.4244479	204.026806	153.033112	10.47300314	327.281348	35	19.3739612	8.39319653	262.287392
10	12:42:36	12.85	96.780	29.560	45156.000	12.000	96.793092	20.2781528	202.565414	151.936975	10.39798769	324.937115	35	19.3739612	8.33307821	260.408694
10	12:42:51	13.10	96.980	29.530	45112.000	12.000	97.054248	20.3328650	203.111952	152.346914	10.42604231	325.813822	35	19.3739612	8.35556154	261.111298
10	12:43:06	13.35	96.680	29.570	45145.000	12.000	96.706229	20.2599549	202.383629	151.800625	10.38865637	324.645512	35	19.3739612	8.32559997	260.174999
10	12:43:21	13.60	96.960	29.540	45122.000	12.000	96.967102	20.3146078	202.929575	152.210119	10.41668065	325.521270	35	19.3739612	8.34805898	260.876843
10	12:43:36	13.85	97.010	29.530	45122.000	12.000	97.054248	20.3328650	203.111952	152.346914	10.42604231	325.813822	35	19.3739612	8.35556154	261.111298
10	12:43:51	14.10	96.920	29.540	45146.000	12.000	96.967102	20.3146078	202.929575	152.210119	10.41668065	325.521270	35	19.3739612	8.34805898	260.876843
10	12:44:06	14.35	96.860	29.550	45134.000	12.000	96.880050	20.2963705	202.747396	152.073473	10.40732911	325.229035	35	19.3739612	8.34056454	260.642642
10	12:44:21	14.60	97.280	29.500	45133.000	12.000	97.316254	20.3877552	203.660269	152.758186	10.45418826	326.693383	35	19.3739612	8.37811805	261.816189
10	12:44:36	14.85	96.950	29.540	45087.000	12.000	96.967102	20.3146078	202.929575	152.210119	10.41668065	325.521270	35	19.3739612	8.34805898	260.876843
10	12:44:51	15.10	97.370	29.490	45123.000	12.000	97.403779	20.4060916	203.843438	152.895575	10.46359060	326.987206	35	19.3739612	8.38565320	262.051663
10	12:45:06	15.35	97.430	29.480	45070.000	12.000	97.491398	20.4244479	204.026806	153.033112	10.47300314	327.281348	35	19.3739612	8.39319653	262.287392
10	12:45:21	15.60	97.260	29.500	45121.000	12.000	97.316254	20.3877552	203.660269	152.758186	10.45418826	326.693383	35	19.3739612	8.37811805	261.816189
10	12:45:36	15.85	97.180	29.510	45071.000	12.000	97.228824	20.3694386	203.477299	152.620947	10.44479611	326.399878	35	19.3739612	8.37059106	261.580971
10	12:45:51	16.10	97.480	29.480	45088.000	12.000	97.491398	20.4244479	204.026806	153.033112	10.47300314	327.281348	35	19.3739612	8.39319653	262.287392
10	12:46:06	16.35	97.500	29.470	45071.000	12.000	97.579113	20.4428242	204.210373	153.170799	10.48242590	327.575809	35	19.3739612	8.40074805	262.523377
10	12:46:21	16.60	97.220	29.510	45116.000	12.000	97.228824	20.3694386	203.477299	152.620947	10.44479611	326.399878	35	19.3739612	8.37059106	261.580971
10	12:46:36	16.85	97.390	29.490	45063.000	12.000	97.403779	20.4060916	203.843438	152.895575	10.46359060	326.987206	35	19.3739612	8.38565320	262.051663
10	12:46:51	17.10	97.220	29.510	45068.000	12.000	97.228824	20.3694386	203.477299	152.620947	10.44479611	326.399878	35	19.3739612	8.37059106	261.580971
10	12:47:06	17.35	97.140	29.520	45071.000	12.000	97.141489	20.3511419	203.294526	152.483856	10.43541413	326.106692	35	19.3739612	8.36307223	261.346007
10	12:47:21	17.60	97.010	29.530	45090.000	12.000	97.054248	20.3328650	203.111952	152.346914	10.42604231	325.813822	35	19.3739612	8.35556154	261.111298
10	12:47:36	17.85	97.300	29.500	45085.000	12.000	97.316254	20.3877552	203.660269	152.758186	10.45418826	326.693383	35	19.3739612	8.37811805	261.816189
10	12:47:51	18.10	97.360	29.490	45082.000	12.000	97.403779	20.4060916	203.843438	152.895575	10.46359060	326.987206	35	19.3739612	8.38565320	262.051663
10	12:48:06	18.35	97.160	29.510	45070.000	12.000	97.228824	20.3694386	203.477299	152.620947	10.44479611	326.399878	35	19.3739612	8.37059106	261.580971
10	12:48:21	18.60	97.610	29.460	45114.000	12.000	97.666923	20.4612204	204.394139	153.308635	10.49185889	327.870590	35	19.3739612	8.40830777	262.759618
10	12:48:36	18.85	97.000	29.530	45062.000	12.000	97.054248	20.3328650	203.111952	152.346914	10.42604231	325.813822	35	19.3739612	8.35556154	261.111298
10	12:48:51	19.10	97.240	29.500	45117.000	12.000	97.316254	20.3877552	203.660269	152.758186	10.45418826	326.693383	35	19.3739612	8.37811805	261.816189
10	12:49:06	19.35	96.780	29.560	45094.000	12.000	96.793092	20.2781528	202.565414	151.936975	10.39798769	324.937115	35	19.3739612	8.33307821	260.408694
10	12:49:21	19.60	96.880	29.540	45052.000	12.000	96.967102	20.3146078	202.929575	152.210119	10.41668065	325.521270	35	19.3739612	8.34805898	260.876843
