Chamber	Time/hh:mm:ss	Logtime/min	Oxy/% air sat.	Phase/°	Amp	Temp/°C	% air-sat.	% oxygen	pO2 (hPa)	pO2 (Torr)	cO2 [mg/L]	cO2 [µmol/L]	Salinity	chlorinity	SalCorcO2 [mg/L]	SalCorcO2 [µmol/L]
3	11:56:40	0.00	93.780	29.910	32049.000	12.000	93.807901	19.6527553	196.318104	147.251095	10.07730387	314.915746	35	19.3739612	8.07607816	252.377443
3	11:56:52	0.20	93.620	29.930	32063.000	12.000	93.640685	19.6177234	195.968159	146.988613	10.05934064	314.354395	35	19.3739612	8.06168220	251.927569
3	11:57:07	0.45	93.790	29.910	32072.000	12.000	93.807901	19.6527553	196.318104	147.251095	10.07730387	314.915746	35	19.3739612	8.07607816	252.377443
3	11:57:22	0.70	93.940	29.890	32032.000	12.000	93.975476	19.6878623	196.668800	147.514138	10.09530560	315.478300	35	19.3739612	8.09050497	252.828280
3	11:57:37	0.95	93.880	29.900	32045.000	12.000	93.891644	19.6702994	196.493358	147.382546	10.08629992	315.196872	35	19.3739612	8.08328771	252.602741
3	11:57:52	1.20	93.930	29.890	32034.000	12.000	93.975476	19.6878623	196.668800	147.514138	10.09530560	315.478300	35	19.3739612	8.09050497	252.828280
3	11:58:07	1.45	94.100	29.870	32088.000	12.000	94.143411	19.7230445	197.020247	147.777746	10.11334593	316.042060	35	19.3739612	8.10496272	253.280085
3	11:58:22	1.70	93.730	29.910	32037.000	12.000	93.807901	19.6527553	196.318104	147.251095	10.07730387	314.915746	35	19.3739612	8.07607816	252.377443
3	11:58:37	1.95	93.650	29.920	32038.000	12.000	93.724248	19.6352300	196.143038	147.119784	10.06831745	314.634920	35	19.3739612	8.06887633	252.152385
3	11:58:52	2.20	93.360	29.960	32004.000	12.000	93.390529	19.5653159	195.444641	146.595942	10.03246771	313.514616	35	19.3739612	8.04014590	251.254559
3	11:59:07	2.45	94.300	29.850	32019.000	12.000	94.311705	19.7583023	197.372449	148.041920	10.13142496	316.607030	35	19.3739612	8.11945148	253.732859
3	11:59:22	2.70	93.840	29.900	32003.000	12.000	93.891644	19.6702994	196.493358	147.382546	10.08629992	315.196872	35	19.3739612	8.08328771	252.602741
3	11:59:37	2.95	94.000	29.880	32005.000	12.000	94.059399	19.7054440	196.844429	147.645872	10.10432093	315.760029	35	19.3739612	8.09772997	253.054062
3	11:59:52	3.20	94.320	29.840	32020.000	12.000	94.395988	19.7759595	197.548833	148.174219	10.14047902	316.889969	35	19.3739612	8.12670752	253.959610
3	12:00:07	3.45	94.050	29.880	32030.000	12.000	94.059399	19.7054440	196.844429	147.645872	10.10432093	315.760029	35	19.3739612	8.09772997	253.054062
3	12:00:22	3.70	93.790	29.910	32021.000	12.000	93.807901	19.6527553	196.318104	147.251095	10.07730387	314.915746	35	19.3739612	8.07607816	252.377443
3	12:00:37	3.95	93.910	29.890	32030.000	12.000	93.975476	19.6878623	196.668800	147.514138	10.09530560	315.478300	35	19.3739612	8.09050497	252.828280
3	12:00:52	4.20	94.090	29.870	32029.000	12.000	94.143411	19.7230445	197.020247	147.777746	10.11334593	316.042060	35	19.3739612	8.10496272	253.280085
3	12:01:07	4.45	94.050	29.880	32030.000	12.000	94.059399	19.7054440	196.844429	147.645872	10.10432093	315.760029	35	19.3739612	8.09772997	253.054062
3	12:01:22	4.70	94.010	29.880	32000.000	12.000	94.059399	19.7054440	196.844429	147.645872	10.10432093	315.760029	35	19.3739612	8.09772997	253.054062
3	12:01:37	4.95	94.210	29.860	32026.000	12.000	94.227513	19.7406640	197.196253	147.909762	10.12238060	316.324394	35	19.3739612	8.11220321	253.506350
3	12:01:52	5.20	93.800	29.910	32026.000	12.000	93.807901	19.6527553	196.318104	147.251095	10.07730387	314.915746	35	19.3739612	8.07607816	252.377443
3	12:02:07	5.45	93.980	29.880	32021.000	12.000	94.059399	19.7054440	196.844429	147.645872	10.10432093	315.760029	35	19.3739612	8.09772997	253.054062
3	12:02:22	5.70	93.970	29.890	32018.000	12.000	93.975476	19.6878623	196.668800	147.514138	10.09530560	315.478300	35	19.3739612	8.09050497	252.828280
3	12:02:37	5.95	93.880	29.900	32005.000	12.000	93.891644	19.6702994	196.493358	147.382546	10.08629992	315.196872	35	19.3739612	8.08328771	252.602741
3	12:02:52	6.20	94.130	29.870	32032.000	12.000	94.143411	19.7230445	197.020247	147.777746	10.11334593	316.042060	35	19.3739612	8.10496272	253.280085
3	12:03:07	6.45	93.620	29.930	32041.000	12.000	93.640685	19.6177234	195.968159	146.988613	10.05934064	314.354395	35	19.3739612	8.06168220	251.927569
3	12:03:22	6.70	93.760	29.910	32021.000	12.000	93.807901	19.6527553	196.318104	147.251095	10.07730387	314.915746	35	19.3739612	8.07607816	252.377443
3	12:03:37	6.95	94.210	29.860	32012.000	12.000	94.227513	19.7406640	197.196253	147.909762	10.12238060	316.324394	35	19.3739612	8.11220321	253.506350
3	12:03:52	7.20	93.520	29.940	32009.000	12.000	93.557210	19.6002356	195.793466	146.857583	10.05037342	314.074169	35	19.3739612	8.05449575	251.702992
3	12:04:07	7.45	94.030	29.880	32029.000	12.000	94.059399	19.7054440	196.844429	147.645872	10.10432093	315.760029	35	19.3739612	8.09772997	253.054062
3	12:04:22	7.70	93.910	29.890	32005.000	12.000	93.975476	19.6878623	196.668800	147.514138	10.09530560	315.478300	35	19.3739612	8.09050497	252.828280
3	12:04:37	7.95	93.900	29.890	32012.000	12.000	93.975476	19.6878623	196.668800	147.514138	10.09530560	315.478300	35	19.3739612	8.09050497	252.828280
3	12:04:52	8.20	94.000	29.880	32024.000	12.000	94.059399	19.7054440	196.844429	147.645872	10.10432093	315.760029	35	19.3739612	8.09772997	253.054062
3	12:05:07	8.45	94.330	29.840	32056.000	12.000	94.395988	19.7759595	197.548833	148.174219	10.14047902	316.889969	35	19.3739612	8.12670752	253.959610
3	12:05:22	8.70	94.220	29.860	32042.000	12.000	94.227513	19.7406640	197.196253	147.909762	10.12238060	316.324394	35	19.3739612	8.11220321	253.506350
3	12:05:37	8.95	94.150	29.860	32037.000	12.000	94.227513	19.7406640	197.196253	147.909762	10.12238060	316.324394	35	19.3739612	8.11220321	253.506350
3	12:05:52	9.20	93.920	29.890	32045.000	12.000	93.975476	19.6878623	196.668800	147.514138	10.09530560	315.478300	35	19.3739612	8.09050497	252.828280
3	12:06:07	9.45	93.720	29.920	32000.000	12.000	93.724248	19.6352300	196.143038	147.119784	10.06831745	314.634920	35	19.3739612	8.06887633	252.152385
3	12:06:22	9.70	93.820	29.900	32033.000	12.000	93.891644	19.6702994	196.493358	147.382546	10.08629992	315.196872	35	19.3739612	8.08328771	252.602741
3	12:06:37	9.95	93.480	29.940	32042.000	12.000	93.557210	19.6002356	195.793466	146.857583	10.05037342	314.074169	35	19.3739612	8.05449575	251.702992
3	12:06:52	10.20	93.810	29.900	32016.000	12.000	93.891644	19.6702994	196.493358	147.382546	10.08629992	315.196872	35	19.3739612	8.08328771	252.602741
3	12:07:07	10.45	94.110	29.870	32018.000	12.000	94.143411	19.7230445	197.020247	147.777746	10.11334593	316.042060	35	19.3739612	8.10496272	253.280085
3	12:07:22	10.70	93.760	29.910	32025.000	12.000	93.807901	19.6527553	196.318104	147.251095	10.07730387	314.915746	35	19.3739612	8.07607816	252.377443
3	12:07:37	10.95	93.990	29.880	32056.000	12.000	94.059399	19.7054440	196.844429	147.645872	10.10432093	315.760029	35	19.3739612	8.09772997	253.054062
3	12:07:52	11.20	94.190	29.860	32031.000	12.000	94.227513	19.7406640	197.196253	147.909762	10.12238060	316.324394	35	19.3739612	8.11220321	253.506350
3	12:08:07	11.45	93.850	29.900	32038.000	12.000	93.891644	19.6702994	196.493358	147.382546	10.08629992	315.196872	35	19.3739612	8.08328771	252.602741
3	12:08:22	11.70	93.750	29.910	32025.000	12.000	93.807901	19.6527553	196.318104	147.251095	10.07730387	314.915746	35	19.3739612	8.07607816	252.377443
3	12:08:37	11.95	93.750	29.910	32043.000	12.000	93.807901	19.6527553	196.318104	147.251095	10.07730387	314.915746	35	19.3739612	8.07607816	252.377443
3	12:08:52	12.20	94.000	29.880	32020.000	12.000	94.059399	19.7054440	196.844429	147.645872	10.10432093	315.760029	35	19.3739612	8.09772997	253.054062
3	12:09:07	12.45	93.850	29.900	32045.000	12.000	93.891644	19.6702994	196.493358	147.382546	10.08629992	315.196872	35	19.3739612	8.08328771	252.602741
3	12:09:22	12.70	93.790	29.910	32031.000	12.000	93.807901	19.6527553	196.318104	147.251095	10.07730387	314.915746	35	19.3739612	8.07607816	252.377443
3	12:09:37	12.95	93.630	29.930	32051.000	12.000	93.640685	19.6177234	195.968159	146.988613	10.05934064	314.354395	35	19.3739612	8.06168220	251.927569
3	12:09:52	13.20	94.060	29.870	32098.000	12.000	94.143411	19.7230445	197.020247	147.777746	10.11334593	316.042060	35	19.3739612	8.10496272	253.280085
3	12:10:07	13.45	93.990	29.880	32065.000	12.000	94.059399	19.7054440	196.844429	147.645872	10.10432093	315.760029	35	19.3739612	8.09772997	253.054062
3	12:10:22	13.70	93.740	29.910	32072.000	12.000	93.807901	19.6527553	196.318104	147.251095	10.07730387	314.915746	35	19.3739612	8.07607816	252.377443
3	12:10:37	13.95	93.960	29.890	32100.000	12.000	93.975476	19.6878623	196.668800	147.514138	10.09530560	315.478300	35	19.3739612	8.09050497	252.828280
3	12:10:52	14.20	93.610	29.930	32103.000	12.000	93.640685	19.6177234	195.968159	146.988613	10.05934064	314.354395	35	19.3739612	8.06168220	251.927569
3	12:11:07	14.45	94.180	29.860	32086.000	12.000	94.227513	19.7406640	197.196253	147.909762	10.12238060	316.324394	35	19.3739612	8.11220321	253.506350
3	12:11:22	14.70	93.650	29.920	32079.000	12.000	93.724248	19.6352300	196.143038	147.119784	10.06831745	314.634920	35	19.3739612	8.06887633	252.152385
3	12:11:37	14.95	93.810	29.900	32073.000	12.000	93.891644	19.6702994	196.493358	147.382546	10.08629992	315.196872	35	19.3739612	8.08328771	252.602741
3	12:11:52	15.20	94.250	29.850	32064.000	12.000	94.311705	19.7583023	197.372449	148.041920	10.13142496	316.607030	35	19.3739612	8.11945148	253.732859
3	12:12:07	15.45	93.720	29.920	32090.000	12.000	93.724248	19.6352300	196.143038	147.119784	10.06831745	314.634920	35	19.3739612	8.06887633	252.152385
3	12:12:22	15.70	94.080	29.870	32089.000	12.000	94.143411	19.7230445	197.020247	147.777746	10.11334593	316.042060	35	19.3739612	8.10496272	253.280085
3	12:12:37	15.95	93.550	29.940	32105.000	12.000	93.557210	19.6002356	195.793466	146.857583	10.05037342	314.074169	35	19.3739612	8.05449575	251.702992
3	12:12:52	16.20	94.370	29.840	32124.000	12.000	94.395988	19.7759595	197.548833	148.174219	10.14047902	316.889969	35	19.3739612	8.12670752	253.959610
3	12:13:07	16.45	94.220	29.860	32081.000	12.000	94.227513	19.7406640	197.196253	147.909762	10.12238060	316.324394	35	19.3739612	8.11220321	253.506350
3	12:13:22	16.70	93.640	29.930	32084.000	12.000	93.640685	19.6177234	195.968159	146.988613	10.05934064	314.354395	35	19.3739612	8.06168220	251.927569
3	12:13:37	16.95	93.470	29.950	32112.000	12.000	93.473825	19.5827664	195.618961	146.726692	10.04141578	313.794243	35	19.3739612	8.04731699	251.478656
3	12:13:52	17.20	93.550	29.940	32088.000	12.000	93.557210	19.6002356	195.793466	146.857583	10.05037342	314.074169	35	19.3739612	8.05449575	251.702992
3	12:14:07	17.45	93.790	29.910	32118.000	12.000	93.807901	19.6527553	196.318104	147.251095	10.07730387	314.915746	35	19.3739612	8.07607816	252.377443
3	12:14:22	17.70	93.780	29.910	32110.000	12.000	93.807901	19.6527553	196.318104	147.251095	10.07730387	314.915746	35	19.3739612	8.07607816	252.377443
3	12:14:37	17.95	93.640	29.930	32105.000	12.000	93.640685	19.6177234	195.968159	146.988613	10.05934064	314.354395	35	19.3739612	8.06168220	251.927569
3	12:14:52	18.20	93.440	29.950	32115.000	12.000	93.473825	19.5827664	195.618961	146.726692	10.04141578	313.794243	35	19.3739612	8.04731699	251.478656
3	12:15:07	18.45	93.690	29.920	32075.000	12.000	93.724248	19.6352300	196.143038	147.119784	10.06831745	314.634920	35	19.3739612	8.06887633	252.152385
3	12:15:22	18.70	93.900	29.890	32098.000	12.000	93.975476	19.6878623	196.668800	147.514138	10.09530560	315.478300	35	19.3739612	8.09050497	252.828280
3	12:15:37	18.95	93.630	29.930	32113.000	12.000	93.640685	19.6177234	195.968159	146.988613	10.05934064	314.354395	35	19.3739612	8.06168220	251.927569
3	12:15:52	19.20	93.930	29.890	32082.000	12.000	93.975476	19.6878623	196.668800	147.514138	10.09530560	315.478300	35	19.3739612	8.09050497	252.828280
3	12:16:07	19.45	93.740	29.910	32099.000	12.000	93.807901	19.6527553	196.318104	147.251095	10.07730387	314.915746	35	19.3739612	8.07607816	252.377443
3	12:16:22	19.70	93.440	29.950	32105.000	12.000	93.473825	19.5827664	195.618961	146.726692	10.04141578	313.794243	35	19.3739612	8.04731699	251.478656
3	12:16:37	19.95	93.790	29.910	32126.000	12.000	93.807901	19.6527553	196.318104	147.251095	10.07730387	314.915746	35	19.3739612	8.07607816	252.377443
3	12:16:52	20.20	93.660	29.920	32125.000	12.000	93.724248	19.6352300	196.143038	147.119784	10.06831745	314.634920	35	19.3739612	8.06887633	252.152385
3	12:17:07	20.45	93.920	29.890	32110.000	12.000	93.975476	19.6878623	196.668800	147.514138	10.09530560	315.478300	35	19.3739612	8.09050497	252.828280
3	12:17:22	20.70	93.550	29.940	32120.000	12.000	93.557210	19.6002356	195.793466	146.857583	10.05037342	314.074169	35	19.3739612	8.05449575	251.702992
3	12:17:37	20.95	93.550	29.940	32112.000	12.000	93.557210	19.6002356	195.793466	146.857583	10.05037342	314.074169	35	19.3739612	8.05449575	251.702992
3	12:17:52	21.20	93.490	29.940	31974.000	12.000	93.557210	19.6002356	195.793466	146.857583	10.05037342	314.074169	35	19.3739612	8.05449575	251.702992
3	12:18:07	21.45	93.770	29.910	31966.000	12.000	93.807901	19.6527553	196.318104	147.251095	10.07730387	314.915746	35	19.3739612	8.07607816	252.377443
3	12:18:22	21.70	94.090	29.870	31933.000	12.000	94.143411	19.7230445	197.020247	147.777746	10.11334593	316.042060	35	19.3739612	8.10496272	253.280085
3	12:18:37	21.95	94.000	29.880	31943.000	12.000	94.059399	19.7054440	196.844429	147.645872	10.10432093	315.760029	35	19.3739612	8.09772997	253.054062
3	12:18:52	22.20	93.290	29.970	31943.000	12.000	93.307322	19.5478840	195.270508	146.465331	10.02352920	313.235288	35	19.3739612	8.03298246	251.030702
3	12:19:07	22.45	94.210	29.860	31908.000	12.000	94.227513	19.7406640	197.196253	147.909762	10.12238060	316.324394	35	19.3739612	8.11220321	253.506350
3	12:19:22	22.70	94.260	29.850	31898.000	12.000	94.311705	19.7583023	197.372449	148.041920	10.13142496	316.607030	35	19.3739612	8.11945148	253.732859
3	12:19:37	22.95	94.630	29.810	31866.000	12.000	94.649379	19.8290450	198.079122	148.571970	10.16769956	317.740611	35	19.3739612	8.14852240	254.641325
3	12:19:52	23.20	94.390	29.840	31843.000	12.000	94.395988	19.7759595	197.548833	148.174219	10.14047902	316.889969	35	19.3739612	8.12670752	253.959610
3	12:20:07	23.45	94.480	29.830	31835.000	12.000	94.480361	19.7936357	197.725406	148.306661	10.14954280	317.173212	35	19.3739612	8.13397134	254.186605
3	12:20:22	23.70	94.900	29.780	31832.000	12.000	94.903588	19.8823017	198.611122	148.971004	10.19500792	318.593997	35	19.3739612	8.17040766	255.325239
3	12:20:37	23.95	94.760	29.790	31801.000	12.000	94.818761	19.8645304	198.433598	148.837850	10.18589535	318.309230	35	19.3739612	8.16310474	255.097023
3	12:20:52	24.20	95.080	29.750	31784.000	12.000	95.158618	19.9357305	199.144840	149.371326	10.22240446	319.450139	35	19.3739612	8.19236360	256.011362
3	12:21:07	24.45	95.030	29.760	31772.000	12.000	95.073517	19.9179017	198.966742	149.237742	10.21326246	319.164452	35	19.3739612	8.18503708	255.782409
3	12:21:22	24.70	95.220	29.740	31745.000	12.000	95.243811	19.9535784	199.323129	149.505054	10.23155630	319.736134	35	19.3739612	8.19969800	256.240562
3	12:21:37	24.95	95.200	29.740	31745.000	12.000	95.243811	19.9535784	199.323129	149.505054	10.23155630	319.736134	35	19.3739612	8.19969800	256.240562
3	12:21:52	25.20	95.320	29.730	31738.000	12.000	95.329096	19.9714455	199.501609	149.638926	10.24071799	320.022437	35	19.3739612	8.20704029	256.470009
3	12:22:07	25.45	95.490	29.710	31758.000	12.000	95.499940	20.0072375	199.859148	149.907103	10.25907099	320.595968	35	19.3739612	8.22174862	256.929644
3	12:22:22	25.70	95.540	29.700	31769.000	12.000	95.585501	20.0251625	200.038207	150.041408	10.26826233	320.883198	35	19.3739612	8.22911467	257.159833
3	12:22:37	25.95	95.290	29.730	31716.000	12.000	95.329096	19.9714455	199.501609	149.638926	10.24071799	320.022437	35	19.3739612	8.20704029	256.470009
3	12:22:52	26.20	95.190	29.740	31754.000	12.000	95.243811	19.9535784	199.323129	149.505054	10.23155630	319.736134	35	19.3739612	8.19969800	256.240562
3	12:23:07	26.45	95.320	29.730	31752.000	12.000	95.329096	19.9714455	199.501609	149.638926	10.24071799	320.022437	35	19.3739612	8.20704029	256.470009
3	12:23:22	26.70	95.200	29.740	31739.000	12.000	95.243811	19.9535784	199.323129	149.505054	10.23155630	319.736134	35	19.3739612	8.19969800	256.240562
3	12:23:37	26.95	95.640	29.690	31805.000	12.000	95.671154	20.0431067	200.217458	150.175858	10.27746357	321.170737	35	19.3739612	8.23648866	257.390271
3	12:23:52	27.20	95.340	29.720	31766.000	12.000	95.414472	19.9893319	199.680283	149.772943	10.24988955	320.309048	35	19.3739612	8.21439050	256.699703
3	12:24:07	27.45	94.920	29.770	31750.000	12.000	94.988507	19.9000922	198.788836	149.104301	10.20413028	318.879071	35	19.3739612	8.17771844	255.553701
3	12:24:22	27.70	95.660	29.690	31727.000	12.000	95.671154	20.0431067	200.217458	150.175858	10.27746357	321.170737	35	19.3739612	8.23648866	257.390271
3	12:24:37	27.95	95.700	29.680	31650.000	12.000	95.756899	20.0610703	200.396903	150.310453	10.28667473	321.458585	35	19.3739612	8.24387060	257.620956
3	12:24:52	28.20	95.940	29.650	31694.000	12.000	96.014690	20.1150775	200.936399	150.715110	10.31436790	322.323997	35	19.3739612	8.26606426	258.314508
3	12:25:07	28.45	95.980	29.650	31710.000	12.000	96.014690	20.1150775	200.936399	150.715110	10.31436790	322.323997	35	19.3739612	8.26606426	258.314508
3	12:25:22	28.70	95.620	29.690	31704.000	12.000	95.671154	20.0431067	200.217458	150.175858	10.27746357	321.170737	35	19.3739612	8.23648866	257.390271
3	12:25:37	28.95	95.580	29.700	31685.000	12.000	95.585501	20.0251625	200.038207	150.041408	10.26826233	320.883198	35	19.3739612	8.22911467	257.159833
3	12:25:52	29.20	95.710	29.680	31677.000	12.000	95.756899	20.0610703	200.396903	150.310453	10.28667473	321.458585	35	19.3739612	8.24387060	257.620956
3	12:26:07	29.45	95.970	29.650	31700.000	12.000	96.014690	20.1150775	200.936399	150.715110	10.31436790	322.323997	35	19.3739612	8.26606426	258.314508
3	12:26:22	29.70	95.580	29.700	31683.000	12.000	95.585501	20.0251625	200.038207	150.041408	10.26826233	320.883198	35	19.3739612	8.22911467	257.159833
3	12:26:37	29.95	95.820	29.670	31661.000	12.000	95.842737	20.0790533	200.576541	150.445193	10.29589583	321.746745	35	19.3739612	8.25126051	257.851891
3	12:26:52	30.20	95.240	29.740	31688.000	12.000	95.243811	19.9535784	199.323129	149.505054	10.23155630	319.736134	35	19.3739612	8.19969800	256.240562
3	12:27:07	30.45	95.670	29.690	31681.000	12.000	95.671154	20.0431067	200.217458	150.175858	10.27746357	321.170737	35	19.3739612	8.23648866	257.390271
3	12:27:22	30.70	95.750	29.680	31708.000	12.000	95.756899	20.0610703	200.396903	150.310453	10.28667473	321.458585	35	19.3739612	8.24387060	257.620956
3	12:27:37	30.95	95.440	29.710	31641.000	12.000	95.499940	20.0072375	199.859148	149.907103	10.25907099	320.595968	35	19.3739612	8.22174862	256.929644
3	12:27:52	31.20	95.730	29.680	32064.000	12.000	95.756899	20.0610703	200.396903	150.310453	10.28667473	321.458585	35	19.3739612	8.24387060	257.620956
3	12:28:07	31.45	95.590	29.690	31686.000	12.000	95.671154	20.0431067	200.217458	150.175858	10.27746357	321.170737	35	19.3739612	8.23648866	257.390271
3	12:28:22	31.70	95.840	29.670	31667.000	12.000	95.842737	20.0790533	200.576541	150.445193	10.29589583	321.746745	35	19.3739612	8.25126051	257.851891
3	12:28:37	31.95	95.090	29.750	31674.000	12.000	95.158618	19.9357305	199.144840	149.371326	10.22240446	319.450139	35	19.3739612	8.19236360	256.011362
3	12:28:52	32.20	95.500	29.700	32619.000	12.000	95.585501	20.0251625	200.038207	150.041408	10.26826233	320.883198	35	19.3739612	8.22911467	257.159833
3	12:29:07	32.45	96.390	29.600	32582.000	12.000	96.446201	20.2054791	201.839451	151.392457	10.36072291	323.772591	35	19.3739612	8.30321374	259.475430
