Chamber	Time/hh:mm:ss	Logtime/min	Oxy/% air sat.	Phase/°	Amp	Temp/°C	% air-sat.	% oxygen	pO2 (hPa)	pO2 (Torr)	cO2 [mg/L]	cO2 [µmol/L]	Salinity	chlorinity	SalCorcO2 [mg/L]	SalCorcO2 [µmol/L]
2	10:06:14	0.00	97.240	28.920	15892.000	15.000	97.244546	20.3727324	202.892152	152.182050	9.76965581	305.301744	35	19.3739612	7.88655628	246.454884
2	10:06:24	0.16	96.260	29.030	15911.000	15.000	96.277624	20.1701622	200.874755	150.668873	9.67251416	302.266067	35	19.3739612	7.80813866	244.004333
2	10:06:39	0.41	96.620	28.990	15928.000	15.000	96.627876	20.2435400	201.605525	151.216997	9.70770217	303.365693	35	19.3739612	7.83654419	244.892006
2	10:06:54	0.66	97.160	28.920	15888.000	15.000	97.244546	20.3727324	202.892152	152.182050	9.76965581	305.301744	35	19.3739612	7.88655628	246.454884
2	10:07:09	0.91	97.070	28.930	15902.000	15.000	97.156158	20.3542152	202.707739	152.043728	9.76077596	305.024249	35	19.3739612	7.87938802	246.230876
2	10:07:24	1.16	96.860	28.960	15879.000	15.000	96.891580	20.2987860	202.155720	151.629678	9.73419515	304.193599	35	19.3739612	7.85793066	245.560333
2	10:07:39	1.41	96.840	28.960	15864.000	15.000	96.891580	20.2987860	202.155720	151.629678	9.73419515	304.193599	35	19.3739612	7.85793066	245.560333
2	10:07:54	1.66	96.180	29.040	15861.000	15.000	96.190302	20.1518682	200.692564	150.532219	9.66374134	301.991917	35	19.3739612	7.80105681	243.783025
2	10:08:09	1.91	96.230	29.030	15865.000	15.000	96.277624	20.1701622	200.874755	150.668873	9.67251416	302.266067	35	19.3739612	7.80813866	244.004333
2	10:08:24	2.16	97.040	28.940	15903.000	15.000	97.067868	20.3357184	202.523530	151.905559	9.75190591	304.747060	35	19.3739612	7.87222767	246.007115
2	10:08:39	2.41	96.820	28.960	15891.000	15.000	96.891580	20.2987860	202.155720	151.629678	9.73419515	304.193599	35	19.3739612	7.85793066	245.560333
2	10:08:54	2.66	96.390	29.010	15891.000	15.000	96.452557	20.2068107	201.239737	150.942633	9.69008878	302.815274	35	19.3739612	7.82232578	244.447681
2	10:09:09	2.91	96.270	29.030	15864.000	15.000	96.277624	20.1701622	200.874755	150.668873	9.67251416	302.266067	35	19.3739612	7.80813866	244.004333
2	10:09:24	3.16	97.040	28.940	15850.000	15.000	97.067868	20.3357184	202.523530	151.905559	9.75190591	304.747060	35	19.3739612	7.87222767	246.007115
2	10:09:39	3.41	96.190	29.030	15891.000	15.000	96.277624	20.1701622	200.874755	150.668873	9.67251416	302.266067	35	19.3739612	7.80813866	244.004333
2	10:09:54	3.66	96.430	29.010	15887.000	15.000	96.452557	20.2068107	201.239737	150.942633	9.69008878	302.815274	35	19.3739612	7.82232578	244.447681
2	10:10:09	3.91	96.190	29.030	15882.000	15.000	96.277624	20.1701622	200.874755	150.668873	9.67251416	302.266067	35	19.3739612	7.80813866	244.004333
2	10:10:24	4.16	96.970	28.950	15864.000	15.000	96.979675	20.3172420	202.339523	151.767543	9.74304565	304.470176	35	19.3739612	7.86507522	245.783601
2	10:10:39	4.41	96.300	29.020	15870.000	15.000	96.365042	20.1884764	201.057145	150.805677	9.68129663	302.540520	35	19.3739612	7.81522832	244.225885
2	10:10:54	4.66	96.820	28.960	15857.000	15.000	96.891580	20.2987860	202.155720	151.629678	9.73419515	304.193599	35	19.3739612	7.85793066	245.560333
2	10:11:09	4.91	96.300	29.020	15839.000	15.000	96.365042	20.1884764	201.057145	150.805677	9.68129663	302.540520	35	19.3739612	7.81522832	244.225885
2	10:11:24	5.16	96.860	28.960	15855.000	15.000	96.891580	20.2987860	202.155720	151.629678	9.73419515	304.193599	35	19.3739612	7.85793066	245.560333
2	10:11:39	5.41	97.150	28.930	15857.000	15.000	97.156158	20.3542152	202.707739	152.043728	9.76077596	305.024249	35	19.3739612	7.87938802	246.230876
2	10:11:54	5.66	96.090	29.050	15872.000	15.000	96.103075	20.1335943	200.510575	150.395715	9.65497818	301.718068	35	19.3739612	7.79398274	243.561961
2	10:12:09	5.91	97.060	28.940	15855.000	15.000	97.067868	20.3357184	202.523530	151.905559	9.75190591	304.747060	35	19.3739612	7.87222767	246.007115
2	10:12:24	6.16	96.970	28.950	15879.000	15.000	96.979675	20.3172420	202.339523	151.767543	9.74304565	304.470176	35	19.3739612	7.86507522	245.783601
2	10:12:39	6.41	97.000	28.940	15844.000	15.000	97.067868	20.3357184	202.523530	151.905559	9.75190591	304.747060	35	19.3739612	7.87222767	246.007115
2	10:12:54	6.66	96.810	28.960	15846.000	15.000	96.891580	20.2987860	202.155720	151.629678	9.73419515	304.193599	35	19.3739612	7.85793066	245.560333
2	10:13:09	6.91	97.380	28.900	15842.000	15.000	97.421615	20.4098282	203.261590	152.459151	9.78744497	305.857655	35	19.3739612	7.90091658	246.903643
2	10:13:24	7.16	96.590	28.990	15870.000	15.000	96.627876	20.2435400	201.605525	151.216997	9.70770217	303.365693	35	19.3739612	7.83654419	244.892006
2	10:13:39	7.41	97.370	28.900	15839.000	15.000	97.421615	20.4098282	203.261590	152.459151	9.78744497	305.857655	35	19.3739612	7.90091658	246.903643
2	10:13:54	7.66	97.160	28.920	15842.000	15.000	97.244546	20.3727324	202.892152	152.182050	9.76965581	305.301744	35	19.3739612	7.88655628	246.454884
2	10:14:09	7.91	97.160	28.920	15869.000	15.000	97.244546	20.3727324	202.892152	152.182050	9.76965581	305.301744	35	19.3739612	7.88655628	246.454884
2	10:14:24	8.16	97.130	28.930	15857.000	15.000	97.156158	20.3542152	202.707739	152.043728	9.76077596	305.024249	35	19.3739612	7.87938802	246.230876
2	10:14:39	8.41	97.030	28.940	15863.000	15.000	97.067868	20.3357184	202.523530	151.905559	9.75190591	304.747060	35	19.3739612	7.87222767	246.007115
2	10:14:54	8.66	96.240	29.030	15853.000	15.000	96.277624	20.1701622	200.874755	150.668873	9.67251416	302.266067	35	19.3739612	7.80813866	244.004333
2	10:15:09	8.91	97.070	28.930	15836.000	15.000	97.156158	20.3542152	202.707739	152.043728	9.76077596	305.024249	35	19.3739612	7.87938802	246.230876
2	10:15:24	9.16	97.230	28.920	15848.000	15.000	97.244546	20.3727324	202.892152	152.182050	9.76965581	305.301744	35	19.3739612	7.88655628	246.454884
2	10:15:39	9.41	97.160	28.920	15844.000	15.000	97.244546	20.3727324	202.892152	152.182050	9.76965581	305.301744	35	19.3739612	7.88655628	246.454884
2	10:15:54	9.66	96.710	28.980	15858.000	15.000	96.715680	20.2619350	201.788721	151.354406	9.71652343	303.641357	35	19.3739612	7.84366515	245.114536
2	10:16:09	9.91	96.530	29.000	15839.000	15.000	96.540168	20.2251652	201.422530	151.079739	9.69889062	303.090332	35	19.3739612	7.82943107	244.669721
2	10:16:24	10.16	96.890	28.960	15859.000	15.000	96.891580	20.2987860	202.155720	151.629678	9.73419515	304.193599	35	19.3739612	7.85793066	245.560333
2	10:16:39	10.41	96.750	28.970	15848.000	15.000	96.803582	20.2803504	201.972119	151.491966	9.72535442	303.917326	35	19.3739612	7.85079397	245.337312
2	10:16:54	10.66	96.730	28.970	15862.000	15.000	96.803582	20.2803504	201.972119	151.491966	9.72535442	303.917326	35	19.3739612	7.85079397	245.337312
2	10:17:09	10.91	96.740	28.970	15843.000	15.000	96.803582	20.2803504	201.972119	151.491966	9.72535442	303.917326	35	19.3739612	7.85079397	245.337312
2	10:17:24	11.16	97.090	28.930	15835.000	15.000	97.156158	20.3542152	202.707739	152.043728	9.76077596	305.024249	35	19.3739612	7.87938802	246.230876
2	10:17:39	11.41	96.470	29.000	15835.000	15.000	96.540168	20.2251652	201.422530	151.079739	9.69889062	303.090332	35	19.3739612	7.82943107	244.669721
2	10:17:54	11.66	97.350	28.900	15868.000	15.000	97.421615	20.4098282	203.261590	152.459151	9.78744497	305.857655	35	19.3739612	7.90091658	246.903643
2	10:18:09	11.91	96.970	28.950	15856.000	15.000	96.979675	20.3172420	202.339523	151.767543	9.74304565	304.470176	35	19.3739612	7.86507522	245.783601
2	10:18:24	12.16	97.100	28.930	15844.000	15.000	97.156158	20.3542152	202.707739	152.043728	9.76077596	305.024249	35	19.3739612	7.87938802	246.230876
2	10:18:39	12.41	96.530	29.000	15854.000	15.000	96.540168	20.2251652	201.422530	151.079739	9.69889062	303.090332	35	19.3739612	7.82943107	244.669721
2	10:18:54	12.66	95.490	29.120	15836.000	15.000	95.495169	20.0062380	199.242233	149.444377	9.59390502	299.809532	35	19.3739612	7.74468142	242.021294
2	10:19:09	12.91	95.990	29.060	15843.000	15.000	96.015945	20.1153405	200.328785	150.259361	9.64622464	301.444520	35	19.3739612	7.78691645	243.341139
2	10:19:24	13.16	96.130	29.040	15856.000	15.000	96.190302	20.1518682	200.692564	150.532219	9.66374134	301.991917	35	19.3739612	7.80105681	243.783025
2	10:19:39	13.41	96.880	28.960	15843.000	15.000	96.891580	20.2987860	202.155720	151.629678	9.73419515	304.193599	35	19.3739612	7.85793066	245.560333
2	10:19:54	13.66	96.640	28.980	15859.000	15.000	96.715680	20.2619350	201.788721	151.354406	9.71652343	303.641357	35	19.3739612	7.84366515	245.114536
2	10:20:09	13.91	96.160	29.040	15831.000	15.000	96.190302	20.1518682	200.692564	150.532219	9.66374134	301.991917	35	19.3739612	7.80105681	243.783025
2	10:20:24	14.16	96.610	28.990	15834.000	15.000	96.627876	20.2435400	201.605525	151.216997	9.70770217	303.365693	35	19.3739612	7.83654419	244.892006
2	10:20:39	14.41	96.320	29.020	15870.000	15.000	96.365042	20.1884764	201.057145	150.805677	9.68129663	302.540520	35	19.3739612	7.81522832	244.225885
2	10:20:54	14.66	95.780	29.080	15856.000	15.000	95.841972	20.0788930	199.965805	149.987102	9.62874643	300.898326	35	19.3739612	7.77280716	242.900224
2	10:21:09	14.91	95.830	29.080	15857.000	15.000	95.841972	20.0788930	199.965805	149.987102	9.62874643	300.898326	35	19.3739612	7.77280716	242.900224
2	10:21:24	15.16	96.520	29.000	15846.000	15.000	96.540168	20.2251652	201.422530	151.079739	9.69889062	303.090332	35	19.3739612	7.82943107	244.669721
2	10:21:39	15.41	95.840	29.080	15854.000	15.000	95.841972	20.0788930	199.965805	149.987102	9.62874643	300.898326	35	19.3739612	7.77280716	242.900224
2	10:21:54	15.66	96.400	29.010	15818.000	15.000	96.452557	20.2068107	201.239737	150.942633	9.69008878	302.815274	35	19.3739612	7.82232578	244.447681
2	10:22:09	15.91	96.840	28.960	15863.000	15.000	96.891580	20.2987860	202.155720	151.629678	9.73419515	304.193599	35	19.3739612	7.85793066	245.560333
2	10:22:24	16.16	96.720	28.970	15839.000	15.000	96.803582	20.2803504	201.972119	151.491966	9.72535442	303.917326	35	19.3739612	7.85079397	245.337312
2	10:22:39	16.41	96.390	29.010	15851.000	15.000	96.452557	20.2068107	201.239737	150.942633	9.69008878	302.815274	35	19.3739612	7.82232578	244.447681
2	10:22:54	16.66	97.540	28.880	15864.000	15.000	97.599075	20.4470062	203.631845	152.736867	9.80527349	306.414797	35	19.3739612	7.91530866	247.353396
2	10:23:09	16.91	96.100	29.050	15846.000	15.000	96.103075	20.1335943	200.510575	150.395715	9.65497818	301.718068	35	19.3739612	7.79398274	243.561961
2	10:23:24	17.16	96.850	28.960	15867.000	15.000	96.891580	20.2987860	202.155720	151.629678	9.73419515	304.193599	35	19.3739612	7.85793066	245.560333
2	10:23:39	17.41	96.750	28.970	15839.000	15.000	96.803582	20.2803504	201.972119	151.491966	9.72535442	303.917326	35	19.3739612	7.85079397	245.337312
2	10:23:54	17.66	95.650	29.100	15874.000	15.000	95.668380	20.0425256	199.603621	149.715442	9.61130659	300.353331	35	19.3739612	7.75872884	242.460276
2	10:24:09	17.91	96.900	28.950	15846.000	15.000	96.979675	20.3172420	202.339523	151.767543	9.74304565	304.470176	35	19.3739612	7.86507522	245.783601
2	10:24:24	18.16	96.370	29.010	15863.000	15.000	96.452557	20.2068107	201.239737	150.942633	9.69008878	302.815274	35	19.3739612	7.82232578	244.447681
2	10:24:39	18.41	97.270	28.910	15835.000	15.000	97.333031	20.3912701	203.076769	152.320524	9.77854548	305.579546	35	19.3739612	7.89373247	246.679140
2	10:24:54	18.66	96.400	29.010	15859.000	15.000	96.452557	20.2068107	201.239737	150.942633	9.69008878	302.815274	35	19.3739612	7.82232578	244.447681
2	10:25:09	18.91	96.510	29.000	15854.000	15.000	96.540168	20.2251652	201.422530	151.079739	9.69889062	303.090332	35	19.3739612	7.82943107	244.669721
2	10:25:24	19.16	96.630	28.980	15837.000	15.000	96.715680	20.2619350	201.788721	151.354406	9.71652343	303.641357	35	19.3739612	7.84366515	245.114536
2	10:25:39	19.41	96.560	28.990	15835.000	15.000	96.627876	20.2435400	201.605525	151.216997	9.70770217	303.365693	35	19.3739612	7.83654419	244.892006
2	10:25:54	19.66	96.990	28.940	15857.000	15.000	97.067868	20.3357184	202.523530	151.905559	9.75190591	304.747060	35	19.3739612	7.87222767	246.007115
2	10:26:09	19.91	96.050	29.050	15879.000	15.000	96.103075	20.1335943	200.510575	150.395715	9.65497818	301.718068	35	19.3739612	7.79398274	243.561961
2	10:26:24	20.16	96.840	28.960	15856.000	15.000	96.891580	20.2987860	202.155720	151.629678	9.73419515	304.193599	35	19.3739612	7.85793066	245.560333
