Chamber	Time/hh:mm:ss	Logtime/min	Oxy/% air sat.	Phase/°	Amp	Temp/°C	% air-sat.	% oxygen	pO2 (hPa)	pO2 (Torr)	cO2 [mg/L]	cO2 [µmol/L]	Salinity	chlorinity	SalCorcO2 [mg/L]	SalCorcO2 [µmol/L]
8	14:14:44	0.00	96.160	30.240	32123.000	9.000	96.178070	20.1493057	201.792016	151.356877	11.08872675	346.522711	35	19.3739612	8.82152353	275.672610
8	14:14:49	0.08	95.180	30.350	32106.000	9.000	95.245612	19.9539558	199.835618	149.889454	10.98122022	343.163132	35	19.3739612	8.73599780	272.999931
8	14:15:04	0.33	96.250	30.230	32151.000	9.000	96.263378	20.1671778	201.971002	151.491128	11.09856226	346.830071	35	19.3739612	8.82934806	275.917127
8	14:15:19	0.58	95.700	30.290	32224.000	9.000	95.752881	20.0602286	200.899923	150.687751	11.03970512	344.990785	35	19.3739612	8.78252486	274.453902
8	14:15:34	0.83	95.750	30.290	32208.000	9.000	95.752881	20.0602286	200.899923	150.687751	11.03970512	344.990785	35	19.3739612	8.78252486	274.453902
8	14:15:49	1.08	95.980	30.260	32167.000	9.000	96.007724	20.1136183	201.434612	151.088802	11.06908697	345.908968	35	19.3739612	8.80589929	275.184353
8	14:16:04	1.33	95.600	30.300	32191.000	9.000	95.668113	20.0424696	200.722070	150.554350	11.02993187	344.685371	35	19.3739612	8.77474985	274.210933
8	14:16:19	1.58	95.400	30.330	32212.000	9.000	95.414345	19.9893052	200.189637	150.154991	11.00067401	343.771063	35	19.3739612	8.75147406	273.483565
8	14:16:34	1.83	96.240	30.230	32209.000	9.000	96.263378	20.1671778	201.971002	151.491128	11.09856226	346.830071	35	19.3739612	8.82934806	275.917127
8	14:16:49	2.08	96.100	30.240	32154.000	9.000	96.178070	20.1493057	201.792016	151.356877	11.08872675	346.522711	35	19.3739612	8.82152353	275.672610
8	14:17:04	2.33	96.040	30.250	32179.000	9.000	96.092852	20.1314525	201.613219	151.222768	11.07890166	346.215677	35	19.3739612	8.81370727	275.428352
8	14:17:19	2.58	96.260	30.230	32169.000	9.000	96.263378	20.1671778	201.971002	151.491128	11.09856226	346.830071	35	19.3739612	8.82934806	275.917127
8	14:17:34	2.83	95.470	30.320	32169.000	9.000	95.498845	20.0070080	200.366927	150.287970	11.01041633	344.075510	35	19.3739612	8.75922447	273.725765
8	14:17:49	3.08	96.040	30.250	32161.000	9.000	96.092852	20.1314525	201.613219	151.222768	11.07890166	346.215677	35	19.3739612	8.81370727	275.428352
8	14:18:04	3.33	95.560	30.310	32175.000	9.000	95.583434	20.0247294	200.544405	150.421089	11.02016894	344.380279	35	19.3739612	8.76698306	273.968221
8	14:18:19	3.58	95.540	30.310	32194.000	9.000	95.583434	20.0247294	200.544405	150.421089	11.02016894	344.380279	35	19.3739612	8.76698306	273.968221
8	14:18:34	3.83	95.840	30.270	32204.000	9.000	95.922687	20.0958029	201.256194	150.954977	11.05928265	345.602583	35	19.3739612	8.79809957	274.940612
8	14:18:49	4.08	96.020	30.250	32218.000	9.000	96.092852	20.1314525	201.613219	151.222768	11.07890166	346.215677	35	19.3739612	8.81370727	275.428352
8	14:19:04	4.33	95.870	30.270	32213.000	9.000	95.922687	20.0958029	201.256194	150.954977	11.05928265	345.602583	35	19.3739612	8.79809957	274.940612
8	14:19:19	4.58	95.520	30.310	32222.000	9.000	95.583434	20.0247294	200.544405	150.421089	11.02016894	344.380279	35	19.3739612	8.76698306	273.968221
8	14:19:34	4.83	95.680	30.290	32155.000	9.000	95.752881	20.0602286	200.899923	150.687751	11.03970512	344.990785	35	19.3739612	8.78252486	274.453902
8	14:19:49	5.08	95.870	30.270	32139.000	9.000	95.922687	20.0958029	201.256194	150.954977	11.05928265	345.602583	35	19.3739612	8.79809957	274.940612
8	14:20:04	5.33	96.130	30.240	32166.000	9.000	96.178070	20.1493057	201.792016	151.356877	11.08872675	346.522711	35	19.3739612	8.82152353	275.672610
8	14:20:19	5.58	96.260	30.230	32199.000	9.000	96.263378	20.1671778	201.971002	151.491128	11.09856226	346.830071	35	19.3739612	8.82934806	275.917127
8	14:20:34	5.83	95.770	30.280	32178.000	9.000	95.837739	20.0780063	201.077964	150.821293	11.04948871	345.296522	35	19.3739612	8.79030810	274.697128
8	14:20:49	6.08	95.710	30.290	32171.000	9.000	95.752881	20.0602286	200.899923	150.687751	11.03970512	344.990785	35	19.3739612	8.78252486	274.453902
8	14:21:04	6.33	95.580	30.310	32183.000	9.000	95.583434	20.0247294	200.544405	150.421089	11.02016894	344.380279	35	19.3739612	8.76698306	273.968221
8	14:21:19	6.58	95.770	30.280	32217.000	9.000	95.837739	20.0780063	201.077964	150.821293	11.04948871	345.296522	35	19.3739612	8.79030810	274.697128
8	14:21:34	6.83	95.110	30.360	32155.000	9.000	95.161379	19.9363090	199.658889	149.756896	10.97150871	342.859647	35	19.3739612	8.72827190	272.758497
8	14:21:49	7.08	95.780	30.280	32187.000	9.000	95.837739	20.0780063	201.077964	150.821293	11.04948871	345.296522	35	19.3739612	8.79030810	274.697128
8	14:22:04	7.33	95.970	30.260	32136.000	9.000	96.007724	20.1136183	201.434612	151.088802	11.06908697	345.908968	35	19.3739612	8.80589929	275.184353
8	14:22:19	7.58	95.710	30.290	32131.000	9.000	95.752881	20.0602286	200.899923	150.687751	11.03970512	344.990785	35	19.3739612	8.78252486	274.453902
8	14:22:34	7.83	95.380	30.330	32157.000	9.000	95.414345	19.9893052	200.189637	150.154991	11.00067401	343.771063	35	19.3739612	8.75147406	273.483565
8	14:22:49	8.08	95.460	30.320	32171.000	9.000	95.498845	20.0070080	200.366927	150.287970	11.01041633	344.075510	35	19.3739612	8.75922447	273.725765
8	14:23:04	8.33	95.860	30.270	32180.000	9.000	95.922687	20.0958029	201.256194	150.954977	11.05928265	345.602583	35	19.3739612	8.79809957	274.940612
8	14:23:19	8.58	96.660	30.180	32132.000	9.000	96.691279	20.2568228	202.868783	152.164521	11.14789645	348.371764	35	19.3739612	8.86859537	277.143605
8	14:23:34	8.83	95.530	30.310	32172.000	9.000	95.583434	20.0247294	200.544405	150.421089	11.02016894	344.380279	35	19.3739612	8.76698306	273.968221
8	14:23:49	9.08	95.310	30.340	32176.000	9.000	95.329934	19.9716212	200.012534	150.022153	10.99094198	343.466937	35	19.3739612	8.74373185	273.241620
8	14:24:04	9.33	95.450	30.320	32174.000	9.000	95.498845	20.0070080	200.366927	150.287970	11.01041633	344.075510	35	19.3739612	8.75922447	273.725765
8	14:24:19	9.58	95.760	30.280	32193.000	9.000	95.837739	20.0780063	201.077964	150.821293	11.04948871	345.296522	35	19.3739612	8.79030810	274.697128
8	14:24:34	9.83	96.290	30.220	32170.000	9.000	96.348777	20.1850688	202.150177	151.625521	11.10840819	347.137756	35	19.3739612	8.83718089	276.161903
8	14:24:49	10.08	95.400	30.330	32212.000	9.000	95.414345	19.9893052	200.189637	150.154991	11.00067401	343.771063	35	19.3739612	8.75147406	273.483565
8	14:25:04	10.33	96.240	30.230	32212.000	9.000	96.263378	20.1671778	201.971002	151.491128	11.09856226	346.830071	35	19.3739612	8.82934806	275.917127
8	14:25:19	10.58	96.180	30.230	32186.000	9.000	96.263378	20.1671778	201.971002	151.491128	11.09856226	346.830071	35	19.3739612	8.82934806	275.917127
8	14:25:34	10.83	95.730	30.290	32160.000	9.000	95.752881	20.0602286	200.899923	150.687751	11.03970512	344.990785	35	19.3739612	8.78252486	274.453902
8	14:25:49	11.08	94.970	30.380	32179.000	9.000	94.993180	19.9010713	199.305988	149.492198	10.95211640	342.253637	35	19.3739612	8.71284455	272.276392
8	14:26:04	11.33	95.540	30.310	32180.000	9.000	95.583434	20.0247294	200.544405	150.421089	11.02016894	344.380279	35	19.3739612	8.76698306	273.968221
8	14:26:19	11.58	96.180	30.230	32193.000	9.000	96.263378	20.1671778	201.971002	151.491128	11.09856226	346.830071	35	19.3739612	8.82934806	275.917127
8	14:26:34	11.83	95.740	30.290	32155.000	9.000	95.752881	20.0602286	200.899923	150.687751	11.03970512	344.990785	35	19.3739612	8.78252486	274.453902
8	14:26:49	12.08	95.580	30.310	32187.000	9.000	95.583434	20.0247294	200.544405	150.421089	11.02016894	344.380279	35	19.3739612	8.76698306	273.968221
8	14:27:04	12.33	95.950	30.260	32141.000	9.000	96.007724	20.1136183	201.434612	151.088802	11.06908697	345.908968	35	19.3739612	8.80589929	275.184353
8	14:27:19	12.58	95.710	30.290	32212.000	9.000	95.752881	20.0602286	200.899923	150.687751	11.03970512	344.990785	35	19.3739612	8.78252486	274.453902
8	14:27:34	12.83	95.490	30.320	32156.000	9.000	95.498845	20.0070080	200.366927	150.287970	11.01041633	344.075510	35	19.3739612	8.75922447	273.725765
8	14:27:49	13.08	96.180	30.230	32217.000	9.000	96.263378	20.1671778	201.971002	151.491128	11.09856226	346.830071	35	19.3739612	8.82934806	275.917127
8	14:28:04	13.33	96.100	30.240	32150.000	9.000	96.178070	20.1493057	201.792016	151.356877	11.08872675	346.522711	35	19.3739612	8.82152353	275.672610
8	14:28:19	13.58	96.640	30.180	32177.000	9.000	96.691279	20.2568228	202.868783	152.164521	11.14789645	348.371764	35	19.3739612	8.86859537	277.143605
8	14:28:34	13.83	96.010	30.250	32146.000	9.000	96.092852	20.1314525	201.613219	151.222768	11.07890166	346.215677	35	19.3739612	8.81370727	275.428352
8	14:28:49	14.08	95.990	30.260	32181.000	9.000	96.007724	20.1136183	201.434612	151.088802	11.06908697	345.908968	35	19.3739612	8.80589929	275.184353
8	14:29:04	14.33	96.120	30.240	32171.000	9.000	96.178070	20.1493057	201.792016	151.356877	11.08872675	346.522711	35	19.3739612	8.82152353	275.672610
8	14:29:19	14.58	95.540	30.310	32167.000	9.000	95.583434	20.0247294	200.544405	150.421089	11.02016894	344.380279	35	19.3739612	8.76698306	273.968221
8	14:29:34	14.83	95.870	30.270	32183.000	9.000	95.922687	20.0958029	201.256194	150.954977	11.05928265	345.602583	35	19.3739612	8.79809957	274.940612
8	14:29:49	15.08	95.490	30.320	32151.000	9.000	95.498845	20.0070080	200.366927	150.287970	11.01041633	344.075510	35	19.3739612	8.75922447	273.725765
8	14:30:04	15.33	95.530	30.310	32231.000	9.000	95.583434	20.0247294	200.544405	150.421089	11.02016894	344.380279	35	19.3739612	8.76698306	273.968221
8	14:30:19	15.58	96.130	30.240	32162.000	9.000	96.178070	20.1493057	201.792016	151.356877	11.08872675	346.522711	35	19.3739612	8.82152353	275.672610
8	14:30:34	15.83	96.580	30.190	32163.000	9.000	96.605517	20.2388558	202.688845	152.029557	11.13800867	348.062771	35	19.3739612	8.86072925	276.897789
8	14:30:49	16.08	95.600	30.300	32230.000	9.000	95.668113	20.0424696	200.722070	150.554350	11.02993187	344.685371	35	19.3739612	8.77474985	274.210933
8	14:31:04	16.33	95.870	30.270	32209.000	9.000	95.922687	20.0958029	201.256194	150.954977	11.05928265	345.602583	35	19.3739612	8.79809957	274.940612
8	14:31:19	16.58	95.990	30.260	32165.000	9.000	96.007724	20.1136183	201.434612	151.088802	11.06908697	345.908968	35	19.3739612	8.80589929	275.184353
8	14:31:34	16.83	96.090	30.250	32212.000	9.000	96.092852	20.1314525	201.613219	151.222768	11.07890166	346.215677	35	19.3739612	8.81370727	275.428352
8	14:31:49	17.08	96.030	30.250	32186.000	9.000	96.092852	20.1314525	201.613219	151.222768	11.07890166	346.215677	35	19.3739612	8.81370727	275.428352
8	14:32:04	17.33	95.730	30.290	32197.000	9.000	95.752881	20.0602286	200.899923	150.687751	11.03970512	344.990785	35	19.3739612	8.78252486	274.453902
8	14:32:19	17.58	95.900	30.270	32193.000	9.000	95.922687	20.0958029	201.256194	150.954977	11.05928265	345.602583	35	19.3739612	8.79809957	274.940612
8	14:32:34	17.83	96.460	30.200	32180.000	9.000	96.519846	20.2209078	202.509099	151.894735	11.12813138	347.754106	35	19.3739612	8.85287147	276.652234
8	14:32:49	18.08	95.490	30.320	32170.000	9.000	95.498845	20.0070080	200.366927	150.287970	11.01041633	344.075510	35	19.3739612	8.75922447	273.725765
8	14:33:04	18.33	95.690	30.290	32168.000	9.000	95.752881	20.0602286	200.899923	150.687751	11.03970512	344.990785	35	19.3739612	8.78252486	274.453902
8	14:33:19	18.58	96.180	30.230	32126.000	9.000	96.263378	20.1671778	201.971002	151.491128	11.09856226	346.830071	35	19.3739612	8.82934806	275.917127
8	14:33:34	18.83	95.870	30.270	32205.000	9.000	95.922687	20.0958029	201.256194	150.954977	11.05928265	345.602583	35	19.3739612	8.79809957	274.940612
8	14:33:49	19.08	95.820	30.280	32169.000	9.000	95.837739	20.0780063	201.077964	150.821293	11.04948871	345.296522	35	19.3739612	8.79030810	274.697128
8	14:34:04	19.33	96.290	30.220	32232.000	9.000	96.348777	20.1850688	202.150177	151.625521	11.10840819	347.137756	35	19.3739612	8.83718089	276.161903
8	14:34:19	19.58	95.660	30.300	32161.000	9.000	95.668113	20.0424696	200.722070	150.554350	11.02993187	344.685371	35	19.3739612	8.77474985	274.210933
8	14:34:34	19.83	95.330	30.330	32221.000	9.000	95.414345	19.9893052	200.189637	150.154991	11.00067401	343.771063	35	19.3739612	8.75147406	273.483565
8	14:34:49	20.08	95.840	30.270	32210.000	9.000	95.922687	20.0958029	201.256194	150.954977	11.05928265	345.602583	35	19.3739612	8.79809957	274.940612
