Chamber	Time/hh:mm:ss	Logtime/min	Oxy/% air sat.	Phase/°	Amp	Temp/°C	% air-sat.	% oxygen	pO2 (hPa)	pO2 (Torr)	cO2 [mg/L]	cO2 [µmol/L]	Salinity	chlorinity	SalCorcO2 [mg/L]	SalCorcO2 [µmol/L]
3	15:32:32	0.00	94.800	31.030	32084.000	6.000	94.834058	19.8677351	199.395877	149.559620	11.77820285	368.068839	35	19.3739612	9.30629785	290.821808
3	15:32:47	0.25	94.400	31.080	32073.000	6.000	94.420510	19.7810968	198.526361	148.907428	11.72684104	366.463782	35	19.3739612	9.26571540	289.553606
3	15:33:02	0.50	94.700	31.040	32073.000	6.000	94.751177	19.8503716	199.221614	149.428912	11.76790927	367.747165	35	19.3739612	9.29816460	290.567644
3	15:33:17	0.75	94.640	31.050	32055.000	6.000	94.668382	19.8330261	199.047532	149.298339	11.75762631	367.425822	35	19.3739612	9.29003973	290.313742
3	15:33:32	1.00	95.000	31.000	32075.000	6.000	95.083213	19.9199332	199.919746	149.952555	11.80914750	369.035859	35	19.3739612	9.33074811	291.585878
3	15:33:47	1.25	94.840	31.020	32063.000	6.000	94.917024	19.8851164	199.570319	149.690463	11.78850708	368.390846	35	19.3739612	9.31443952	291.076235
3	15:34:02	1.50	94.340	31.080	32061.000	6.000	94.420510	19.7810968	198.526361	148.907428	11.72684104	366.463782	35	19.3739612	9.26571540	289.553606
3	15:34:17	1.75	94.890	31.020	32047.000	6.000	94.917024	19.8851164	199.570319	149.690463	11.78850708	368.390846	35	19.3739612	9.31443952	291.076235
3	15:34:32	2.00	94.740	31.040	32052.000	6.000	94.751177	19.8503716	199.221614	149.428912	11.76790927	367.747165	35	19.3739612	9.29816460	290.567644
3	15:34:47	2.25	94.800	31.030	32052.000	6.000	94.834058	19.8677351	199.395877	149.559620	11.77820285	368.068839	35	19.3739612	9.30629785	290.821808
3	15:35:02	2.50	94.870	31.020	32059.000	6.000	94.917024	19.8851164	199.570319	149.690463	11.78850708	368.390846	35	19.3739612	9.31443952	291.076235
3	15:35:17	2.75	94.770	31.030	32030.000	6.000	94.834058	19.8677351	199.395877	149.559620	11.77820285	368.068839	35	19.3739612	9.30629785	290.821808
3	15:35:32	3.00	94.470	31.070	32062.000	6.000	94.503049	19.7983887	198.699905	149.037597	11.73709221	366.784131	35	19.3739612	9.27381515	289.806723
3	15:35:47	3.25	95.500	30.940	32042.000	6.000	95.583850	20.0248166	200.972373	150.742093	11.87132560	370.978925	35	19.3739612	9.37987682	293.121151
3	15:36:02	3.50	94.780	31.030	32035.000	6.000	94.834058	19.8677351	199.395877	149.559620	11.77820285	368.068839	35	19.3739612	9.30629785	290.821808
3	15:36:17	3.75	94.970	31.010	32034.000	6.000	95.000075	19.9025158	199.744942	149.821441	11.79882195	368.713186	35	19.3739612	9.32258960	291.330925
3	15:36:32	4.00	94.920	31.010	32026.000	6.000	95.000075	19.9025158	199.744942	149.821441	11.79882195	368.713186	35	19.3739612	9.32258960	291.330925
3	15:36:47	4.25	95.510	30.940	32053.000	6.000	95.583850	20.0248166	200.972373	150.742093	11.87132560	370.978925	35	19.3739612	9.37987682	293.121151
3	15:37:02	4.50	94.520	31.060	32030.000	6.000	94.585673	19.8156985	198.873629	149.167901	11.74735396	367.104811	35	19.3739612	9.28192325	290.060102
3	15:37:17	4.75	94.850	31.020	32047.000	6.000	94.917024	19.8851164	199.570319	149.690463	11.78850708	368.390846	35	19.3739612	9.31443952	291.076235
3	15:37:32	5.00	94.840	31.020	32023.000	6.000	94.917024	19.8851164	199.570319	149.690463	11.78850708	368.390846	35	19.3739612	9.31443952	291.076235
3	15:37:47	5.25	94.960	31.010	32007.000	6.000	95.000075	19.9025158	199.744942	149.821441	11.79882195	368.713186	35	19.3739612	9.32258960	291.330925
3	15:38:02	5.50	95.240	30.980	31997.000	6.000	95.249747	19.9548220	200.269895	150.215190	11.82983064	369.682208	35	19.3739612	9.34709046	292.096577
3	15:38:17	5.75	95.270	30.970	32024.000	6.000	95.333143	19.9722935	200.445242	150.346711	11.84018828	370.005884	35	19.3739612	9.35527433	292.352323
3	15:38:32	6.00	95.090	30.990	32029.000	6.000	95.166437	19.9373685	200.094730	150.083805	11.81948372	369.358866	35	19.3739612	9.33891506	291.841096
3	15:38:47	6.25	95.260	30.970	31982.000	6.000	95.333143	19.9722935	200.445242	150.346711	11.84018828	370.005884	35	19.3739612	9.35527433	292.352323
3	15:39:02	6.50	94.890	31.020	32005.000	6.000	94.917024	19.8851164	199.570319	149.690463	11.78850708	368.390846	35	19.3739612	9.31443952	291.076235
3	15:39:17	6.75	94.760	31.030	32027.000	6.000	94.834058	19.8677351	199.395877	149.559620	11.77820285	368.068839	35	19.3739612	9.30629785	290.821808
3	15:39:32	7.00	95.340	30.960	32027.000	6.000	95.416625	19.9897830	200.620770	150.478369	11.85055664	370.329895	35	19.3739612	9.36346667	292.608333
3	15:39:47	7.25	94.860	31.020	32012.000	6.000	94.917024	19.8851164	199.570319	149.690463	11.78850708	368.390846	35	19.3739612	9.31443952	291.076235
3	15:40:02	7.50	94.690	31.040	32011.000	6.000	94.751177	19.8503716	199.221614	149.428912	11.76790927	367.747165	35	19.3739612	9.29816460	290.567644
3	15:40:17	7.75	95.290	30.970	31996.000	6.000	95.333143	19.9722935	200.445242	150.346711	11.84018828	370.005884	35	19.3739612	9.35527433	292.352323
3	15:40:32	8.00	94.900	31.020	32013.000	6.000	94.917024	19.8851164	199.570319	149.690463	11.78850708	368.390846	35	19.3739612	9.31443952	291.076235
3	15:40:47	8.25	94.950	31.010	31990.000	6.000	95.000075	19.9025158	199.744942	149.821441	11.79882195	368.713186	35	19.3739612	9.32258960	291.330925
3	15:41:02	8.50	95.090	30.990	32014.000	6.000	95.166437	19.9373685	200.094730	150.083805	11.81948372	369.358866	35	19.3739612	9.33891506	291.841096
3	15:41:17	8.75	95.050	31.000	32018.000	6.000	95.083213	19.9199332	199.919746	149.952555	11.80914750	369.035859	35	19.3739612	9.33074811	291.585878
3	15:41:32	9.00	94.850	31.020	32007.000	6.000	94.917024	19.8851164	199.570319	149.690463	11.78850708	368.390846	35	19.3739612	9.31443952	291.076235
3	15:41:47	9.25	95.050	31.000	32004.000	6.000	95.083213	19.9199332	199.919746	149.952555	11.80914750	369.035859	35	19.3739612	9.33074811	291.585878
3	15:42:02	9.50	95.160	30.990	31979.000	6.000	95.166437	19.9373685	200.094730	150.083805	11.81948372	369.358866	35	19.3739612	9.33891506	291.841096
3	15:42:17	9.75	94.960	31.010	31980.000	6.000	95.000075	19.9025158	199.744942	149.821441	11.79882195	368.713186	35	19.3739612	9.32258960	291.330925
3	15:42:32	10.00	95.370	30.960	31982.000	6.000	95.416625	19.9897830	200.620770	150.478369	11.85055664	370.329895	35	19.3739612	9.36346667	292.608333
3	15:42:47	10.25	95.310	30.970	31991.000	6.000	95.333143	19.9722935	200.445242	150.346711	11.84018828	370.005884	35	19.3739612	9.35527433	292.352323
3	15:43:02	10.50	95.280	30.970	31974.000	6.000	95.333143	19.9722935	200.445242	150.346711	11.84018828	370.005884	35	19.3739612	9.35527433	292.352323
3	15:43:17	10.75	95.080	31.000	31993.000	6.000	95.083213	19.9199332	199.919746	149.952555	11.80914750	369.035859	35	19.3739612	9.33074811	291.585878
3	15:43:32	11.00	95.230	30.980	31994.000	6.000	95.249747	19.9548220	200.269895	150.215190	11.82983064	369.682208	35	19.3739612	9.34709046	292.096577
3	15:43:47	11.25	95.240	30.980	31969.000	6.000	95.249747	19.9548220	200.269895	150.215190	11.82983064	369.682208	35	19.3739612	9.34709046	292.096577
3	15:44:02	11.50	95.490	30.950	31992.000	6.000	95.500194	20.0072907	200.796481	150.610162	11.86093574	370.654242	35	19.3739612	9.37166749	292.864609
3	15:44:17	11.75	95.270	30.970	31993.000	6.000	95.333143	19.9722935	200.445242	150.346711	11.84018828	370.005884	35	19.3739612	9.35527433	292.352323
3	15:44:32	12.00	95.220	30.980	31996.000	6.000	95.249747	19.9548220	200.269895	150.215190	11.82983064	369.682208	35	19.3739612	9.34709046	292.096577
3	15:44:47	12.25	95.330	30.970	31967.000	6.000	95.333143	19.9722935	200.445242	150.346711	11.84018828	370.005884	35	19.3739612	9.35527433	292.352323
3	15:45:02	12.50	94.970	31.010	31957.000	6.000	95.000075	19.9025158	199.744942	149.821441	11.79882195	368.713186	35	19.3739612	9.32258960	291.330925
3	15:45:17	12.75	95.140	30.990	31959.000	6.000	95.166437	19.9373685	200.094730	150.083805	11.81948372	369.358866	35	19.3739612	9.33891506	291.841096
3	15:45:32	13.00	95.160	30.990	31971.000	6.000	95.166437	19.9373685	200.094730	150.083805	11.81948372	369.358866	35	19.3739612	9.33891506	291.841096
3	15:45:47	13.25	95.200	30.980	31978.000	6.000	95.249747	19.9548220	200.269895	150.215190	11.82983064	369.682208	35	19.3739612	9.34709046	292.096577
3	15:46:02	13.50	94.950	31.010	31983.000	6.000	95.000075	19.9025158	199.744942	149.821441	11.79882195	368.713186	35	19.3739612	9.32258960	291.330925
3	15:46:17	13.75	95.100	30.990	31981.000	6.000	95.166437	19.9373685	200.094730	150.083805	11.81948372	369.358866	35	19.3739612	9.33891506	291.841096
3	15:46:32	14.00	94.850	31.020	31967.000	6.000	94.917024	19.8851164	199.570319	149.690463	11.78850708	368.390846	35	19.3739612	9.31443952	291.076235
3	15:46:47	14.25	95.190	30.980	31975.000	6.000	95.249747	19.9548220	200.269895	150.215190	11.82983064	369.682208	35	19.3739612	9.34709046	292.096577
3	15:47:02	14.50	95.240	30.980	31970.000	6.000	95.249747	19.9548220	200.269895	150.215190	11.82983064	369.682208	35	19.3739612	9.34709046	292.096577
3	15:47:17	14.75	95.110	30.990	31960.000	6.000	95.166437	19.9373685	200.094730	150.083805	11.81948372	369.358866	35	19.3739612	9.33891506	291.841096
3	15:47:32	15.00	95.170	30.980	31988.000	6.000	95.249747	19.9548220	200.269895	150.215190	11.82983064	369.682208	35	19.3739612	9.34709046	292.096577
3	15:47:47	15.25	95.270	30.970	31958.000	6.000	95.333143	19.9722935	200.445242	150.346711	11.84018828	370.005884	35	19.3739612	9.35527433	292.352323
3	15:48:02	15.50	95.270	30.970	31969.000	6.000	95.333143	19.9722935	200.445242	150.346711	11.84018828	370.005884	35	19.3739612	9.35527433	292.352323
3	15:48:17	15.75	95.160	30.990	31985.000	6.000	95.166437	19.9373685	200.094730	150.083805	11.81948372	369.358866	35	19.3739612	9.33891506	291.841096
3	15:48:32	16.00	95.120	30.990	32010.000	6.000	95.166437	19.9373685	200.094730	150.083805	11.81948372	369.358866	35	19.3739612	9.33891506	291.841096
3	15:48:47	16.25	95.240	30.980	31988.000	6.000	95.249747	19.9548220	200.269895	150.215190	11.82983064	369.682208	35	19.3739612	9.34709046	292.096577
3	15:49:02	16.50	95.330	30.970	31972.000	6.000	95.333143	19.9722935	200.445242	150.346711	11.84018828	370.005884	35	19.3739612	9.35527433	292.352323
3	15:49:17	16.75	95.460	30.950	31962.000	6.000	95.500194	20.0072907	200.796481	150.610162	11.86093574	370.654242	35	19.3739612	9.37166749	292.864609
3	15:49:32	17.00	95.480	30.950	31966.000	6.000	95.500194	20.0072907	200.796481	150.610162	11.86093574	370.654242	35	19.3739612	9.37166749	292.864609
3	15:49:47	17.25	95.530	30.940	31967.000	6.000	95.583850	20.0248166	200.972373	150.742093	11.87132560	370.978925	35	19.3739612	9.37987682	293.121151
3	15:50:02	17.50	95.210	30.980	31949.000	6.000	95.249747	19.9548220	200.269895	150.215190	11.82983064	369.682208	35	19.3739612	9.34709046	292.096577
3	15:50:17	17.75	95.250	30.970	31982.000	6.000	95.333143	19.9722935	200.445242	150.346711	11.84018828	370.005884	35	19.3739612	9.35527433	292.352323
3	15:50:32	18.00	95.400	30.960	31966.000	6.000	95.416625	19.9897830	200.620770	150.478369	11.85055664	370.329895	35	19.3739612	9.36346667	292.608333
3	15:50:47	18.25	95.290	30.970	31982.000	6.000	95.333143	19.9722935	200.445242	150.346711	11.84018828	370.005884	35	19.3739612	9.35527433	292.352323
3	15:51:02	18.50	95.540	30.940	31946.000	6.000	95.583850	20.0248166	200.972373	150.742093	11.87132560	370.978925	35	19.3739612	9.37987682	293.121151
3	15:51:17	18.75	95.240	30.980	31972.000	6.000	95.249747	19.9548220	200.269895	150.215190	11.82983064	369.682208	35	19.3739612	9.34709046	292.096577
3	15:51:32	19.00	95.330	30.970	31991.000	6.000	95.333143	19.9722935	200.445242	150.346711	11.84018828	370.005884	35	19.3739612	9.35527433	292.352323
3	15:51:47	19.25	95.380	30.960	31977.000	6.000	95.416625	19.9897830	200.620770	150.478369	11.85055664	370.329895	35	19.3739612	9.36346667	292.608333
3	15:52:02	19.50	95.410	30.960	31961.000	6.000	95.416625	19.9897830	200.620770	150.478369	11.85055664	370.329895	35	19.3739612	9.36346667	292.608333
3	15:52:17	19.75	95.270	30.970	31982.000	6.000	95.333143	19.9722935	200.445242	150.346711	11.84018828	370.005884	35	19.3739612	9.35527433	292.352323
