Chamber	Time/hh:mm:ss	Logtime/min	Oxy/% air sat.	Phase/°	Amp	Temp/°C	% air-sat.	% oxygen	pO2 (hPa)	pO2 (Torr)	cO2 [mg/L]	cO2 [µmol/L]	Salinity	chlorinity	SalCorcO2 [mg/L]	SalCorcO2 [µmol/L]
7	15:02:06	0.00	91.950	26.480	29264.000	32.000	92.030368	19.2803620	186.118905	139.601045	6.71863524	209.957351	35	19.3739612	5.36470643	167.647076
7	15:02:07	0.03	92.520	26.420	29245.000	32.000	92.563386	19.3920293	187.196862	140.409581	6.75754799	211.173375	35	19.3739612	5.39577755	168.618048
7	15:02:09	0.05	92.360	26.440	29278.000	32.000	92.385287	19.3547176	186.836680	140.139422	6.74454595	210.767061	35	19.3739612	5.38539566	168.293614
7	15:02:10	0.07	92.590	26.410	29231.000	32.000	92.652596	19.4107188	187.377277	140.544904	6.76406073	211.376898	35	19.3739612	5.40097785	168.780558
7	15:02:11	0.09	92.210	26.450	29256.000	32.000	92.296397	19.3360952	186.656914	140.004586	6.73805662	210.564269	35	19.3739612	5.38021404	168.131689
7	15:02:25	0.32	91.950	26.480	29287.000	32.000	92.030368	19.2803620	186.118905	139.601045	6.71863524	209.957351	35	19.3739612	5.36470643	167.647076
7	15:02:40	0.57	92.270	26.450	29251.000	32.000	92.296397	19.3360952	186.656914	140.004586	6.73805662	210.564269	35	19.3739612	5.38021404	168.131689
7	15:02:55	0.82	91.920	26.490	29288.000	32.000	91.941903	19.2618288	185.939998	139.466853	6.71217695	209.755530	35	19.3739612	5.35954961	167.485925
7	15:03:10	1.07	92.320	26.440	29294.000	32.000	92.385287	19.3547176	186.836680	140.139422	6.74454595	210.767061	35	19.3739612	5.38539566	168.293614
7	15:03:25	1.32	92.150	26.460	29322.000	32.000	92.207614	19.3174952	186.477362	139.869911	6.73157506	210.361721	35	19.3739612	5.37503864	167.969958
7	15:03:40	1.57	91.310	26.560	29318.000	32.000	91.325610	19.1327152	184.693628	138.531996	6.66718471	208.349522	35	19.3739612	5.32362413	166.363254
7	15:03:55	1.82	91.680	26.510	29316.000	32.000	91.765292	19.2248288	185.582826	139.198952	6.69928355	209.352611	35	19.3739612	5.34925446	167.164202
7	15:04:10	2.07	91.420	26.540	29342.000	32.000	91.501167	19.1694946	185.048669	138.798300	6.68000122	208.750038	35	19.3739612	5.33385788	166.683059
7	15:04:25	2.32	91.350	26.550	29354.000	32.000	91.413336	19.1510939	184.871042	138.665068	6.67358913	208.549660	35	19.3739612	5.32873795	166.523061
7	15:04:40	2.57	91.360	26.550	29366.000	32.000	91.413336	19.1510939	184.871042	138.665068	6.67358913	208.549660	35	19.3739612	5.32873795	166.523061
7	15:04:55	2.82	91.640	26.520	29391.000	32.000	91.677145	19.2063620	185.404561	139.065241	6.69284841	209.151513	35	19.3739612	5.34411613	167.003629
7	15:05:10	3.07	91.380	26.550	29382.000	32.000	91.413336	19.1510939	184.871042	138.665068	6.67358913	208.549660	35	19.3739612	5.32873795	166.523061
7	15:05:25	3.32	91.270	26.560	29428.000	32.000	91.325610	19.1327152	184.693628	138.531996	6.66718471	208.349522	35	19.3739612	5.32362413	166.363254
7	15:05:40	3.57	90.960	26.600	29416.000	32.000	90.975750	19.0594197	183.986085	138.001294	6.64164339	207.551356	35	19.3739612	5.30322986	165.725933
7	15:05:55	3.82	91.220	26.570	29425.000	32.000	91.237988	19.1143585	184.516425	138.399083	6.66078794	208.149623	35	19.3739612	5.31851643	166.203638
7	15:06:10	4.07	90.950	26.600	29425.000	32.000	90.975750	19.0594197	183.986085	138.001294	6.64164339	207.551356	35	19.3739612	5.30322986	165.725933
7	15:06:25	4.32	90.610	26.640	29438.000	32.000	90.627558	18.9864733	183.281912	137.473119	6.61622372	206.756991	35	19.3739612	5.28293272	165.091648
7	15:06:40	4.57	90.510	26.650	29495.000	32.000	90.540768	18.9682910	183.106393	137.341469	6.60988773	206.558992	35	19.3739612	5.27787355	164.933548
7	15:06:55	4.82	90.410	26.660	29501.000	32.000	90.454083	18.9501303	182.931083	137.209975	6.60355928	206.361227	35	19.3739612	5.27282040	164.775637
7	15:07:10	5.07	90.600	26.640	29513.000	32.000	90.627558	18.9864733	183.281912	137.473119	6.61622372	206.756991	35	19.3739612	5.28293272	165.091648
7	15:07:25	5.32	90.620	26.640	29518.000	32.000	90.627558	18.9864733	183.281912	137.473119	6.61622372	206.756991	35	19.3739612	5.28293272	165.091648
7	15:07:40	5.57	90.240	26.680	29543.000	32.000	90.281021	18.9138739	182.581089	136.947457	6.59092497	205.966405	35	19.3739612	5.26273213	164.460379
7	15:07:55	5.82	90.740	26.620	29532.000	32.000	90.801446	19.0229030	183.633579	137.736892	6.62891840	207.153700	35	19.3739612	5.29306919	165.408412
7	15:08:10	6.07	90.010	26.710	29542.000	32.000	90.022199	18.8596507	182.057657	136.554850	6.57202981	205.375932	35	19.3739612	5.24764470	163.988897
7	15:08:25	6.32	90.000	26.710	29571.000	32.000	90.022199	18.8596507	182.057657	136.554850	6.57202981	205.375932	35	19.3739612	5.24764470	163.988897
7	15:08:40	6.57	90.210	26.680	29593.000	32.000	90.281021	18.9138739	182.581089	136.947457	6.59092497	205.966405	35	19.3739612	5.26273213	164.460379
7	15:08:55	6.82	89.840	26.730	29618.000	32.000	89.850164	18.8236093	181.709739	136.293889	6.55947044	204.983451	35	19.3739612	5.23761628	163.675509
7	15:09:10	7.07	89.740	26.740	29641.000	32.000	89.764299	18.8056207	181.536090	136.163641	6.55320195	204.787561	35	19.3739612	5.23261100	163.519094
7	15:09:25	7.32	89.390	26.780	29659.000	32.000	89.421860	18.7338796	180.843552	135.644194	6.52820230	204.006322	35	19.3739612	5.21264924	162.895289
7	15:09:40	7.57	89.250	26.790	29666.000	32.000	89.336503	18.7159975	180.670931	135.514717	6.52197091	203.811591	35	19.3739612	5.20767359	162.739800
7	15:09:55	7.82	89.750	26.740	29694.000	32.000	89.764299	18.8056207	181.536090	136.163641	6.55320195	204.787561	35	19.3739612	5.23261100	163.519094
7	15:10:10	8.07	89.190	26.800	29701.000	32.000	89.251248	18.6981366	180.498514	135.385393	6.51574691	203.617091	35	19.3739612	5.20270384	162.584495
7	15:10:25	8.32	89.150	26.810	29692.000	32.000	89.166095	18.6802968	180.326302	135.256223	6.50953028	203.422821	35	19.3739612	5.19773998	162.429374
7	15:10:40	8.57	89.040	26.820	29708.000	32.000	89.081042	18.6624782	180.154294	135.127206	6.50332103	203.228782	35	19.3739612	5.19278200	162.274438
7	15:10:55	8.82	89.080	26.820	29738.000	32.000	89.081042	18.6624782	180.154294	135.127206	6.50332103	203.228782	35	19.3739612	5.19278200	162.274438
7	15:11:10	9.07	88.910	26.830	29729.000	32.000	88.996089	18.6446807	179.982489	134.998342	6.49711912	203.034973	35	19.3739612	5.18782989	162.119684
7	15:11:25	9.32	88.640	26.870	29765.000	32.000	88.657284	18.5737011	179.297303	134.484408	6.47238483	202.262026	35	19.3739612	5.16808002	161.502501
7	15:11:40	9.57	88.860	26.840	29771.000	32.000	88.911238	18.6269043	179.810888	134.869630	6.49092456	202.841393	35	19.3739612	5.18288365	161.965114
7	15:11:55	9.82	88.670	26.860	29807.000	32.000	88.741835	18.5914145	179.468295	134.612664	6.47855743	202.454920	35	19.3739612	5.17300872	161.656523
7	15:12:10	10.07	88.520	26.880	29799.000	32.000	88.572834	18.5560086	179.126512	134.356304	6.46621953	202.069360	35	19.3739612	5.16315714	161.348661
7	15:12:25	10.32	88.280	26.910	29836.000	32.000	88.320079	18.5030566	178.615351	133.972901	6.44776732	201.492729	35	19.3739612	5.14842339	160.888231
7	15:12:40	10.57	88.440	26.890	29836.000	32.000	88.488482	18.5383371	178.955924	134.228352	6.46006152	201.876923	35	19.3739612	5.15824008	161.195003
7	15:12:55	10.82	88.190	26.920	29868.000	32.000	88.236027	18.4854476	178.445367	133.845402	6.44163111	201.300972	35	19.3739612	5.14352374	160.735117
7	15:13:10	11.07	88.720	26.860	29857.000	32.000	88.741835	18.5914145	179.468295	134.612664	6.47855743	202.454920	35	19.3739612	5.17300872	161.656523
7	15:13:25	11.32	87.990	26.940	29906.000	32.000	88.068219	18.4502920	178.105999	133.590854	6.42938041	200.918138	35	19.3739612	5.13374178	160.429431
7	15:13:40	11.57	87.950	26.950	29912.000	32.000	87.984464	18.4327453	177.936616	133.463806	6.42326590	200.727060	35	19.3739612	5.12885946	160.276858
7	15:13:55	11.82	87.500	27.000	29938.000	32.000	87.567167	18.3453215	177.092689	132.830807	6.39280131	199.775041	35	19.3739612	5.10453405	159.516689
7	15:14:10	12.07	88.130	26.930	29931.000	32.000	88.152074	18.4678594	178.275583	133.718053	6.43550215	201.109442	35	19.3739612	5.13862987	160.582184
7	15:14:25	12.32	87.800	26.970	29929.000	32.000	87.817250	18.3977139	177.598448	133.210159	6.41105851	200.345578	35	19.3739612	5.11911208	159.972252
7	15:14:40	12.57	87.410	27.010	29952.000	32.000	87.484002	18.3278985	176.924499	132.704654	6.38672991	199.585310	35	19.3739612	5.09968614	159.365192
7	15:14:55	12.82	87.500	27.000	30004.000	32.000	87.567167	18.3453215	177.092689	132.830807	6.39280131	199.775041	35	19.3739612	5.10453405	159.516689
7	15:15:10	13.07	87.000	27.060	29994.000	32.000	87.069644	18.2410905	176.086517	132.076114	6.35647989	198.639997	35	19.3739612	5.07553206	158.610377
7	15:15:25	13.32	87.030	27.060	30013.000	32.000	87.069644	18.2410905	176.086517	132.076114	6.35647989	198.639997	35	19.3739612	5.07553206	158.610377
7	15:15:40	13.57	87.010	27.060	30025.000	32.000	87.069644	18.2410905	176.086517	132.076114	6.35647989	198.639997	35	19.3739612	5.07553206	158.610377
7	15:15:55	13.82	86.830	27.080	30053.000	32.000	86.904582	18.2065100	175.752701	131.825731	6.34442962	198.263425	35	19.3739612	5.06591014	158.309692
7	15:16:10	14.07	86.920	27.070	30062.000	32.000	86.987065	18.2237901	175.919511	131.950849	6.35045121	198.451600	35	19.3739612	5.07071827	158.459946
7	15:16:25	14.32	86.640	27.110	30062.000	32.000	86.657716	18.1547914	175.253447	131.451258	6.32640721	197.700225	35	19.3739612	5.05151958	157.859987
7	15:16:40	14.57	87.110	27.050	30079.000	32.000	87.152321	18.2584113	176.253719	132.201526	6.36251567	198.828615	35	19.3739612	5.08035152	158.760985
7	15:16:55	14.82	86.890	27.080	30094.000	32.000	86.904582	18.2065100	175.752701	131.825731	6.34442962	198.263425	35	19.3739612	5.06591014	158.309692
7	15:17:10	15.07	86.580	27.110	30144.000	32.000	86.657716	18.1547914	175.253447	131.451258	6.32640721	197.700225	35	19.3739612	5.05151958	157.859987
7	15:17:25	15.32	86.200	27.160	30148.000	32.000	86.248198	18.0689974	174.425252	130.830060	6.29651054	196.765954	35	19.3739612	5.02764764	157.113989
7	15:17:40	15.57	86.400	27.140	30175.000	32.000	86.411717	18.1032546	174.755947	131.078102	6.30844817	197.139005	35	19.3739612	5.03717962	157.411863
7	15:17:55	15.82	86.540	27.120	30131.000	32.000	86.575620	18.1375923	175.087419	131.326727	6.32041384	197.512933	35	19.3739612	5.04673398	157.710437
7	15:18:10	16.07	86.550	27.120	30195.000	32.000	86.575620	18.1375923	175.087419	131.326727	6.32041384	197.512933	35	19.3739612	5.04673398	157.710437
7	15:18:25	16.32	86.270	27.150	30193.000	32.000	86.329909	18.0861160	174.590503	130.954008	6.30247586	196.952371	35	19.3739612	5.03241084	157.262839
7	15:18:40	16.57	85.730	27.220	30210.000	32.000	85.759933	17.9667060	173.437804	130.089411	6.26086502	195.652032	35	19.3739612	4.99918535	156.224542
7	15:18:55	16.82	85.890	27.200	30231.000	32.000	85.922307	18.0007233	173.766183	130.335716	6.27271905	196.022470	35	19.3739612	5.00865057	156.520330
7	15:19:10	17.07	85.990	27.190	30250.000	32.000	86.003637	18.0177619	173.930661	130.459085	6.27865648	196.208015	35	19.3739612	5.01339150	156.668484
7	15:19:25	17.32	85.840	27.200	30249.000	32.000	85.922307	18.0007233	173.766183	130.335716	6.27271905	196.022470	35	19.3739612	5.00865057	156.520330
7	15:19:40	17.57	85.670	27.230	30309.000	32.000	85.678889	17.9497272	173.273902	129.966474	6.25494840	195.467138	35	19.3739612	4.99446104	156.076907
7	15:19:55	17.82	85.790	27.210	30259.000	32.000	85.841073	17.9837047	173.601897	130.212491	6.26678857	195.837143	35	19.3739612	5.00391519	156.372350
7	15:20:10	18.07	85.530	27.240	30328.000	32.000	85.597939	17.9327682	173.110192	129.843681	6.24903870	195.282459	35	19.3739612	4.98974224	155.929445
7	15:20:25	18.32	85.000	27.310	30337.000	32.000	85.033930	17.8146084	171.969561	128.988135	6.20786350	193.995734	35	19.3739612	4.95686461	154.902019
7	15:20:40	18.57	85.370	27.260	30365.000	32.000	85.436323	17.8989096	172.783346	129.598525	6.23723999	194.913750	35	19.3739612	4.98032119	155.635037
7	15:20:55	18.82	85.680	27.220	30357.000	32.000	85.759933	17.9667060	173.437804	130.089411	6.26086502	195.652032	35	19.3739612	4.99918535	156.224542
7	15:21:10	19.07	85.000	27.310	30355.000	32.000	85.033930	17.8146084	171.969561	128.988135	6.20786350	193.995734	35	19.3739612	4.95686461	154.902019
7	15:21:25	19.32	85.130	27.290	30404.000	32.000	85.194605	17.8482698	172.294505	129.231864	6.21959353	194.362298	35	19.3739612	4.96623082	155.194713
7	15:21:40	19.57	85.000	27.310	30404.000	32.000	85.033930	17.8146084	171.969561	128.988135	6.20786350	193.995734	35	19.3739612	4.95686461	154.902019
7	15:21:55	19.82	84.930	27.320	30413.000	32.000	84.953733	17.7978071	171.807374	128.866484	6.20200874	193.812773	35	19.3739612	4.95218969	154.755928
7	15:22:10	20.07	85.430	27.260	30424.000	32.000	85.436323	17.8989096	172.783346	129.598525	6.23723999	194.913750	35	19.3739612	4.98032119	155.635037
