Chamber	Time/hh:mm:ss	Logtime/min	Oxy/% air sat.	Phase/°	Amp	Temp/°C	% air-sat.	% oxygen	pO2 (hPa)	pO2 (Torr)	cO2 [mg/L]	cO2 [µmol/L]	Salinity	chlorinity	SalCorcO2 [mg/L]	SalCorcO2 [µmol/L]
5	11:45:00	0.00	92.080	27.490	44329.000	26.000	92.097890	19.2945079	188.951073	141.725351	7.45174893	232.867154	35	19.3739612	6.07994722	189.998351
5	11:45:13	0.21	91.840	27.510	44318.000	26.000	91.925164	19.2583218	188.596702	141.459551	7.43777345	232.430420	35	19.3739612	6.06854450	189.642016
5	11:45:28	0.46	92.140	27.480	44367.000	26.000	92.184403	19.3126325	189.128566	141.858483	7.45874882	233.085901	35	19.3739612	6.08565848	190.176828
5	11:45:43	0.71	91.860	27.510	44330.000	26.000	91.925164	19.2583218	188.596702	141.459551	7.43777345	232.430420	35	19.3739612	6.06854450	189.642016
5	11:45:58	0.96	92.060	27.490	44405.000	26.000	92.097890	19.2945079	188.951073	141.725351	7.45174893	232.867154	35	19.3739612	6.07994722	189.998351
5	11:46:13	1.21	91.890	27.510	44421.000	26.000	91.925164	19.2583218	188.596702	141.459551	7.43777345	232.430420	35	19.3739612	6.06854450	189.642016
5	11:46:28	1.46	91.640	27.540	44437.000	26.000	91.666823	19.2041994	188.066682	141.062001	7.41687079	231.777212	35	19.3739612	6.05148984	189.109057
5	11:46:43	1.71	91.580	27.550	44444.000	26.000	91.580908	19.1862003	187.890416	140.929791	7.40991934	231.559979	35	19.3739612	6.04581808	188.931815
5	11:46:58	1.96	91.350	27.570	44492.000	26.000	91.409377	19.1502644	187.538496	140.665829	7.39604051	231.126266	35	19.3739612	6.03449423	188.577945
5	11:47:13	2.21	91.190	27.590	44505.000	26.000	91.238241	19.1144114	187.187388	140.402475	7.38219371	230.693553	35	19.3739612	6.02319650	188.224891
5	11:47:28	2.46	90.930	27.620	44528.000	26.000	90.982277	19.0607870	186.662244	140.008584	7.36148335	230.046355	35	19.3739612	6.00629874	187.696836
5	11:47:43	2.71	90.900	27.620	44590.000	26.000	90.982277	19.0607870	186.662244	140.008584	7.36148335	230.046355	35	19.3739612	6.00629874	187.696836
5	11:47:58	2.96	90.740	27.640	44629.000	26.000	90.812125	19.0251403	186.313156	139.746745	7.34771620	229.616131	35	19.3739612	5.99506600	187.345813
5	11:48:13	3.21	89.350	27.810	44918.000	26.000	89.381541	18.7254327	183.378121	137.545282	7.23196590	225.998934	35	19.3739612	5.90062432	184.394510
5	11:48:28	3.46	88.810	27.870	45106.000	26.000	88.883255	18.6210419	182.355822	136.778492	7.19164903	224.739032	35	19.3739612	5.86772943	183.366545
5	11:48:43	3.71	88.660	27.890	45208.000	26.000	88.717919	18.5864040	182.016612	136.524064	7.17827148	224.320984	35	19.3739612	5.85681457	183.025455
5	11:48:58	3.96	88.190	27.950	45332.000	26.000	88.224171	18.4829639	181.003624	135.764258	7.13832179	223.072556	35	19.3739612	5.82421926	182.006852
5	11:49:13	4.21	87.830	27.990	45412.000	26.000	87.896880	18.4143963	180.332141	135.260603	7.11184023	222.245007	35	19.3739612	5.80261273	181.331648
5	11:49:28	4.46	87.600	28.020	45444.000	26.000	87.652388	18.3631753	179.830535	134.884366	7.09205814	221.626817	35	19.3739612	5.78647235	180.827261
5	11:49:43	4.71	87.380	28.050	45454.000	26.000	87.408730	18.3121290	179.330638	134.509412	7.07234350	221.010734	35	19.3739612	5.77038700	180.324594
5	11:49:58	4.96	87.640	28.020	45460.000	26.000	87.652388	18.3631753	179.830535	134.884366	7.09205814	221.626817	35	19.3739612	5.78647235	180.827261
5	11:50:13	5.21	87.330	28.050	45478.000	26.000	87.408730	18.3121290	179.330638	134.509412	7.07234350	221.010734	35	19.3739612	5.77038700	180.324594
5	11:50:28	5.46	87.410	28.040	45525.000	26.000	87.489857	18.3291251	179.497081	134.634255	7.07890757	221.215862	35	19.3739612	5.77574269	180.491959
5	11:50:43	5.71	87.440	28.040	45541.000	26.000	87.489857	18.3291251	179.497081	134.634255	7.07890757	221.215862	35	19.3739612	5.77574269	180.491959
5	11:50:58	5.96	87.280	28.060	45554.000	26.000	87.327696	18.2951523	179.164385	134.384711	7.06578689	220.805840	35	19.3739612	5.76503741	180.157419
5	11:51:13	6.21	87.270	28.060	45559.000	26.000	87.327696	18.2951523	179.164385	134.384711	7.06578689	220.805840	35	19.3739612	5.76503741	180.157419
5	11:51:28	6.46	87.100	28.080	45576.000	26.000	87.165902	18.2612566	178.832445	134.135735	7.05269601	220.396750	35	19.3739612	5.75435644	179.823639
5	11:51:43	6.71	86.850	28.110	45589.000	26.000	86.923901	18.2105572	178.335946	133.763329	7.03311538	219.784855	35	19.3739612	5.73838043	179.324389
5	11:51:58	6.96	86.850	28.110	45652.000	26.000	86.923901	18.2105572	178.335946	133.763329	7.03311538	219.784855	35	19.3739612	5.73838043	179.324389
5	11:52:13	7.21	86.940	28.100	45647.000	26.000	87.004477	18.2274378	178.501258	133.887324	7.03963484	219.988589	35	19.3739612	5.74369972	179.490616
5	11:52:28	7.46	86.830	28.120	45687.000	26.000	86.843417	18.1936958	178.170822	133.639476	7.02660330	219.581353	35	19.3739612	5.73306718	179.158349
5	11:52:43	7.71	86.420	28.170	45675.000	26.000	86.442362	18.1096749	177.348005	133.022311	6.99415351	218.567297	35	19.3739612	5.70659110	178.330972
5	11:52:58	7.96	86.790	28.120	45721.000	26.000	86.843417	18.1936958	178.170822	133.639476	7.02660330	219.581353	35	19.3739612	5.73306718	179.158349
5	11:53:13	8.21	86.530	28.150	45751.000	26.000	86.602511	18.1432261	177.676572	133.268757	7.00711136	218.972230	35	19.3739612	5.71716353	178.661360
5	11:53:28	8.46	86.380	28.170	45772.000	26.000	86.442362	18.1096749	177.348005	133.022311	6.99415351	218.567297	35	19.3739612	5.70659110	178.330972
5	11:53:43	8.71	86.310	28.180	45795.000	26.000	86.362424	18.0929277	177.184001	132.899297	6.98768558	218.365175	35	19.3739612	5.70131387	178.166058
5	11:53:58	8.96	86.380	28.170	45812.000	26.000	86.442362	18.1096749	177.348005	133.022311	6.99415351	218.567297	35	19.3739612	5.70659110	178.330972
5	11:54:13	9.21	86.130	28.200	45863.000	26.000	86.202818	18.0594903	176.856548	132.653687	6.97477169	217.961615	35	19.3739612	5.69077731	177.836791
5	11:54:28	9.46	85.960	28.230	45906.000	26.000	85.964085	18.0094759	176.366757	132.286312	6.95545557	217.357987	35	19.3739612	5.67501712	177.344285
5	11:54:43	9.71	86.000	28.220	45907.000	26.000	86.043573	18.0261285	176.529836	132.408632	6.96188700	217.558969	35	19.3739612	5.68026457	177.508268
5	11:54:58	9.96	85.720	28.260	45949.000	26.000	85.726161	17.9596308	175.878624	131.920181	6.93620485	216.756402	35	19.3739612	5.65931029	176.853447
5	11:55:13	10.21	85.740	28.250	45980.000	26.000	85.805380	17.9762271	176.041151	132.042087	6.94261451	216.956703	35	19.3739612	5.66453998	177.016874
5	11:55:28	10.46	85.800	28.250	46035.000	26.000	85.805380	17.9762271	176.041151	132.042087	6.94261451	216.956703	35	19.3739612	5.66453998	177.016874
5	11:55:43	10.71	85.500	28.280	46064.000	26.000	85.567993	17.9264945	175.554120	131.676782	6.92340724	216.356476	35	19.3739612	5.64886860	176.527144
5	11:55:58	10.96	85.480	28.290	46104.000	26.000	85.489042	17.9099543	175.392142	131.555289	6.91701926	216.156852	35	19.3739612	5.64365660	176.364269
5	11:56:13	11.21	85.120	28.330	46110.000	26.000	85.174129	17.8439801	174.746057	131.070683	6.89153928	215.360602	35	19.3739612	5.62286725	175.714602
5	11:56:28	11.46	85.220	28.320	46150.000	26.000	85.252724	17.8604457	174.907305	131.191630	6.89789850	215.559328	35	19.3739612	5.62805580	175.876744
5	11:56:43	11.71	85.110	28.330	46197.000	26.000	85.174129	17.8439801	174.746057	131.070683	6.89153928	215.360602	35	19.3739612	5.62286725	175.714602
5	11:56:58	11.96	85.060	28.340	46262.000	26.000	85.095622	17.8275329	174.584990	130.949873	6.88518721	215.162100	35	19.3739612	5.61768455	175.552642
5	11:57:13	12.21	84.740	28.380	46285.000	26.000	84.782479	17.7619293	173.942533	130.467990	6.85985037	214.370324	35	19.3739612	5.59701200	174.906625
5	11:57:28	12.46	84.290	28.440	46321.000	26.000	84.315396	17.6640756	172.984252	129.749218	6.82205820	213.189319	35	19.3739612	5.56617704	173.943032
5	11:57:43	12.71	84.250	28.440	46351.000	26.000	84.315396	17.6640756	172.984252	129.749218	6.82205820	213.189319	35	19.3739612	5.56617704	173.943032
5	11:57:58	12.96	84.390	28.430	46426.000	26.000	84.393025	17.6803387	173.143517	129.868677	6.82833922	213.385600	35	19.3739612	5.57130177	174.103180
5	11:58:13	13.21	84.080	28.470	46480.000	26.000	84.083033	17.6153954	172.507528	129.391644	6.80325741	212.601794	35	19.3739612	5.55083730	173.463666
5	11:58:28	13.46	84.110	28.460	46501.000	26.000	84.160401	17.6316039	172.666258	129.510702	6.80951731	212.797416	35	19.3739612	5.55594481	173.623275
5	11:58:43	13.71	84.090	28.460	46603.000	26.000	84.160401	17.6316039	172.666258	129.510702	6.80951731	212.797416	35	19.3739612	5.55594481	173.623275
5	11:58:58	13.96	83.540	28.540	46670.000	26.000	83.543882	17.5024432	171.401387	128.561968	6.75963404	211.238564	35	19.3739612	5.51524461	172.351394
5	11:59:13	14.21	83.130	28.590	46729.000	26.000	83.161352	17.4223032	170.616576	127.973310	6.72868309	210.271347	35	19.3739612	5.48999147	171.562233
5	11:59:28	14.46	82.810	28.630	46815.000	26.000	82.856863	17.3585128	169.991876	127.504745	6.70404653	209.501454	35	19.3739612	5.46989028	170.934071
5	11:59:43	14.71	82.650	28.650	46857.000	26.000	82.705127	17.3267242	169.680571	127.271246	6.69176943	209.117795	35	19.3739612	5.45987328	170.621040
5	11:59:58	14.96	82.640	28.650	46940.000	26.000	82.705127	17.3267242	169.680571	127.271246	6.69176943	209.117795	35	19.3739612	5.45987328	170.621040
5	12:00:13	15.21	82.380	28.690	46993.000	26.000	82.402669	17.2633592	169.060038	126.805807	6.66729718	208.353037	35	19.3739612	5.43990616	169.997068
5	12:00:28	15.46	82.070	28.730	47027.000	26.000	82.101555	17.2002758	168.442262	126.342436	6.64293369	207.591678	35	19.3739612	5.42002778	169.375868
5	12:00:43	15.71	81.880	28.750	47102.000	26.000	81.951500	17.1688392	168.134404	126.111522	6.63079253	207.212267	35	19.3739612	5.41012170	169.066303
5	12:00:58	15.96	81.960	28.740	47170.000	26.000	82.026486	17.1845488	168.288247	126.226915	6.63685974	207.401867	35	19.3739612	5.41507199	169.221000
5	12:01:13	16.21	81.890	28.750	47225.000	26.000	81.951500	17.1688392	168.134404	126.111522	6.63079253	207.212267	35	19.3739612	5.41012170	169.066303
5	12:01:28	16.46	81.600	28.790	47254.000	26.000	81.652387	17.1061752	167.520735	125.651232	6.60659100	206.455969	35	19.3739612	5.39037546	168.449233
5	12:01:43	16.71	81.310	28.830	47350.000	26.000	81.354600	17.0437887	166.909784	125.192980	6.58249666	205.703021	35	19.3739612	5.37071667	167.834896
5	12:01:58	16.96	80.930	28.880	47421.000	26.000	80.984217	16.9661934	166.149894	124.623013	6.55252853	204.766517	35	19.3739612	5.34626541	167.070794
5	12:02:13	17.21	81.130	28.850	47474.000	26.000	81.206201	17.0126990	166.605323	124.964614	6.57048949	205.327797	35	19.3739612	5.36091992	167.528748
5	12:02:28	17.46	80.700	28.910	47530.000	26.000	80.762969	16.9198419	165.695974	124.282545	6.53462708	204.207096	35	19.3739612	5.33165947	166.614358
5	12:02:43	17.71	80.570	28.930	47596.000	26.000	80.615877	16.8890262	165.394196	124.056192	6.52272572	203.835179	35	19.3739612	5.32194904	166.310908
5	12:02:58	17.96	80.240	28.980	47678.000	26.000	80.249566	16.8122840	164.642660	123.492492	6.49308705	202.908970	35	19.3739612	5.29776659	165.555206
5	12:03:13	18.21	80.240	28.980	47740.000	26.000	80.249566	16.8122840	164.642660	123.492492	6.49308705	202.908970	35	19.3739612	5.29776659	165.555206
5	12:03:28	18.46	79.740	29.040	47804.000	26.000	79.812650	16.7207501	163.746268	122.820141	6.45773565	201.804239	35	19.3739612	5.26892307	164.653846
5	12:03:43	18.71	79.800	29.040	47889.000	26.000	79.812650	16.7207501	163.746268	122.820141	6.45773565	201.804239	35	19.3739612	5.26892307	164.653846
5	12:03:58	18.96	79.660	29.060	47930.000	26.000	79.667651	16.6903729	163.448784	122.597009	6.44600364	201.437614	35	19.3739612	5.25935083	164.354713
5	12:04:13	19.21	79.290	29.110	48011.000	26.000	79.306546	16.6147215	162.707930	122.041321	6.41678623	200.524570	35	19.3739612	5.23551209	163.609753
