Chamber	Time/hh:mm:ss	Logtime/min	Oxy/% air sat.	Phase/°	Amp	Temp/°C	% air-sat.	% oxygen	pO2 (hPa)	pO2 (Torr)	cO2 [mg/L]	cO2 [µmol/L]	Salinity	chlorinity	SalCorcO2 [mg/L]	SalCorcO2 [µmol/L]
2	12:16:37	0.00	96.690	26.970	12224.000	26.000	96.732893	20.2655410	198.460398	148.857951	7.82677248	244.586640	35	19.3739612	6.38593221	199.560382
2	12:16:52	0.25	95.310	27.120	12212.000	26.000	95.366834	19.9793517	195.657746	146.755784	7.71624305	241.132595	35	19.3739612	6.29575029	196.742196
2	12:17:07	0.50	94.450	27.220	12166.000	26.000	94.469383	19.7913358	193.816507	145.374737	7.64362924	238.863414	35	19.3739612	6.23650404	194.890751
2	12:17:22	0.75	96.650	26.970	12209.000	26.000	96.732893	20.2655410	198.460398	148.857951	7.82677248	244.586640	35	19.3739612	6.38593221	199.560382
2	12:17:37	1.00	95.520	27.100	12206.000	26.000	95.547588	20.0172198	196.028588	147.033939	7.73086811	241.589628	35	19.3739612	6.30768300	197.115094
2	12:17:52	1.25	96.030	27.040	12188.000	26.000	96.092403	20.1313584	197.146348	147.872330	7.77494970	242.967178	35	19.3739612	6.34364955	198.239048
2	12:18:07	1.50	95.040	27.150	12191.000	26.000	95.096495	19.9227157	195.103110	146.339772	7.69436962	240.449051	35	19.3739612	6.27790356	196.184486
2	12:18:22	1.75	94.720	27.190	12188.000	26.000	94.737517	19.8475098	194.366619	145.787356	7.66532428	239.541384	35	19.3739612	6.25420521	195.443913
2	12:18:37	2.00	94.660	27.190	12172.000	26.000	94.737517	19.8475098	194.366619	145.787356	7.66532428	239.541384	35	19.3739612	6.25420521	195.443913
2	12:18:52	2.25	96.010	27.040	12205.000	26.000	96.092403	20.1313584	197.146348	147.872330	7.77494970	242.967178	35	19.3739612	6.34364955	198.239048
2	12:19:07	2.50	95.080	27.150	12187.000	26.000	95.096495	19.9227157	195.103110	146.339772	7.69436962	240.449051	35	19.3739612	6.27790356	196.184486
2	12:19:22	2.75	93.480	27.330	12159.000	26.000	93.494218	19.5870388	191.815827	143.874099	7.56472752	236.397735	35	19.3739612	6.17212744	192.878982
2	12:19:37	3.00	95.580	27.090	12166.000	26.000	95.638125	20.0361871	196.214335	147.173261	7.73819350	241.818547	35	19.3739612	6.31365985	197.301870
2	12:19:52	3.25	95.920	27.050	12168.000	26.000	96.001334	20.1122794	196.959507	147.732188	7.76758119	242.736912	35	19.3739612	6.33763752	198.051173
2	12:20:07	3.50	96.400	27.000	12166.000	26.000	96.457751	20.2078989	197.895909	148.434548	7.80451047	243.890952	35	19.3739612	6.36776844	198.992764
2	12:20:22	3.75	94.920	27.160	12201.000	26.000	95.006593	19.9038812	194.918664	146.201425	7.68709554	240.221736	35	19.3739612	6.27196857	195.999018
2	12:20:37	4.00	95.350	27.120	12181.000	26.000	95.366834	19.9793517	195.657746	146.755784	7.71624305	241.132595	35	19.3739612	6.29575029	196.742196
2	12:20:52	4.25	95.290	27.120	12194.000	26.000	95.366834	19.9793517	195.657746	146.755784	7.71624305	241.132595	35	19.3739612	6.29575029	196.742196
2	12:21:07	4.50	96.340	27.010	12190.000	26.000	96.366253	20.1887300	197.708188	148.293746	7.79710724	243.659601	35	19.3739612	6.36172808	198.804003
2	12:21:22	4.75	95.620	27.090	12171.000	26.000	95.638125	20.0361871	196.214335	147.173261	7.73819350	241.818547	35	19.3739612	6.31365985	197.301870
2	12:21:37	5.00	95.570	27.090	12142.000	26.000	95.638125	20.0361871	196.214335	147.173261	7.73819350	241.818547	35	19.3739612	6.31365985	197.301870
2	12:21:52	5.25	95.720	27.080	12176.000	26.000	95.728767	20.0551767	196.400301	147.312747	7.74552750	242.047734	35	19.3739612	6.31964372	197.488866
2	12:22:07	5.50	95.290	27.120	12158.000	26.000	95.366834	19.9793517	195.657746	146.755784	7.71624305	241.132595	35	19.3739612	6.29575029	196.742196
2	12:22:22	5.75	94.920	27.160	12202.000	26.000	95.006593	19.9038812	194.918664	146.201425	7.68709554	240.221736	35	19.3739612	6.27196857	195.999018
2	12:22:37	6.00	95.040	27.150	12193.000	26.000	95.096495	19.9227157	195.103110	146.339772	7.69436962	240.449051	35	19.3739612	6.27790356	196.184486
2	12:22:52	6.25	94.960	27.160	12152.000	26.000	95.006593	19.9038812	194.918664	146.201425	7.68709554	240.221736	35	19.3739612	6.27196857	195.999018
2	12:23:07	6.50	96.050	27.040	12170.000	26.000	96.092403	20.1313584	197.146348	147.872330	7.77494970	242.967178	35	19.3739612	6.34364955	198.239048
2	12:23:22	6.75	95.590	27.090	12191.000	26.000	95.638125	20.0361871	196.214335	147.173261	7.73819350	241.818547	35	19.3739612	6.31365985	197.301870
2	12:23:37	7.00	95.190	27.130	12153.000	26.000	95.276615	19.9604509	195.472651	146.616951	7.70894337	240.904480	35	19.3739612	6.28979441	196.556075
2	12:23:52	7.25	95.290	27.120	12154.000	26.000	95.366834	19.9793517	195.657746	146.755784	7.71624305	241.132595	35	19.3739612	6.29575029	196.742196
2	12:24:07	7.50	95.470	27.100	12159.000	26.000	95.547588	20.0172198	196.028588	147.033939	7.73086811	241.589628	35	19.3739612	6.30768300	197.115094
2	12:24:22	7.75	96.880	26.950	12158.000	26.000	96.916861	20.3040823	198.837833	149.141052	7.84165755	245.051799	35	19.3739612	6.39807708	199.939909
2	12:24:37	8.00	95.540	27.100	12150.000	26.000	95.547588	20.0172198	196.028588	147.033939	7.73086811	241.589628	35	19.3739612	6.30768300	197.115094
2	12:24:52	8.25	94.950	27.160	12139.000	26.000	95.006593	19.9038812	194.918664	146.201425	7.68709554	240.221736	35	19.3739612	6.27196857	195.999018
2	12:25:07	8.50	95.360	27.120	12130.000	26.000	95.366834	19.9793517	195.657746	146.755784	7.71624305	241.132595	35	19.3739612	6.29575029	196.742196
2	12:25:22	8.75	95.810	27.070	12200.000	26.000	95.819516	20.0741886	196.586484	147.452397	7.75287010	242.277191	35	19.3739612	6.32563462	197.676082
2	12:25:37	9.00	94.960	27.160	12162.000	26.000	95.006593	19.9038812	194.918664	146.201425	7.68709554	240.221736	35	19.3739612	6.27196857	195.999018
2	12:25:52	9.25	95.760	27.070	12147.000	26.000	95.819516	20.0741886	196.586484	147.452397	7.75287010	242.277191	35	19.3739612	6.32563462	197.676082
2	12:26:07	9.50	97.110	26.920	12154.000	26.000	97.193627	20.3620649	199.405655	149.566955	7.86405103	245.751595	35	19.3739612	6.41634811	200.510878
2	12:26:22	9.75	94.420	27.220	12183.000	26.000	94.469383	19.7913358	193.816507	145.374737	7.64362924	238.863414	35	19.3739612	6.23650404	194.890751
2	12:26:37	10.00	94.170	27.250	12156.000	26.000	94.202187	19.7353582	193.268318	144.963561	7.62201010	238.187816	35	19.3739612	6.21886480	194.339525
2	12:26:52	10.25	95.240	27.130	12131.000	26.000	95.276615	19.9604509	195.472651	146.616951	7.70894337	240.904480	35	19.3739612	6.28979441	196.556075
2	12:27:07	10.50	94.970	27.160	12165.000	26.000	95.006593	19.9038812	194.918664	146.201425	7.68709554	240.221736	35	19.3739612	6.27196857	195.999018
2	12:27:22	10.75	95.290	27.120	12156.000	26.000	95.366834	19.9793517	195.657746	146.755784	7.71624305	241.132595	35	19.3739612	6.29575029	196.742196
2	12:27:37	11.00	95.710	27.080	12151.000	26.000	95.728767	20.0551767	196.400301	147.312747	7.74552750	242.047734	35	19.3739612	6.31964372	197.488866
2	12:27:52	11.25	93.980	27.270	12175.000	26.000	94.024575	19.6981486	192.903925	144.690242	7.60763934	237.738729	35	19.3739612	6.20713956	193.973111
2	12:28:07	11.50	96.060	27.040	12163.000	26.000	96.092403	20.1313584	197.146348	147.872330	7.77494970	242.967178	35	19.3739612	6.34364955	198.239048
2	12:28:22	11.75	94.570	27.200	12147.000	26.000	94.648035	19.8287632	194.183034	145.649656	7.65808415	239.315130	35	19.3739612	6.24829792	195.259310
2	12:28:37	12.00	96.810	26.960	12151.000	26.000	96.824823	20.2848003	198.649004	148.999418	7.83421063	244.819082	35	19.3739612	6.39200107	199.750033
2	12:28:52	12.25	94.800	27.180	12163.000	26.000	94.827104	19.8662783	194.550419	145.925218	7.67257288	239.767902	35	19.3739612	6.26011941	195.628731
2	12:29:07	12.50	94.960	27.160	12147.000	26.000	95.006593	19.9038812	194.918664	146.201425	7.68709554	240.221736	35	19.3739612	6.27196857	195.999018
2	12:29:22	12.75	96.450	27.000	12114.000	26.000	96.457751	20.2078989	197.895909	148.434548	7.80451047	243.890952	35	19.3739612	6.36776844	198.992764
2	12:29:37	13.00	95.310	27.120	12169.000	26.000	95.366834	19.9793517	195.657746	146.755784	7.71624305	241.132595	35	19.3739612	6.29575029	196.742196
2	12:29:52	13.25	97.010	26.930	12137.000	26.000	97.101263	20.3427146	199.216158	149.424820	7.85657774	245.518054	35	19.3739612	6.41025059	200.320331
2	12:30:07	13.50	95.130	27.140	12123.000	26.000	95.186503	19.9415723	195.287773	146.478280	7.70165223	240.676632	35	19.3739612	6.28384550	196.370172
2	12:30:22	13.75	95.150	27.140	12134.000	26.000	95.186503	19.9415723	195.287773	146.478280	7.70165223	240.676632	35	19.3739612	6.28384550	196.370172
2	12:30:37	14.00	94.680	27.190	12132.000	26.000	94.737517	19.8475098	194.366619	145.787356	7.66532428	239.541384	35	19.3739612	6.25420521	195.443913
2	12:30:52	14.25	95.590	27.090	12142.000	26.000	95.638125	20.0361871	196.214335	147.173261	7.73819350	241.818547	35	19.3739612	6.31365985	197.301870
2	12:31:07	14.50	95.750	27.070	12127.000	26.000	95.819516	20.0741886	196.586484	147.452397	7.75287010	242.277191	35	19.3739612	6.32563462	197.676082
2	12:31:22	14.75	95.050	27.150	12171.000	26.000	95.096495	19.9227157	195.103110	146.339772	7.69436962	240.449051	35	19.3739612	6.27790356	196.184486
2	12:31:37	15.00	94.980	27.160	12173.000	26.000	95.006593	19.9038812	194.918664	146.201425	7.68709554	240.221736	35	19.3739612	6.27196857	195.999018
2	12:31:52	15.25	95.370	27.110	12163.000	26.000	95.457158	19.9982746	195.843059	146.894780	7.72355129	241.360978	35	19.3739612	6.30171314	196.928536
2	12:32:07	15.50	96.160	27.030	12107.000	26.000	96.183579	20.1504598	197.333408	148.012637	7.78232687	243.197715	35	19.3739612	6.34966865	198.427145
2	12:32:22	15.75	94.560	27.200	12155.000	26.000	94.648035	19.8287632	194.183034	145.649656	7.65808415	239.315130	35	19.3739612	6.24829792	195.259310
2	12:32:37	16.00	96.610	26.980	12110.000	26.000	96.641071	20.2463044	198.272013	148.716651	7.81934307	244.354471	35	19.3739612	6.37987050	199.370953
2	12:32:52	16.25	95.180	27.140	12128.000	26.000	95.186503	19.9415723	195.287773	146.478280	7.70165223	240.676632	35	19.3739612	6.28384550	196.370172
2	12:33:07	16.50	95.100	27.140	12147.000	26.000	95.186503	19.9415723	195.287773	146.478280	7.70165223	240.676632	35	19.3739612	6.28384550	196.370172
2	12:33:22	16.75	95.470	27.100	12133.000	26.000	95.547588	20.0172198	196.028588	147.033939	7.73086811	241.589628	35	19.3739612	6.30768300	197.115094
2	12:33:37	17.00	96.400	27.000	12149.000	26.000	96.457751	20.2078989	197.895909	148.434548	7.80451047	243.890952	35	19.3739612	6.36776844	198.992764
2	12:33:52	17.25	94.880	27.170	12167.000	26.000	94.916796	19.8850688	194.734434	146.063241	7.67982996	239.994686	35	19.3739612	6.26604052	195.813766
2	12:34:07	17.50	94.330	27.230	12137.000	26.000	94.380214	19.7726548	193.633564	145.237518	7.63641445	238.637951	35	19.3739612	6.23061743	194.706795
2	12:34:22	17.75	96.060	27.040	12151.000	26.000	96.092403	20.1313584	197.146348	147.872330	7.77494970	242.967178	35	19.3739612	6.34364955	198.239048
2	12:34:37	18.00	93.800	27.290	12153.000	26.000	93.847378	19.6610256	192.540380	144.417560	7.59330205	237.290689	35	19.3739612	6.19544164	193.607551
2	12:34:52	18.25	95.060	27.150	12138.000	26.000	95.096495	19.9227157	195.103110	146.339772	7.69436962	240.449051	35	19.3739612	6.27790356	196.184486
2	12:35:07	18.50	96.140	27.030	12136.000	26.000	96.183579	20.1504598	197.333408	148.012637	7.78232687	243.197715	35	19.3739612	6.34966865	198.427145
2	12:35:22	18.75	94.510	27.210	12135.000	26.000	94.558657	19.8100386	193.999663	145.512116	7.65085247	239.089140	35	19.3739612	6.24239754	195.074923
2	12:35:37	19.00	94.460	27.220	12141.000	26.000	94.469383	19.7913358	193.816507	145.374737	7.64362924	238.863414	35	19.3739612	6.23650404	194.890751
2	12:35:52	19.25	94.620	27.200	12144.000	26.000	94.648035	19.8287632	194.183034	145.649656	7.65808415	239.315130	35	19.3739612	6.24829792	195.259310
2	12:36:07	19.50	94.460	27.220	12154.000	26.000	94.469383	19.7913358	193.816507	145.374737	7.64362924	238.863414	35	19.3739612	6.23650404	194.890751
2	12:36:22	19.75	94.460	27.220	12138.000	26.000	94.469383	19.7913358	193.816507	145.374737	7.64362924	238.863414	35	19.3739612	6.23650404	194.890751
