Chamber	Time/hh:mm:ss	Logtime/min	Oxy/% air sat.	Phase/°	Amp	Temp/°C	% air-sat.	% oxygen	pO2 (hPa)	pO2 (Torr)	cO2 [mg/L]	cO2 [µmol/L]	Salinity	chlorinity	SalCorcO2 [mg/L]	SalCorcO2 [µmol/L]
3	8:19:42	0.00	93.570	28.770	33687.000	18.000	93.574350	19.6038264	194.530027	145.909922	8.82365409	275.739190	35	19.3739612	7.16828042	224.008763
3	8:19:43	0.02	93.690	28.750	33701.000	18.000	93.745342	19.6396492	194.885499	146.176549	8.83977789	276.243059	35	19.3739612	7.18137929	224.418103
3	8:19:49	0.13	93.910	28.730	33707.000	18.000	93.916715	19.6755517	195.241761	146.443769	8.85593755	276.748048	35	19.3739612	7.19450729	224.828353
3	8:20:04	0.37	93.520	28.770	33686.000	18.000	93.574350	19.6038264	194.530027	145.909922	8.82365409	275.739190	35	19.3739612	7.16828042	224.008763
3	8:20:19	0.62	93.650	28.760	33686.000	18.000	93.659799	19.6217279	194.707664	146.043162	8.83171151	275.990985	35	19.3739612	7.17482622	224.213319
3	8:20:34	0.87	93.590	28.760	33661.000	18.000	93.659799	19.6217279	194.707664	146.043162	8.83171151	275.990985	35	19.3739612	7.17482622	224.213319
3	8:20:49	1.12	93.430	28.780	33676.000	18.000	93.488997	19.5859448	194.352587	145.776831	8.81560561	275.487675	35	19.3739612	7.16174189	223.804434
3	8:21:04	1.37	93.730	28.750	33646.000	18.000	93.745342	19.6396492	194.885499	146.176549	8.83977789	276.243059	35	19.3739612	7.18137929	224.418103
3	8:21:19	1.62	93.340	28.790	33657.000	18.000	93.403738	19.5680831	194.175343	145.643887	8.80756606	275.236439	35	19.3739612	7.15521060	223.600331
3	8:21:34	1.87	93.430	28.780	33659.000	18.000	93.488997	19.5859448	194.352587	145.776831	8.81560561	275.487675	35	19.3739612	7.16174189	223.804434
3	8:21:49	2.12	93.540	28.770	33655.000	18.000	93.574350	19.6038264	194.530027	145.909922	8.82365409	275.739190	35	19.3739612	7.16828042	224.008763
3	8:22:04	2.37	93.410	28.780	33633.000	18.000	93.488997	19.5859448	194.352587	145.776831	8.81560561	275.487675	35	19.3739612	7.16174189	223.804434
3	8:22:19	2.62	93.630	28.760	33640.000	18.000	93.659799	19.6217279	194.707664	146.043162	8.83171151	275.990985	35	19.3739612	7.17482622	224.213319
3	8:22:34	2.87	93.480	28.780	33657.000	18.000	93.488997	19.5859448	194.352587	145.776831	8.81560561	275.487675	35	19.3739612	7.16174189	223.804434
3	8:22:49	3.12	93.770	28.740	33612.000	18.000	93.830981	19.6575905	195.063531	146.310085	8.84785323	276.495413	35	19.3739612	7.18793964	224.623114
3	8:23:04	3.37	93.360	28.790	33608.000	18.000	93.403738	19.5680831	194.175343	145.643887	8.80756606	275.236439	35	19.3739612	7.15521060	223.600331
3	8:23:19	3.62	93.320	28.790	33628.000	18.000	93.403738	19.5680831	194.175343	145.643887	8.80756606	275.236439	35	19.3739612	7.15521060	223.600331
3	8:23:34	3.87	93.420	28.780	33622.000	18.000	93.488997	19.5859448	194.352587	145.776831	8.81560561	275.487675	35	19.3739612	7.16174189	223.804434
3	8:23:49	4.12	93.430	28.780	33619.000	18.000	93.488997	19.5859448	194.352587	145.776831	8.81560561	275.487675	35	19.3739612	7.16174189	223.804434
3	8:24:04	4.37	93.160	28.810	33606.000	18.000	93.233503	19.5324189	193.821446	145.378441	8.79151368	274.734803	35	19.3739612	7.14216976	223.192805
3	8:24:19	4.62	93.310	28.800	33580.000	18.000	93.318573	19.5502411	193.998296	145.511091	8.79953542	274.985482	35	19.3739612	7.14868656	223.396455
3	8:24:34	4.87	93.550	28.770	33584.000	18.000	93.574350	19.6038264	194.530027	145.909922	8.82365409	275.739190	35	19.3739612	7.16828042	224.008763
3	8:24:49	5.12	93.650	28.760	33592.000	18.000	93.659799	19.6217279	194.707664	146.043162	8.83171151	275.990985	35	19.3739612	7.17482622	224.213319
3	8:25:04	5.37	93.210	28.810	33600.000	18.000	93.233503	19.5324189	193.821446	145.378441	8.79151368	274.734803	35	19.3739612	7.14216976	223.192805
3	8:25:19	5.62	93.190	28.810	33590.000	18.000	93.233503	19.5324189	193.821446	145.378441	8.79151368	274.734803	35	19.3739612	7.14216976	223.192805
3	8:25:34	5.87	93.540	28.770	33583.000	18.000	93.574350	19.6038264	194.530027	145.909922	8.82365409	275.739190	35	19.3739612	7.16828042	224.008763
3	8:25:49	6.12	93.580	28.760	33585.000	18.000	93.659799	19.6217279	194.707664	146.043162	8.83171151	275.990985	35	19.3739612	7.17482622	224.213319
3	8:26:04	6.37	93.630	28.760	33553.000	18.000	93.659799	19.6217279	194.707664	146.043162	8.83171151	275.990985	35	19.3739612	7.17482622	224.213319
3	8:26:19	6.62	93.420	28.780	33566.000	18.000	93.488997	19.5859448	194.352587	145.776831	8.81560561	275.487675	35	19.3739612	7.16174189	223.804434
3	8:26:34	6.87	93.470	28.780	33552.000	18.000	93.488997	19.5859448	194.352587	145.776831	8.81560561	275.487675	35	19.3739612	7.16174189	223.804434
3	8:26:49	7.12	93.020	28.830	33556.000	18.000	93.063646	19.4968338	193.468332	145.113584	8.77549687	274.234277	35	19.3739612	7.12915780	222.786181
3	8:27:04	7.37	93.480	28.780	33573.000	18.000	93.488997	19.5859448	194.352587	145.776831	8.81560561	275.487675	35	19.3739612	7.16174189	223.804434
3	8:27:19	7.62	93.270	28.800	33530.000	18.000	93.318573	19.5502411	193.998296	145.511091	8.79953542	274.985482	35	19.3739612	7.14868656	223.396455
3	8:27:34	7.87	93.350	28.790	33508.000	18.000	93.403738	19.5680831	194.175343	145.643887	8.80756606	275.236439	35	19.3739612	7.15521060	223.600331
3	8:27:49	8.12	92.960	28.840	33524.000	18.000	92.978858	19.4790708	193.292069	144.981375	8.76750176	273.984430	35	19.3739612	7.12266262	222.583207
3	8:28:04	8.37	93.060	28.830	33524.000	18.000	93.063646	19.4968338	193.468332	145.113584	8.77549687	274.234277	35	19.3739612	7.12915780	222.786181
3	8:28:19	8.62	93.060	28.830	33527.000	18.000	93.063646	19.4968338	193.468332	145.113584	8.77549687	274.234277	35	19.3739612	7.12915780	222.786181
3	8:28:34	8.87	93.160	28.810	33525.000	18.000	93.233503	19.5324189	193.821446	145.378441	8.79151368	274.734803	35	19.3739612	7.14216976	223.192805
3	8:28:49	9.12	92.590	28.880	33507.000	18.000	92.640645	19.4082151	192.588963	144.454001	8.73560972	272.987804	35	19.3739612	7.09675374	221.773554
3	8:29:04	9.37	93.070	28.820	33518.000	18.000	93.148527	19.5146165	193.644791	145.245939	8.78350084	274.484401	35	19.3739612	7.13566017	222.989380
3	8:29:19	9.62	92.970	28.840	33511.000	18.000	92.978858	19.4790708	193.292069	144.981375	8.76750176	273.984430	35	19.3739612	7.12266262	222.583207
3	8:29:34	9.87	92.800	28.860	33506.000	18.000	92.809564	19.4436037	192.940127	144.717396	8.75153809	273.485565	35	19.3739612	7.10969384	222.177932
3	8:29:49	10.12	92.980	28.830	33514.000	18.000	93.063646	19.4968338	193.468332	145.113584	8.77549687	274.234277	35	19.3739612	7.12915780	222.786181
3	8:30:04	10.37	93.090	28.820	33517.000	18.000	93.148527	19.5146165	193.644791	145.245939	8.78350084	274.484401	35	19.3739612	7.13566017	222.989380
3	8:30:19	10.62	93.200	28.810	33501.000	18.000	93.233503	19.5324189	193.821446	145.378441	8.79151368	274.734803	35	19.3739612	7.14216976	223.192805
3	8:30:34	10.87	92.920	28.840	33483.000	18.000	92.978858	19.4790708	193.292069	144.981375	8.76750176	273.984430	35	19.3739612	7.12266262	222.583207
3	8:30:49	11.12	93.040	28.830	33497.000	18.000	93.063646	19.4968338	193.468332	145.113584	8.77549687	274.234277	35	19.3739612	7.12915780	222.786181
3	8:31:04	11.37	92.930	28.840	33510.000	18.000	92.978858	19.4790708	193.292069	144.981375	8.76750176	273.984430	35	19.3739612	7.12266262	222.583207
3	8:31:19	11.62	93.280	28.800	33508.000	18.000	93.318573	19.5502411	193.998296	145.511091	8.79953542	274.985482	35	19.3739612	7.14868656	223.396455
3	8:31:34	11.87	93.280	28.800	33494.000	18.000	93.318573	19.5502411	193.998296	145.511091	8.79953542	274.985482	35	19.3739612	7.14868656	223.396455
3	8:31:49	12.12	92.800	28.860	33479.000	18.000	92.809564	19.4436037	192.940127	144.717396	8.75153809	273.485565	35	19.3739612	7.10969384	222.177932
3	8:32:04	12.37	93.000	28.830	33519.000	18.000	93.063646	19.4968338	193.468332	145.113584	8.77549687	274.234277	35	19.3739612	7.12915780	222.786181
3	8:32:19	12.62	93.030	28.830	33499.000	18.000	93.063646	19.4968338	193.468332	145.113584	8.77549687	274.234277	35	19.3739612	7.12915780	222.786181
3	8:32:34	12.87	92.840	28.850	33485.000	18.000	92.894164	19.4613274	193.116000	144.849312	8.75951550	273.734860	35	19.3739612	7.11617464	222.380458
3	8:32:49	13.12	93.240	28.800	33480.000	18.000	93.318573	19.5502411	193.998296	145.511091	8.79953542	274.985482	35	19.3739612	7.14868656	223.396455
3	8:33:04	13.37	92.660	28.870	33496.000	18.000	92.725058	19.4258996	192.764448	144.585626	8.74356950	273.236547	35	19.3739612	7.10322021	221.975631
3	8:33:19	13.62	92.670	28.870	33475.000	18.000	92.725058	19.4258996	192.764448	144.585626	8.74356950	273.236547	35	19.3739612	7.10322021	221.975631
3	8:33:34	13.87	92.700	28.870	33481.000	18.000	92.725058	19.4258996	192.764448	144.585626	8.74356950	273.236547	35	19.3739612	7.10322021	221.975631
3	8:33:49	14.12	92.570	28.880	33459.000	18.000	92.640645	19.4082151	192.588963	144.454001	8.73560972	272.987804	35	19.3739612	7.09675374	221.773554
3	8:34:04	14.37	92.750	28.860	33502.000	18.000	92.809564	19.4436037	192.940127	144.717396	8.75153809	273.485565	35	19.3739612	7.10969384	222.177932
3	8:34:19	14.62	92.790	28.860	33478.000	18.000	92.809564	19.4436037	192.940127	144.717396	8.75153809	273.485565	35	19.3739612	7.10969384	222.177932
3	8:34:34	14.87	92.820	28.850	33486.000	18.000	92.894164	19.4613274	193.116000	144.849312	8.75951550	273.734860	35	19.3739612	7.11617464	222.380458
3	8:34:49	15.12	92.680	28.870	33491.000	18.000	92.725058	19.4258996	192.764448	144.585626	8.74356950	273.236547	35	19.3739612	7.10322021	221.975631
3	8:35:04	15.37	92.670	28.870	33465.000	18.000	92.725058	19.4258996	192.764448	144.585626	8.74356950	273.236547	35	19.3739612	7.10322021	221.975631
3	8:35:19	15.62	92.930	28.840	33485.000	18.000	92.978858	19.4790708	193.292069	144.981375	8.76750176	273.984430	35	19.3739612	7.12266262	222.583207
3	8:35:34	15.87	92.480	28.890	33483.000	18.000	92.556325	19.3905502	192.413673	144.322522	8.72765875	272.739336	35	19.3739612	7.09029441	221.571700
3	8:35:49	16.12	92.640	28.880	33453.000	18.000	92.640645	19.4082151	192.588963	144.454001	8.73560972	272.987804	35	19.3739612	7.09675374	221.773554
3	8:36:04	16.37	92.690	28.870	33453.000	18.000	92.725058	19.4258996	192.764448	144.585626	8.74356950	273.236547	35	19.3739612	7.10322021	221.975631
3	8:36:19	16.62	92.260	28.920	33453.000	18.000	92.303925	19.3376723	191.888962	143.928956	8.70385850	271.995578	35	19.3739612	7.07095925	220.967476
3	8:36:34	16.87	92.670	28.870	33466.000	18.000	92.725058	19.4258996	192.764448	144.585626	8.74356950	273.236547	35	19.3739612	7.10322021	221.975631
3	8:36:49	17.12	92.440	28.900	33477.000	18.000	92.472099	19.3729047	192.238576	144.191188	8.71971656	272.491143	35	19.3739612	7.08384223	221.370070
3	8:37:04	17.37	92.040	28.950	33474.000	18.000	92.052360	19.2849694	191.365988	143.536692	8.68013702	271.254282	35	19.3739612	7.05168806	220.365252
3	8:37:19	17.62	92.540	28.890	33461.000	18.000	92.556325	19.3905502	192.413673	144.322522	8.72765875	272.739336	35	19.3739612	7.09029441	221.571700
3	8:37:34	17.87	92.640	28.870	33496.000	18.000	92.725058	19.4258996	192.764448	144.585626	8.74356950	273.236547	35	19.3739612	7.10322021	221.975631
3	8:37:49	18.12	92.680	28.870	33473.000	18.000	92.725058	19.4258996	192.764448	144.585626	8.74356950	273.236547	35	19.3739612	7.10322021	221.975631
3	8:38:04	18.37	92.220	28.930	33479.000	18.000	92.219977	19.3200853	191.714445	143.798057	8.69594261	271.748206	35	19.3739612	7.06452842	220.766513
3	8:38:19	18.62	92.510	28.890	33513.000	18.000	92.556325	19.3905502	192.413673	144.322522	8.72765875	272.739336	35	19.3739612	7.09029441	221.571700
3	8:38:34	18.87	92.580	28.880	33525.000	18.000	92.640645	19.4082151	192.588963	144.454001	8.73560972	272.987804	35	19.3739612	7.09675374	221.773554
3	8:38:49	19.12	92.540	28.890	33515.000	18.000	92.556325	19.3905502	192.413673	144.322522	8.72765875	272.739336	35	19.3739612	7.09029441	221.571700
3	8:39:04	19.37	92.430	28.900	33516.000	18.000	92.472099	19.3729047	192.238576	144.191188	8.71971656	272.491143	35	19.3739612	7.08384223	221.370070
3	8:39:19	19.62	92.210	28.930	33500.000	18.000	92.219977	19.3200853	191.714445	143.798057	8.69594261	271.748206	35	19.3739612	7.06452842	220.766513
