Chamber	Time/hh:mm:ss	Logtime/min	Oxy/% air sat.	Phase/°	Amp	Temp/°C	% air-sat.	% oxygen	pO2 (hPa)	pO2 (Torr)	cO2 [mg/L]	cO2 [µmol/L]	Salinity	chlorinity	SalCorcO2 [mg/L]	SalCorcO2 [µmol/L]
7	16:04:47	0.00	94.950	31.010	36437.000	6.000	95.000075	19.9025158	199.744942	149.821441	11.79882195	368.713186	35	19.3739612	9.32258960	291.330925
7	16:05:02	0.25	95.650	30.930	36427.000	6.000	95.667592	20.0423606	201.148447	150.874160	11.88172622	371.303944	35	19.3739612	9.38809465	293.377958
7	16:05:17	0.50	95.340	30.960	36407.000	6.000	95.416625	19.9897830	200.620770	150.478369	11.85055664	370.329895	35	19.3739612	9.36346667	292.608333
7	16:05:32	0.75	95.390	30.960	36430.000	6.000	95.416625	19.9897830	200.620770	150.478369	11.85055664	370.329895	35	19.3739612	9.36346667	292.608333
7	16:05:47	1.00	95.070	31.000	36417.000	6.000	95.083213	19.9199332	199.919746	149.952555	11.80914750	369.035859	35	19.3739612	9.33074811	291.585878
7	16:06:02	1.25	95.350	30.960	36388.000	6.000	95.416625	19.9897830	200.620770	150.478369	11.85055664	370.329895	35	19.3739612	9.36346667	292.608333
7	16:06:17	1.50	95.810	30.910	36402.000	6.000	95.835337	20.0775032	201.501144	151.138705	11.90255984	371.954995	35	19.3739612	9.40455589	293.892372
7	16:06:32	1.75	95.400	30.960	36426.000	6.000	95.416625	19.9897830	200.620770	150.478369	11.85055664	370.329895	35	19.3739612	9.36346667	292.608333
7	16:06:47	2.00	94.710	31.040	36392.000	6.000	94.751177	19.8503716	199.221614	149.428912	11.76790927	367.747165	35	19.3739612	9.29816460	290.567644
7	16:07:02	2.25	95.560	30.940	36392.000	6.000	95.583850	20.0248166	200.972373	150.742093	11.87132560	370.978925	35	19.3739612	9.37987682	293.121151
7	16:07:17	2.50	95.200	30.980	36443.000	6.000	95.249747	19.9548220	200.269895	150.215190	11.82983064	369.682208	35	19.3739612	9.34709046	292.096577
7	16:07:32	2.75	95.400	30.960	36410.000	6.000	95.416625	19.9897830	200.620770	150.478369	11.85055664	370.329895	35	19.3739612	9.36346667	292.608333
7	16:07:47	3.00	95.200	30.980	36370.000	6.000	95.249747	19.9548220	200.269895	150.215190	11.82983064	369.682208	35	19.3739612	9.34709046	292.096577
7	16:08:02	3.25	95.440	30.950	36383.000	6.000	95.500194	20.0072907	200.796481	150.610162	11.86093574	370.654242	35	19.3739612	9.37166749	292.864609
7	16:08:17	3.50	95.700	30.920	36366.000	6.000	95.751421	20.0599228	201.324705	151.006364	11.89213763	371.629301	35	19.3739612	9.39632101	293.635031
7	16:08:32	3.75	95.430	30.950	36377.000	6.000	95.500194	20.0072907	200.796481	150.610162	11.86093574	370.654242	35	19.3739612	9.37166749	292.864609
7	16:08:47	4.00	95.560	30.940	36346.000	6.000	95.583850	20.0248166	200.972373	150.742093	11.87132560	370.978925	35	19.3739612	9.37987682	293.121151
7	16:09:02	4.25	95.550	30.940	36414.000	6.000	95.583850	20.0248166	200.972373	150.742093	11.87132560	370.978925	35	19.3739612	9.37987682	293.121151
7	16:09:17	4.50	96.070	30.880	36352.000	6.000	96.087608	20.1303540	202.031564	151.536553	11.93389140	372.934106	35	19.3739612	9.42931187	294.665996
7	16:09:32	4.75	95.730	30.920	36378.000	6.000	95.751421	20.0599228	201.324705	151.006364	11.89213763	371.629301	35	19.3739612	9.39632101	293.635031
7	16:09:47	5.00	95.570	30.940	36367.000	6.000	95.583850	20.0248166	200.972373	150.742093	11.87132560	370.978925	35	19.3739612	9.37987682	293.121151
7	16:10:02	5.25	95.230	30.980	36348.000	6.000	95.249747	19.9548220	200.269895	150.215190	11.82983064	369.682208	35	19.3739612	9.34709046	292.096577
7	16:10:17	5.50	95.400	30.960	36396.000	6.000	95.416625	19.9897830	200.620770	150.478369	11.85055664	370.329895	35	19.3739612	9.36346667	292.608333
7	16:10:32	5.75	95.450	30.950	36421.000	6.000	95.500194	20.0072907	200.796481	150.610162	11.86093574	370.654242	35	19.3739612	9.37166749	292.864609
7	16:10:47	6.00	95.490	30.950	36385.000	6.000	95.500194	20.0072907	200.796481	150.610162	11.86093574	370.654242	35	19.3739612	9.37166749	292.864609
7	16:11:02	6.25	95.120	30.990	36371.000	6.000	95.166437	19.9373685	200.094730	150.083805	11.81948372	369.358866	35	19.3739612	9.33891506	291.841096
7	16:11:17	6.50	95.860	30.900	36358.000	6.000	95.919341	20.0951018	201.677767	151.271184	11.91299286	372.281027	35	19.3739612	9.41279933	294.149979
7	16:11:32	6.75	95.980	30.890	36363.000	6.000	96.003431	20.1127188	201.854574	151.403800	11.92343671	372.607397	35	19.3739612	9.42105131	294.407853
7	16:11:47	7.00	95.440	30.950	36388.000	6.000	95.500194	20.0072907	200.796481	150.610162	11.86093574	370.654242	35	19.3739612	9.37166749	292.864609
7	16:12:02	7.25	95.810	30.910	36384.000	6.000	95.835337	20.0775032	201.501144	151.138705	11.90255984	371.954995	35	19.3739612	9.40455589	293.892372
7	16:12:17	7.50	95.340	30.960	36372.000	6.000	95.416625	19.9897830	200.620770	150.478369	11.85055664	370.329895	35	19.3739612	9.36346667	292.608333
7	16:12:32	7.75	95.240	30.980	36386.000	6.000	95.249747	19.9548220	200.269895	150.215190	11.82983064	369.682208	35	19.3739612	9.34709046	292.096577
7	16:12:47	8.00	95.400	30.960	36363.000	6.000	95.416625	19.9897830	200.620770	150.478369	11.85055664	370.329895	35	19.3739612	9.36346667	292.608333
7	16:13:02	8.25	95.470	30.950	36379.000	6.000	95.500194	20.0072907	200.796481	150.610162	11.86093574	370.654242	35	19.3739612	9.37166749	292.864609
7	16:13:17	8.50	95.960	30.890	36387.000	6.000	96.003431	20.1127188	201.854574	151.403800	11.92343671	372.607397	35	19.3739612	9.42105131	294.407853
7	16:13:32	8.75	95.890	30.900	36357.000	6.000	95.919341	20.0951018	201.677767	151.271184	11.91299286	372.281027	35	19.3739612	9.41279933	294.149979
7	16:13:47	9.00	95.500	30.940	36358.000	6.000	95.583850	20.0248166	200.972373	150.742093	11.87132560	370.978925	35	19.3739612	9.37987682	293.121151
7	16:14:02	9.25	95.500	30.940	36413.000	6.000	95.583850	20.0248166	200.972373	150.742093	11.87132560	370.978925	35	19.3739612	9.37987682	293.121151
7	16:14:17	9.50	95.480	30.950	36376.000	6.000	95.500194	20.0072907	200.796481	150.610162	11.86093574	370.654242	35	19.3739612	9.37166749	292.864609
7	16:14:32	9.75	95.600	30.930	36362.000	6.000	95.667592	20.0423606	201.148447	150.874160	11.88172622	371.303944	35	19.3739612	9.38809465	293.377958
7	16:14:47	10.00	95.390	30.960	36398.000	6.000	95.416625	19.9897830	200.620770	150.478369	11.85055664	370.329895	35	19.3739612	9.36346667	292.608333
7	16:15:02	10.25	95.810	30.910	36388.000	6.000	95.835337	20.0775032	201.501144	151.138705	11.90255984	371.954995	35	19.3739612	9.40455589	293.892372
7	16:15:17	10.50	95.190	30.980	36357.000	6.000	95.249747	19.9548220	200.269895	150.215190	11.82983064	369.682208	35	19.3739612	9.34709046	292.096577
7	16:15:32	10.75	95.680	30.920	36369.000	6.000	95.751421	20.0599228	201.324705	151.006364	11.89213763	371.629301	35	19.3739612	9.39632101	293.635031
7	16:15:47	11.00	95.740	30.920	36377.000	6.000	95.751421	20.0599228	201.324705	151.006364	11.89213763	371.629301	35	19.3739612	9.39632101	293.635031
7	16:16:02	11.25	95.330	30.970	36382.000	6.000	95.333143	19.9722935	200.445242	150.346711	11.84018828	370.005884	35	19.3739612	9.35527433	292.352323
7	16:16:17	11.50	95.500	30.940	36364.000	6.000	95.583850	20.0248166	200.972373	150.742093	11.87132560	370.978925	35	19.3739612	9.37987682	293.121151
7	16:16:32	11.75	95.750	30.910	36367.000	6.000	95.835337	20.0775032	201.501144	151.138705	11.90255984	371.954995	35	19.3739612	9.40455589	293.892372
7	16:16:47	12.00	95.590	30.930	36376.000	6.000	95.667592	20.0423606	201.148447	150.874160	11.88172622	371.303944	35	19.3739612	9.38809465	293.377958
7	16:17:02	12.25	95.330	30.970	36359.000	6.000	95.333143	19.9722935	200.445242	150.346711	11.84018828	370.005884	35	19.3739612	9.35527433	292.352323
7	16:17:17	12.50	95.700	30.920	36353.000	6.000	95.751421	20.0599228	201.324705	151.006364	11.89213763	371.629301	35	19.3739612	9.39632101	293.635031
7	16:17:32	12.75	95.790	30.910	36326.000	6.000	95.835337	20.0775032	201.501144	151.138705	11.90255984	371.954995	35	19.3739612	9.40455589	293.892372
7	16:17:47	13.00	95.330	30.970	36360.000	6.000	95.333143	19.9722935	200.445242	150.346711	11.84018828	370.005884	35	19.3739612	9.35527433	292.352323
7	16:18:02	13.25	95.470	30.950	36371.000	6.000	95.500194	20.0072907	200.796481	150.610162	11.86093574	370.654242	35	19.3739612	9.37166749	292.864609
7	16:18:17	13.50	95.370	30.960	36369.000	6.000	95.416625	19.9897830	200.620770	150.478369	11.85055664	370.329895	35	19.3739612	9.36346667	292.608333
7	16:18:32	13.75	95.620	30.930	36351.000	6.000	95.667592	20.0423606	201.148447	150.874160	11.88172622	371.303944	35	19.3739612	9.38809465	293.377958
7	16:18:47	14.00	95.110	30.990	36365.000	6.000	95.166437	19.9373685	200.094730	150.083805	11.81948372	369.358866	35	19.3739612	9.33891506	291.841096
7	16:19:02	14.25	95.740	30.920	36394.000	6.000	95.751421	20.0599228	201.324705	151.006364	11.89213763	371.629301	35	19.3739612	9.39632101	293.635031
7	16:19:17	14.50	96.060	30.880	36350.000	6.000	96.087608	20.1303540	202.031564	151.536553	11.93389140	372.934106	35	19.3739612	9.42931187	294.665996
7	16:19:32	14.75	95.420	30.950	36328.000	6.000	95.500194	20.0072907	200.796481	150.610162	11.86093574	370.654242	35	19.3739612	9.37166749	292.864609
7	16:19:47	15.00	95.550	30.940	36378.000	6.000	95.583850	20.0248166	200.972373	150.742093	11.87132560	370.978925	35	19.3739612	9.37987682	293.121151
7	16:20:02	15.25	95.650	30.930	36337.000	6.000	95.667592	20.0423606	201.148447	150.874160	11.88172622	371.303944	35	19.3739612	9.38809465	293.377958
7	16:20:17	15.50	95.580	30.940	36401.000	6.000	95.583850	20.0248166	200.972373	150.742093	11.87132560	370.978925	35	19.3739612	9.37987682	293.121151
7	16:20:32	15.75	95.960	30.890	36377.000	6.000	96.003431	20.1127188	201.854574	151.403800	11.92343671	372.607397	35	19.3739612	9.42105131	294.407853
7	16:20:47	16.00	94.950	31.010	36360.000	6.000	95.000075	19.9025158	199.744942	149.821441	11.79882195	368.713186	35	19.3739612	9.32258960	291.330925
7	16:21:02	16.25	95.550	30.940	36388.000	6.000	95.583850	20.0248166	200.972373	150.742093	11.87132560	370.978925	35	19.3739612	9.37987682	293.121151
7	16:21:17	16.50	95.270	30.970	36368.000	6.000	95.333143	19.9722935	200.445242	150.346711	11.84018828	370.005884	35	19.3739612	9.35527433	292.352323
7	16:21:32	16.75	95.860	30.900	36384.000	6.000	95.919341	20.0951018	201.677767	151.271184	11.91299286	372.281027	35	19.3739612	9.41279933	294.149979
7	16:21:47	17.00	95.680	30.920	36375.000	6.000	95.751421	20.0599228	201.324705	151.006364	11.89213763	371.629301	35	19.3739612	9.39632101	293.635031
7	16:22:02	17.25	95.210	30.980	36363.000	6.000	95.249747	19.9548220	200.269895	150.215190	11.82983064	369.682208	35	19.3739612	9.34709046	292.096577
7	16:22:17	17.50	95.630	30.930	36370.000	6.000	95.667592	20.0423606	201.148447	150.874160	11.88172622	371.303944	35	19.3739612	9.38809465	293.377958
7	16:22:32	17.75	95.090	30.990	36389.000	6.000	95.166437	19.9373685	200.094730	150.083805	11.81948372	369.358866	35	19.3739612	9.33891506	291.841096
7	16:22:47	18.00	95.200	30.980	36409.000	6.000	95.249747	19.9548220	200.269895	150.215190	11.82983064	369.682208	35	19.3739612	9.34709046	292.096577
7	16:23:02	18.25	95.710	30.920	36376.000	6.000	95.751421	20.0599228	201.324705	151.006364	11.89213763	371.629301	35	19.3739612	9.39632101	293.635031
7	16:23:17	18.50	95.560	30.940	36360.000	6.000	95.583850	20.0248166	200.972373	150.742093	11.87132560	370.978925	35	19.3739612	9.37987682	293.121151
7	16:23:32	18.75	96.060	30.880	36380.000	6.000	96.087608	20.1303540	202.031564	151.536553	11.93389140	372.934106	35	19.3739612	9.42931187	294.665996
7	16:23:47	19.00	95.220	30.980	36380.000	6.000	95.249747	19.9548220	200.269895	150.215190	11.82983064	369.682208	35	19.3739612	9.34709046	292.096577
7	16:24:02	19.25	95.230	30.980	36360.000	6.000	95.249747	19.9548220	200.269895	150.215190	11.82983064	369.682208	35	19.3739612	9.34709046	292.096577
