Chamber	Time/hh:mm:ss	Logtime/min	Oxy/% air sat.	Phase/°	Amp	Temp/°C	% air-sat.	% oxygen	pO2 (hPa)	pO2 (Torr)	cO2 [mg/L]	cO2 [µmol/L]	Salinity	chlorinity	SalCorcO2 [mg/L]	SalCorcO2 [µmol/L]
5	10:51:32	0.00	94.360	29.250	47889.000	15.000	94.378511	19.7722980	196.912423	147.696871	9.48172009	296.303753	35	19.3739612	7.65412012	239.191254
5	10:51:43	0.18	94.160	29.270	47920.000	15.000	94.208123	19.7366017	196.556923	147.430224	9.46460208	295.768815	35	19.3739612	7.64030161	238.759425
5	10:51:58	0.43	94.350	29.250	47933.000	15.000	94.378511	19.7722980	196.912423	147.696871	9.48172009	296.303753	35	19.3739612	7.65412012	239.191254
5	10:52:13	0.68	94.080	29.280	47910.000	15.000	94.123068	19.7187828	196.379464	147.297118	9.45605710	295.501784	35	19.3739612	7.63340367	238.543865
5	10:52:28	0.93	94.230	29.260	47888.000	15.000	94.293270	19.7544401	196.734576	147.563475	9.47315641	296.036138	35	19.3739612	7.64720709	238.975221
5	10:52:43	1.18	94.610	29.220	47886.000	15.000	94.634792	19.8259890	197.447131	148.097937	9.50746737	297.108355	35	19.3739612	7.67490461	239.840769
5	10:52:58	1.43	94.660	29.210	47879.000	15.000	94.720406	19.8439251	197.625758	148.231918	9.51606859	297.377143	35	19.3739612	7.68184795	240.057748
5	10:53:13	1.68	94.600	29.220	47875.000	15.000	94.634792	19.8259890	197.447131	148.097937	9.50746737	297.108355	35	19.3739612	7.67490461	239.840769
5	10:53:28	1.93	94.580	29.220	47869.000	15.000	94.634792	19.8259890	197.447131	148.097937	9.50746737	297.108355	35	19.3739612	7.67490461	239.840769
5	10:53:43	2.18	94.320	29.250	47844.000	15.000	94.378511	19.7722980	196.912423	147.696871	9.48172009	296.303753	35	19.3739612	7.65412012	239.191254
5	10:53:58	2.43	94.210	29.260	47858.000	15.000	94.293270	19.7544401	196.734576	147.563475	9.47315641	296.036138	35	19.3739612	7.64720709	238.975221
5	10:54:13	2.68	94.290	29.260	47807.000	15.000	94.293270	19.7544401	196.734576	147.563475	9.47315641	296.036138	35	19.3739612	7.64720709	238.975221
5	10:54:28	2.93	94.560	29.220	47882.000	15.000	94.634792	19.8259890	197.447131	148.097937	9.50746737	297.108355	35	19.3739612	7.67490461	239.840769
5	10:54:43	3.18	94.050	29.280	47866.000	15.000	94.123068	19.7187828	196.379464	147.297118	9.45605710	295.501784	35	19.3739612	7.63340367	238.543865
5	10:54:58	3.43	94.890	29.190	47878.000	15.000	94.891916	19.8798565	197.983598	148.500321	9.53329930	297.915603	35	19.3739612	7.69575744	240.492420
5	10:55:13	3.68	94.190	29.270	47892.000	15.000	94.208123	19.7366017	196.556923	147.430224	9.46460208	295.768815	35	19.3739612	7.64030161	238.759425
5	10:55:28	3.93	94.190	29.270	47892.000	15.000	94.208123	19.7366017	196.556923	147.430224	9.46460208	295.768815	35	19.3739612	7.64030161	238.759425
5	10:55:43	4.18	94.840	29.190	47866.000	15.000	94.891916	19.8798565	197.983598	148.500321	9.53329930	297.915603	35	19.3739612	7.69575744	240.492420
5	10:55:58	4.43	94.530	29.230	47835.000	15.000	94.549272	19.8080724	197.268700	147.964102	9.49887555	296.839861	35	19.3739612	7.66796887	239.624027
5	10:56:13	4.68	94.420	29.240	47841.000	15.000	94.463844	19.7901754	197.090464	147.830414	9.49029313	296.571660	35	19.3739612	7.66104071	239.407522
5	10:56:28	4.93	93.810	29.310	47849.000	15.000	93.868461	19.6654426	195.848249	146.898673	9.43047804	294.702439	35	19.3739612	7.61275497	237.898593
5	10:56:43	5.18	94.750	29.200	47800.000	15.000	94.806114	19.8618810	197.804580	148.366046	9.52467922	297.646226	35	19.3739612	7.68879889	240.274965
5	10:56:58	5.43	94.480	29.230	47874.000	15.000	94.549272	19.8080724	197.268700	147.964102	9.49887555	296.839861	35	19.3739612	7.66796887	239.624027
5	10:57:13	5.68	94.840	29.190	47858.000	15.000	94.891916	19.8798565	197.983598	148.500321	9.53329930	297.915603	35	19.3739612	7.69575744	240.492420
5	10:57:28	5.93	94.240	29.260	47843.000	15.000	94.293270	19.7544401	196.734576	147.563475	9.47315641	296.036138	35	19.3739612	7.64720709	238.975221
5	10:57:43	6.18	94.430	29.240	47884.000	15.000	94.463844	19.7901754	197.090464	147.830414	9.49029313	296.571660	35	19.3739612	7.66104071	239.407522
5	10:57:58	6.43	94.320	29.250	47840.000	15.000	94.378511	19.7722980	196.912423	147.696871	9.48172009	296.303753	35	19.3739612	7.65412012	239.191254
5	10:58:13	6.68	94.370	29.250	47796.000	15.000	94.378511	19.7722980	196.912423	147.696871	9.48172009	296.303753	35	19.3739612	7.65412012	239.191254
5	10:58:28	6.93	94.340	29.250	47859.000	15.000	94.378511	19.7722980	196.912423	147.696871	9.48172009	296.303753	35	19.3739612	7.65412012	239.191254
5	10:58:43	7.18	94.390	29.240	47870.000	15.000	94.463844	19.7901754	197.090464	147.830414	9.49029313	296.571660	35	19.3739612	7.66104071	239.407522
5	10:58:58	7.43	94.190	29.270	47863.000	15.000	94.208123	19.7366017	196.556923	147.430224	9.46460208	295.768815	35	19.3739612	7.64030161	238.759425
5	10:59:13	7.68	94.210	29.260	47892.000	15.000	94.293270	19.7544401	196.734576	147.563475	9.47315641	296.036138	35	19.3739612	7.64720709	238.975221
5	10:59:28	7.93	94.040	29.280	47843.000	15.000	94.123068	19.7187828	196.379464	147.297118	9.45605710	295.501784	35	19.3739612	7.63340367	238.543865
5	10:59:43	8.18	94.710	29.210	47853.000	15.000	94.720406	19.8439251	197.625758	148.231918	9.51606859	297.377143	35	19.3739612	7.68184795	240.057748
5	10:59:58	8.43	94.290	29.260	47870.000	15.000	94.293270	19.7544401	196.734576	147.563475	9.47315641	296.036138	35	19.3739612	7.64720709	238.975221
5	11:00:13	8.68	94.220	29.260	47866.000	15.000	94.293270	19.7544401	196.734576	147.563475	9.47315641	296.036138	35	19.3739612	7.64720709	238.975221
5	11:00:28	8.93	94.050	29.280	47859.000	15.000	94.123068	19.7187828	196.379464	147.297118	9.45605710	295.501784	35	19.3739612	7.63340367	238.543865
5	11:00:43	9.18	94.450	29.240	47861.000	15.000	94.463844	19.7901754	197.090464	147.830414	9.49029313	296.571660	35	19.3739612	7.66104071	239.407522
5	11:00:58	9.43	94.020	29.290	47876.000	15.000	94.038106	19.7009833	196.202199	147.164158	9.44752144	295.235045	35	19.3739612	7.62651325	238.328539
5	11:01:13	9.68	94.420	29.240	47926.000	15.000	94.463844	19.7901754	197.090464	147.830414	9.49029313	296.571660	35	19.3739612	7.66104071	239.407522
5	11:01:28	9.93	94.550	29.220	47900.000	15.000	94.634792	19.8259890	197.447131	148.097937	9.50746737	297.108355	35	19.3739612	7.67490461	239.840769
5	11:01:43	10.18	94.110	29.280	47924.000	15.000	94.123068	19.7187828	196.379464	147.297118	9.45605710	295.501784	35	19.3739612	7.63340367	238.543865
5	11:01:58	10.43	94.530	29.230	47867.000	15.000	94.549272	19.8080724	197.268700	147.964102	9.49887555	296.839861	35	19.3739612	7.66796887	239.624027
5	11:02:13	10.68	94.200	29.270	47900.000	15.000	94.208123	19.7366017	196.556923	147.430224	9.46460208	295.768815	35	19.3739612	7.64030161	238.759425
5	11:02:28	10.93	94.400	29.240	47939.000	15.000	94.463844	19.7901754	197.090464	147.830414	9.49029313	296.571660	35	19.3739612	7.66104071	239.407522
5	11:02:43	11.18	94.250	29.260	47918.000	15.000	94.293270	19.7544401	196.734576	147.563475	9.47315641	296.036138	35	19.3739612	7.64720709	238.975221
5	11:02:58	11.43	94.250	29.260	47912.000	15.000	94.293270	19.7544401	196.734576	147.563475	9.47315641	296.036138	35	19.3739612	7.64720709	238.975221
5	11:03:13	11.68	94.450	29.240	47877.000	15.000	94.463844	19.7901754	197.090464	147.830414	9.49029313	296.571660	35	19.3739612	7.66104071	239.407522
5	11:03:28	11.93	94.350	29.250	47880.000	15.000	94.378511	19.7722980	196.912423	147.696871	9.48172009	296.303753	35	19.3739612	7.65412012	239.191254
5	11:03:43	12.18	94.810	29.190	47900.000	15.000	94.891916	19.8798565	197.983598	148.500321	9.53329930	297.915603	35	19.3739612	7.69575744	240.492420
5	11:03:58	12.43	94.900	29.180	47925.000	15.000	94.977812	19.8978517	198.162812	148.634743	9.54192881	298.185275	35	19.3739612	7.70272362	240.710113
5	11:04:13	12.68	94.450	29.240	47952.000	15.000	94.463844	19.7901754	197.090464	147.830414	9.49029313	296.571660	35	19.3739612	7.66104071	239.407522
5	11:04:28	12.93	94.420	29.240	47951.000	15.000	94.463844	19.7901754	197.090464	147.830414	9.49029313	296.571660	35	19.3739612	7.66104071	239.407522
5	11:04:43	13.18	94.520	29.230	47946.000	15.000	94.549272	19.8080724	197.268700	147.964102	9.49887555	296.839861	35	19.3739612	7.66796887	239.624027
5	11:04:58	13.43	94.370	29.250	47921.000	15.000	94.378511	19.7722980	196.912423	147.696871	9.48172009	296.303753	35	19.3739612	7.65412012	239.191254
5	11:05:13	13.68	94.430	29.240	47958.000	15.000	94.463844	19.7901754	197.090464	147.830414	9.49029313	296.571660	35	19.3739612	7.66104071	239.407522
5	11:05:28	13.93	94.250	29.260	47961.000	15.000	94.293270	19.7544401	196.734576	147.563475	9.47315641	296.036138	35	19.3739612	7.64720709	238.975221
5	11:05:43	14.18	94.020	29.290	47968.000	15.000	94.038106	19.7009833	196.202199	147.164158	9.44752144	295.235045	35	19.3739612	7.62651325	238.328539
5	11:05:58	14.43	94.400	29.240	47963.000	15.000	94.463844	19.7901754	197.090464	147.830414	9.49029313	296.571660	35	19.3739612	7.66104071	239.407522
5	11:06:13	14.68	94.280	29.260	47942.000	15.000	94.293270	19.7544401	196.734576	147.563475	9.47315641	296.036138	35	19.3739612	7.64720709	238.975221
5	11:06:28	14.93	94.300	29.250	47934.000	15.000	94.378511	19.7722980	196.912423	147.696871	9.48172009	296.303753	35	19.3739612	7.65412012	239.191254
5	11:06:43	15.18	94.300	29.250	47969.000	15.000	94.378511	19.7722980	196.912423	147.696871	9.48172009	296.303753	35	19.3739612	7.65412012	239.191254
5	11:06:58	15.43	94.010	29.290	47994.000	15.000	94.038106	19.7009833	196.202199	147.164158	9.44752144	295.235045	35	19.3739612	7.62651325	238.328539
5	11:07:13	15.68	93.900	29.300	47971.000	15.000	93.953237	19.6832032	196.025128	147.031343	9.43899509	294.968597	35	19.3739612	7.61963036	238.113449
5	11:07:28	15.93	94.800	29.200	47949.000	15.000	94.806114	19.8618810	197.804580	148.366046	9.52467922	297.646226	35	19.3739612	7.68879889	240.274965
5	11:07:43	16.18	93.840	29.310	47973.000	15.000	93.868461	19.6654426	195.848249	146.898673	9.43047804	294.702439	35	19.3739612	7.61275497	237.898593
5	11:07:58	16.43	94.350	29.250	47979.000	15.000	94.378511	19.7722980	196.912423	147.696871	9.48172009	296.303753	35	19.3739612	7.65412012	239.191254
5	11:08:13	16.68	94.330	29.250	47969.000	15.000	94.378511	19.7722980	196.912423	147.696871	9.48172009	296.303753	35	19.3739612	7.65412012	239.191254
5	11:08:28	16.93	93.910	29.300	47963.000	15.000	93.953237	19.6832032	196.025128	147.031343	9.43899509	294.968597	35	19.3739612	7.61963036	238.113449
5	11:08:43	17.18	94.260	29.260	47988.000	15.000	94.293270	19.7544401	196.734576	147.563475	9.47315641	296.036138	35	19.3739612	7.64720709	238.975221
5	11:08:58	17.43	94.080	29.280	47994.000	15.000	94.123068	19.7187828	196.379464	147.297118	9.45605710	295.501784	35	19.3739612	7.63340367	238.543865
5	11:09:13	17.68	94.310	29.250	47993.000	15.000	94.378511	19.7722980	196.912423	147.696871	9.48172009	296.303753	35	19.3739612	7.65412012	239.191254
5	11:09:28	17.93	94.270	29.260	48040.000	15.000	94.293270	19.7544401	196.734576	147.563475	9.47315641	296.036138	35	19.3739612	7.64720709	238.975221
5	11:09:43	18.18	94.020	29.290	47979.000	15.000	94.038106	19.7009833	196.202199	147.164158	9.44752144	295.235045	35	19.3739612	7.62651325	238.328539
5	11:09:58	18.43	94.360	29.250	48013.000	15.000	94.378511	19.7722980	196.912423	147.696871	9.48172009	296.303753	35	19.3739612	7.65412012	239.191254
5	11:10:13	18.68	94.250	29.260	47978.000	15.000	94.293270	19.7544401	196.734576	147.563475	9.47315641	296.036138	35	19.3739612	7.64720709	238.975221
5	11:10:28	18.93	94.020	29.290	48006.000	15.000	94.038106	19.7009833	196.202199	147.164158	9.44752144	295.235045	35	19.3739612	7.62651325	238.328539
5	11:10:43	19.18	93.940	29.300	48035.000	15.000	93.953237	19.6832032	196.025128	147.031343	9.43899509	294.968597	35	19.3739612	7.61963036	238.113449
5	11:10:58	19.43	94.220	29.260	48022.000	15.000	94.293270	19.7544401	196.734576	147.563475	9.47315641	296.036138	35	19.3739612	7.64720709	238.975221
5	11:11:13	19.68	94.170	29.270	48007.000	15.000	94.208123	19.7366017	196.556923	147.430224	9.46460208	295.768815	35	19.3739612	7.64030161	238.759425
5	11:11:28	19.93	93.870	29.300	48027.000	15.000	93.953237	19.6832032	196.025128	147.031343	9.43899509	294.968597	35	19.3739612	7.61963036	238.113449
5	11:11:43	20.18	93.980	29.290	48031.000	15.000	94.038106	19.7009833	196.202199	147.164158	9.44752144	295.235045	35	19.3739612	7.62651325	238.328539
5	11:11:58	20.43	93.800	29.310	48061.000	15.000	93.868461	19.6654426	195.848249	146.898673	9.43047804	294.702439	35	19.3739612	7.61275497	237.898593
5	11:12:13	20.68	93.970	29.290	48020.000	15.000	94.038106	19.7009833	196.202199	147.164158	9.44752144	295.235045	35	19.3739612	7.62651325	238.328539
5	11:12:28	20.93	93.490	29.350	48054.000	15.000	93.530278	19.5945933	195.142661	146.369437	9.39650260	293.640706	35	19.3739612	7.58532828	237.041509
5	11:12:43	21.18	93.690	29.330	48081.000	15.000	93.699185	19.6299793	195.495071	146.633767	9.41347180	294.170994	35	19.3739612	7.59902668	237.469584
5	11:12:58	21.43	94.140	29.270	48069.000	15.000	94.208123	19.7366017	196.556923	147.430224	9.46460208	295.768815	35	19.3739612	7.64030161	238.759425
