Chamber	Time/hh:mm:ss	Logtime/min	Oxy/% air sat.	Phase/°	Amp	Temp/°C	% air-sat.	% oxygen	pO2 (hPa)	pO2 (Torr)	cO2 [mg/L]	cO2 [µmol/L]	Salinity	chlorinity	SalCorcO2 [mg/L]	SalCorcO2 [µmol/L]
6	10:51:33	0.00	97.340	28.900	38434.000	15.000	97.421615	20.4098282	203.261590	152.459151	9.78744497	305.857655	35	19.3739612	7.90091658	246.903643
6	10:51:45	0.20	96.910	28.950	38462.000	15.000	96.979675	20.3172420	202.339523	151.767543	9.74304565	304.470176	35	19.3739612	7.86507522	245.783601
6	10:52:00	0.45	96.790	28.970	38490.000	15.000	96.803582	20.2803504	201.972119	151.491966	9.72535442	303.917326	35	19.3739612	7.85079397	245.337312
6	10:52:15	0.70	97.350	28.900	38478.000	15.000	97.421615	20.4098282	203.261590	152.459151	9.78744497	305.857655	35	19.3739612	7.90091658	246.903643
6	10:52:30	0.95	96.210	29.030	38527.000	15.000	96.277624	20.1701622	200.874755	150.668873	9.67251416	302.266067	35	19.3739612	7.80813866	244.004333
6	10:52:45	1.20	96.260	29.030	38474.000	15.000	96.277624	20.1701622	200.874755	150.668873	9.67251416	302.266067	35	19.3739612	7.80813866	244.004333
6	10:53:00	1.45	96.060	29.050	38484.000	15.000	96.103075	20.1335943	200.510575	150.395715	9.65497818	301.718068	35	19.3739612	7.79398274	243.561961
6	10:53:15	1.70	95.540	29.110	38490.000	15.000	95.581727	20.0243719	199.422828	149.579835	9.60260103	300.081282	35	19.3739612	7.75170128	242.240665
6	10:53:30	1.95	96.810	28.960	38522.000	15.000	96.891580	20.2987860	202.155720	151.629678	9.73419515	304.193599	35	19.3739612	7.85793066	245.560333
6	10:53:45	2.20	97.110	28.930	38489.000	15.000	97.156158	20.3542152	202.707739	152.043728	9.76077596	305.024249	35	19.3739612	7.87938802	246.230876
6	10:54:00	2.45	97.210	28.920	38551.000	15.000	97.244546	20.3727324	202.892152	152.182050	9.76965581	305.301744	35	19.3739612	7.88655628	246.454884
6	10:54:15	2.70	97.020	28.940	38562.000	15.000	97.067868	20.3357184	202.523530	151.905559	9.75190591	304.747060	35	19.3739612	7.87222767	246.007115
6	10:54:30	2.95	96.640	28.980	38499.000	15.000	96.715680	20.2619350	201.788721	151.354406	9.71652343	303.641357	35	19.3739612	7.84366515	245.114536
6	10:54:45	3.20	97.030	28.940	38417.000	15.000	97.067868	20.3357184	202.523530	151.905559	9.75190591	304.747060	35	19.3739612	7.87222767	246.007115
6	10:55:00	3.45	97.250	28.910	38441.000	15.000	97.333031	20.3912701	203.076769	152.320524	9.77854548	305.579546	35	19.3739612	7.89373247	246.679140
6	10:55:15	3.70	97.100	28.930	38468.000	15.000	97.156158	20.3542152	202.707739	152.043728	9.76077596	305.024249	35	19.3739612	7.87938802	246.230876
6	10:55:30	3.95	96.470	29.000	38498.000	15.000	96.540168	20.2251652	201.422530	151.079739	9.69889062	303.090332	35	19.3739612	7.82943107	244.669721
6	10:55:45	4.20	96.440	29.010	38503.000	15.000	96.452557	20.2068107	201.239737	150.942633	9.69008878	302.815274	35	19.3739612	7.82232578	244.447681
6	10:56:00	4.45	96.500	29.000	38524.000	15.000	96.540168	20.2251652	201.422530	151.079739	9.69889062	303.090332	35	19.3739612	7.82943107	244.669721
6	10:56:15	4.70	96.540	28.990	38508.000	15.000	96.627876	20.2435400	201.605525	151.216997	9.70770217	303.365693	35	19.3739612	7.83654419	244.892006
6	10:56:30	4.95	97.430	28.890	38495.000	15.000	97.510296	20.4284069	203.446615	152.597932	9.79635431	306.136072	35	19.3739612	7.90810864	247.128395
6	10:56:45	5.20	96.490	29.000	38494.000	15.000	96.540168	20.2251652	201.422530	151.079739	9.69889062	303.090332	35	19.3739612	7.82943107	244.669721
6	10:57:00	5.45	96.260	29.030	38497.000	15.000	96.277624	20.1701622	200.874755	150.668873	9.67251416	302.266067	35	19.3739612	7.80813866	244.004333
6	10:57:15	5.70	96.570	28.990	38491.000	15.000	96.627876	20.2435400	201.605525	151.216997	9.70770217	303.365693	35	19.3739612	7.83654419	244.892006
6	10:57:30	5.95	97.280	28.910	38495.000	15.000	97.333031	20.3912701	203.076769	152.320524	9.77854548	305.579546	35	19.3739612	7.89373247	246.679140
6	10:57:45	6.20	96.690	28.980	38524.000	15.000	96.715680	20.2619350	201.788721	151.354406	9.71652343	303.641357	35	19.3739612	7.84366515	245.114536
6	10:58:00	6.45	97.540	28.880	38510.000	15.000	97.599075	20.4470062	203.631845	152.736867	9.80527349	306.414797	35	19.3739612	7.91530866	247.353396
6	10:58:15	6.70	96.900	28.950	38482.000	15.000	96.979675	20.3172420	202.339523	151.767543	9.74304565	304.470176	35	19.3739612	7.86507522	245.783601
6	10:58:30	6.95	97.190	28.920	38488.000	15.000	97.244546	20.3727324	202.892152	152.182050	9.76965581	305.301744	35	19.3739612	7.88655628	246.454884
6	10:58:45	7.20	96.730	28.970	38476.000	15.000	96.803582	20.2803504	201.972119	151.491966	9.72535442	303.917326	35	19.3739612	7.85079397	245.337312
6	10:59:00	7.45	96.880	28.960	38499.000	15.000	96.891580	20.2987860	202.155720	151.629678	9.73419515	304.193599	35	19.3739612	7.85793066	245.560333
6	10:59:15	7.70	96.650	28.980	38524.000	15.000	96.715680	20.2619350	201.788721	151.354406	9.71652343	303.641357	35	19.3739612	7.84366515	245.114536
6	10:59:30	7.95	96.710	28.980	38561.000	15.000	96.715680	20.2619350	201.788721	151.354406	9.71652343	303.641357	35	19.3739612	7.84366515	245.114536
6	10:59:45	8.20	96.230	29.030	38548.000	15.000	96.277624	20.1701622	200.874755	150.668873	9.67251416	302.266067	35	19.3739612	7.80813866	244.004333
6	11:00:00	8.45	96.410	29.010	38523.000	15.000	96.452557	20.2068107	201.239737	150.942633	9.69008878	302.815274	35	19.3739612	7.82232578	244.447681
6	11:00:15	8.70	96.470	29.000	38537.000	15.000	96.540168	20.2251652	201.422530	151.079739	9.69889062	303.090332	35	19.3739612	7.82943107	244.669721
6	11:00:30	8.95	96.870	28.960	38538.000	15.000	96.891580	20.2987860	202.155720	151.629678	9.73419515	304.193599	35	19.3739612	7.85793066	245.560333
6	11:00:45	9.20	96.740	28.970	38532.000	15.000	96.803582	20.2803504	201.972119	151.491966	9.72535442	303.917326	35	19.3739612	7.85079397	245.337312
6	11:01:00	9.45	96.430	29.010	38535.000	15.000	96.452557	20.2068107	201.239737	150.942633	9.69008878	302.815274	35	19.3739612	7.82232578	244.447681
6	11:01:15	9.70	96.420	29.010	38547.000	15.000	96.452557	20.2068107	201.239737	150.942633	9.69008878	302.815274	35	19.3739612	7.82232578	244.447681
6	11:01:30	9.95	97.450	28.890	38524.000	15.000	97.510296	20.4284069	203.446615	152.597932	9.79635431	306.136072	35	19.3739612	7.90810864	247.128395
6	11:01:45	10.20	96.940	28.950	38537.000	15.000	96.979675	20.3172420	202.339523	151.767543	9.74304565	304.470176	35	19.3739612	7.86507522	245.783601
6	11:02:00	10.45	97.330	28.910	38498.000	15.000	97.333031	20.3912701	203.076769	152.320524	9.77854548	305.579546	35	19.3739612	7.89373247	246.679140
6	11:02:15	10.70	96.280	29.020	38517.000	15.000	96.365042	20.1884764	201.057145	150.805677	9.68129663	302.540520	35	19.3739612	7.81522832	244.225885
6	11:02:30	10.95	96.670	28.980	38590.000	15.000	96.715680	20.2619350	201.788721	151.354406	9.71652343	303.641357	35	19.3739612	7.84366515	245.114536
6	11:02:45	11.20	96.850	28.960	38614.000	15.000	96.891580	20.2987860	202.155720	151.629678	9.73419515	304.193599	35	19.3739612	7.85793066	245.560333
6	11:03:00	11.45	97.050	28.940	38541.000	15.000	97.067868	20.3357184	202.523530	151.905559	9.75190591	304.747060	35	19.3739612	7.87222767	246.007115
6	11:03:15	11.70	96.390	29.010	38584.000	15.000	96.452557	20.2068107	201.239737	150.942633	9.69008878	302.815274	35	19.3739612	7.82232578	244.447681
6	11:03:30	11.95	96.150	29.040	38583.000	15.000	96.190302	20.1518682	200.692564	150.532219	9.66374134	301.991917	35	19.3739612	7.80105681	243.783025
6	11:03:45	12.20	96.820	28.960	38533.000	15.000	96.891580	20.2987860	202.155720	151.629678	9.73419515	304.193599	35	19.3739612	7.85793066	245.560333
6	11:04:00	12.45	96.580	28.990	38504.000	15.000	96.627876	20.2435400	201.605525	151.216997	9.70770217	303.365693	35	19.3739612	7.83654419	244.892006
6	11:04:15	12.70	96.010	29.060	38585.000	15.000	96.015945	20.1153405	200.328785	150.259361	9.64622464	301.444520	35	19.3739612	7.78691645	243.341139
6	11:04:30	12.95	96.770	28.970	38561.000	15.000	96.803582	20.2803504	201.972119	151.491966	9.72535442	303.917326	35	19.3739612	7.85079397	245.337312
6	11:04:45	13.20	96.660	28.980	38631.000	15.000	96.715680	20.2619350	201.788721	151.354406	9.71652343	303.641357	35	19.3739612	7.84366515	245.114536
6	11:05:00	13.45	96.610	28.990	38566.000	15.000	96.627876	20.2435400	201.605525	151.216997	9.70770217	303.365693	35	19.3739612	7.83654419	244.892006
6	11:05:15	13.70	96.500	29.000	38511.000	15.000	96.540168	20.2251652	201.422530	151.079739	9.69889062	303.090332	35	19.3739612	7.82943107	244.669721
6	11:05:30	13.95	96.250	29.030	38579.000	15.000	96.277624	20.1701622	200.874755	150.668873	9.67251416	302.266067	35	19.3739612	7.80813866	244.004333
6	11:05:45	14.20	96.820	28.960	38575.000	15.000	96.891580	20.2987860	202.155720	151.629678	9.73419515	304.193599	35	19.3739612	7.85793066	245.560333
6	11:06:00	14.45	96.160	29.040	38514.000	15.000	96.190302	20.1518682	200.692564	150.532219	9.66374134	301.991917	35	19.3739612	7.80105681	243.783025
6	11:06:15	14.70	96.090	29.050	38510.000	15.000	96.103075	20.1335943	200.510575	150.395715	9.65497818	301.718068	35	19.3739612	7.79398274	243.561961
6	11:06:30	14.95	95.910	29.070	38549.000	15.000	95.928911	20.0971068	200.147195	150.123157	9.63748073	301.171273	35	19.3739612	7.77985793	243.120560
6	11:06:45	15.20	95.840	29.080	38585.000	15.000	95.841972	20.0788930	199.965805	149.987102	9.62874643	300.898326	35	19.3739612	7.77280716	242.900224
6	11:07:00	15.45	96.740	28.970	38576.000	15.000	96.803582	20.2803504	201.972119	151.491966	9.72535442	303.917326	35	19.3739612	7.85079397	245.337312
6	11:07:15	15.70	95.670	29.090	38586.000	15.000	95.755128	20.0606993	199.784613	149.851197	9.62002172	300.625679	35	19.3739612	7.76576413	242.680129
6	11:07:30	15.95	96.520	29.000	38638.000	15.000	96.540168	20.2251652	201.422530	151.079739	9.69889062	303.090332	35	19.3739612	7.82943107	244.669721
6	11:07:45	16.20	96.350	29.020	38578.000	15.000	96.365042	20.1884764	201.057145	150.805677	9.68129663	302.540520	35	19.3739612	7.81522832	244.225885
6	11:08:00	16.45	97.020	28.940	38604.000	15.000	97.067868	20.3357184	202.523530	151.905559	9.75190591	304.747060	35	19.3739612	7.87222767	246.007115
6	11:08:15	16.70	96.150	29.040	38618.000	15.000	96.190302	20.1518682	200.692564	150.532219	9.66374134	301.991917	35	19.3739612	7.80105681	243.783025
6	11:08:30	16.95	96.750	28.970	38641.000	15.000	96.803582	20.2803504	201.972119	151.491966	9.72535442	303.917326	35	19.3739612	7.85079397	245.337312
6	11:08:45	17.20	96.520	29.000	38594.000	15.000	96.540168	20.2251652	201.422530	151.079739	9.69889062	303.090332	35	19.3739612	7.82943107	244.669721
6	11:09:00	17.45	96.360	29.020	38543.000	15.000	96.365042	20.1884764	201.057145	150.805677	9.68129663	302.540520	35	19.3739612	7.81522832	244.225885
6	11:09:15	17.70	96.610	28.990	38586.000	15.000	96.627876	20.2435400	201.605525	151.216997	9.70770217	303.365693	35	19.3739612	7.83654419	244.892006
6	11:09:30	17.95	96.680	28.980	38547.000	15.000	96.715680	20.2619350	201.788721	151.354406	9.71652343	303.641357	35	19.3739612	7.84366515	245.114536
6	11:09:45	18.20	96.280	29.020	38664.000	15.000	96.365042	20.1884764	201.057145	150.805677	9.68129663	302.540520	35	19.3739612	7.81522832	244.225885
6	11:10:00	18.45	96.010	29.060	38615.000	15.000	96.015945	20.1153405	200.328785	150.259361	9.64622464	301.444520	35	19.3739612	7.78691645	243.341139
6	11:10:15	18.70	96.970	28.950	38664.000	15.000	96.979675	20.3172420	202.339523	151.767543	9.74304565	304.470176	35	19.3739612	7.86507522	245.783601
6	11:10:30	18.95	96.460	29.000	38604.000	15.000	96.540168	20.2251652	201.422530	151.079739	9.69889062	303.090332	35	19.3739612	7.82943107	244.669721
6	11:10:45	19.20	95.080	29.160	38584.000	15.000	95.149887	19.9339012	198.521830	148.904030	9.55921624	298.725507	35	19.3739612	7.71667890	241.146216
6	11:11:00	19.45	96.750	28.970	38605.000	15.000	96.803582	20.2803504	201.972119	151.491966	9.72535442	303.917326	35	19.3739612	7.85079397	245.337312
6	11:11:15	19.70	96.660	28.980	38639.000	15.000	96.715680	20.2619350	201.788721	151.354406	9.71652343	303.641357	35	19.3739612	7.84366515	245.114536
6	11:11:30	19.95	96.170	29.040	38624.000	15.000	96.190302	20.1518682	200.692564	150.532219	9.66374134	301.991917	35	19.3739612	7.80105681	243.783025
6	11:11:45	20.20	96.300	29.020	38580.000	15.000	96.365042	20.1884764	201.057145	150.805677	9.68129663	302.540520	35	19.3739612	7.81522832	244.225885
6	11:12:00	20.45	96.920	28.950	38665.000	15.000	96.979675	20.3172420	202.339523	151.767543	9.74304565	304.470176	35	19.3739612	7.86507522	245.783601
6	11:12:15	20.70	96.610	28.990	38581.000	15.000	96.627876	20.2435400	201.605525	151.216997	9.70770217	303.365693	35	19.3739612	7.83654419	244.892006
6	11:12:30	20.95	96.670	28.980	38633.000	15.000	96.715680	20.2619350	201.788721	151.354406	9.71652343	303.641357	35	19.3739612	7.84366515	245.114536
6	11:12:45	21.20	96.190	29.030	38549.000	15.000	96.277624	20.1701622	200.874755	150.668873	9.67251416	302.266067	35	19.3739612	7.80813866	244.004333
6	11:13:00	21.45	96.310	29.020	38667.000	15.000	96.365042	20.1884764	201.057145	150.805677	9.68129663	302.540520	35	19.3739612	7.81522832	244.225885
