Chamber	Time/hh:mm:ss	Logtime/min	Oxy/% air sat.	Phase/°	Amp	Temp/°C	% air-sat.	% oxygen	pO2 (hPa)	pO2 (Torr)	cO2 [mg/L]	cO2 [µmol/L]	Salinity	chlorinity	SalCorcO2 [mg/L]	SalCorcO2 [µmol/L]
5	14:16:59	0.00	95.430	30.320	49170.000	9.000	95.498845	20.0070080	200.366927	150.287970	11.01041633	344.075510	35	19.3739612	8.75922447	273.725765
5	14:17:08	0.16	95.770	30.280	49182.000	9.000	95.837739	20.0780063	201.077964	150.821293	11.04948871	345.296522	35	19.3739612	8.79030810	274.697128
5	14:17:23	0.41	95.370	30.330	49146.000	9.000	95.414345	19.9893052	200.189637	150.154991	11.00067401	343.771063	35	19.3739612	8.75147406	273.483565
5	14:17:38	0.66	95.330	30.330	49176.000	9.000	95.414345	19.9893052	200.189637	150.154991	11.00067401	343.771063	35	19.3739612	8.75147406	273.483565
5	14:17:53	0.91	95.280	30.340	49148.000	9.000	95.329934	19.9716212	200.012534	150.022153	10.99094198	343.466937	35	19.3739612	8.74373185	273.241620
5	14:18:08	1.16	95.140	30.360	49145.000	9.000	95.161379	19.9363090	199.658889	149.756896	10.97150871	342.859647	35	19.3739612	8.72827190	272.758497
5	14:18:23	1.41	95.370	30.330	49127.000	9.000	95.414345	19.9893052	200.189637	150.154991	11.00067401	343.771063	35	19.3739612	8.75147406	273.483565
5	14:18:38	1.66	95.990	30.260	49129.000	9.000	96.007724	20.1136183	201.434612	151.088802	11.06908697	345.908968	35	19.3739612	8.80589929	275.184353
5	14:18:53	1.91	95.140	30.360	49107.000	9.000	95.161379	19.9363090	199.658889	149.756896	10.97150871	342.859647	35	19.3739612	8.72827190	272.758497
5	14:19:08	2.16	95.490	30.320	49112.000	9.000	95.498845	20.0070080	200.366927	150.287970	11.01041633	344.075510	35	19.3739612	8.75922447	273.725765
5	14:19:23	2.41	95.200	30.350	49081.000	9.000	95.245612	19.9539558	199.835618	149.889454	10.98122022	343.163132	35	19.3739612	8.73599780	272.999931
5	14:19:38	2.66	95.620	30.300	49058.000	9.000	95.668113	20.0424696	200.722070	150.554350	11.02993187	344.685371	35	19.3739612	8.77474985	274.210933
5	14:19:53	2.91	95.690	30.290	49091.000	9.000	95.752881	20.0602286	200.899923	150.687751	11.03970512	344.990785	35	19.3739612	8.78252486	274.453902
5	14:20:08	3.16	95.650	30.300	49071.000	9.000	95.668113	20.0424696	200.722070	150.554350	11.02993187	344.685371	35	19.3739612	8.77474985	274.210933
5	14:20:23	3.41	95.400	30.330	49044.000	9.000	95.414345	19.9893052	200.189637	150.154991	11.00067401	343.771063	35	19.3739612	8.75147406	273.483565
5	14:20:38	3.66	95.910	30.270	49053.000	9.000	95.922687	20.0958029	201.256194	150.954977	11.05928265	345.602583	35	19.3739612	8.79809957	274.940612
5	14:20:53	3.91	95.260	30.340	49028.000	9.000	95.329934	19.9716212	200.012534	150.022153	10.99094198	343.466937	35	19.3739612	8.74373185	273.241620
5	14:21:08	4.16	95.300	30.340	49062.000	9.000	95.329934	19.9716212	200.012534	150.022153	10.99094198	343.466937	35	19.3739612	8.74373185	273.241620
5	14:21:23	4.41	95.350	30.330	49038.000	9.000	95.414345	19.9893052	200.189637	150.154991	11.00067401	343.771063	35	19.3739612	8.75147406	273.483565
5	14:21:38	4.66	94.920	30.380	49070.000	9.000	94.993180	19.9010713	199.305988	149.492198	10.95211640	342.253637	35	19.3739612	8.71284455	272.276392
5	14:21:53	4.91	95.570	30.310	49054.000	9.000	95.583434	20.0247294	200.544405	150.421089	11.02016894	344.380279	35	19.3739612	8.76698306	273.968221
5	14:22:08	5.16	94.920	30.380	49015.000	9.000	94.993180	19.9010713	199.305988	149.492198	10.95211640	342.253637	35	19.3739612	8.71284455	272.276392
5	14:22:23	5.41	95.560	30.310	48948.000	9.000	95.583434	20.0247294	200.544405	150.421089	11.02016894	344.380279	35	19.3739612	8.76698306	273.968221
5	14:22:38	5.66	95.150	30.360	49005.000	9.000	95.161379	19.9363090	199.658889	149.756896	10.97150871	342.859647	35	19.3739612	8.72827190	272.758497
5	14:22:53	5.91	96.290	30.220	48944.000	9.000	96.348777	20.1850688	202.150177	151.625521	11.10840819	347.137756	35	19.3739612	8.83718089	276.161903
5	14:23:08	6.16	95.110	30.360	48904.000	9.000	95.161379	19.9363090	199.658889	149.756896	10.97150871	342.859647	35	19.3739612	8.72827190	272.758497
5	14:23:23	6.41	95.650	30.300	48925.000	9.000	95.668113	20.0424696	200.722070	150.554350	11.02993187	344.685371	35	19.3739612	8.77474985	274.210933
5	14:23:38	6.66	95.450	30.320	48900.000	9.000	95.498845	20.0070080	200.366927	150.287970	11.01041633	344.075510	35	19.3739612	8.75922447	273.725765
5	14:23:53	6.91	95.490	30.320	48895.000	9.000	95.498845	20.0070080	200.366927	150.287970	11.01041633	344.075510	35	19.3739612	8.75922447	273.725765
5	14:24:08	7.16	95.650	30.300	48908.000	9.000	95.668113	20.0424696	200.722070	150.554350	11.02993187	344.685371	35	19.3739612	8.77474985	274.210933
5	14:24:23	7.41	95.680	30.290	48930.000	9.000	95.752881	20.0602286	200.899923	150.687751	11.03970512	344.990785	35	19.3739612	8.78252486	274.453902
5	14:24:38	7.66	95.810	30.280	48932.000	9.000	95.837739	20.0780063	201.077964	150.821293	11.04948871	345.296522	35	19.3739612	8.79030810	274.697128
5	14:24:53	7.91	96.020	30.250	48915.000	9.000	96.092852	20.1314525	201.613219	151.222768	11.07890166	346.215677	35	19.3739612	8.81370727	275.428352
5	14:25:08	8.16	95.550	30.310	48919.000	9.000	95.583434	20.0247294	200.544405	150.421089	11.02016894	344.380279	35	19.3739612	8.76698306	273.968221
5	14:25:23	8.41	95.060	30.370	48909.000	9.000	95.077235	19.9186808	199.482345	149.624477	10.96180744	342.556482	35	19.3739612	8.72055416	272.517317
5	14:25:38	8.66	95.190	30.350	48898.000	9.000	95.245612	19.9539558	199.835618	149.889454	10.98122022	343.163132	35	19.3739612	8.73599780	272.999931
5	14:25:53	8.91	95.440	30.320	48902.000	9.000	95.498845	20.0070080	200.366927	150.287970	11.01041633	344.075510	35	19.3739612	8.75922447	273.725765
5	14:26:08	9.16	95.860	30.270	48926.000	9.000	95.922687	20.0958029	201.256194	150.954977	11.05928265	345.602583	35	19.3739612	8.79809957	274.940612
5	14:26:23	9.41	95.640	30.300	48904.000	9.000	95.668113	20.0424696	200.722070	150.554350	11.02993187	344.685371	35	19.3739612	8.77474985	274.210933
5	14:26:38	9.66	95.410	30.330	48874.000	9.000	95.414345	19.9893052	200.189637	150.154991	11.00067401	343.771063	35	19.3739612	8.75147406	273.483565
5	14:26:53	9.91	95.490	30.320	48876.000	9.000	95.498845	20.0070080	200.366927	150.287970	11.01041633	344.075510	35	19.3739612	8.75922447	273.725765
5	14:27:08	10.16	95.670	30.290	48918.000	9.000	95.752881	20.0602286	200.899923	150.687751	11.03970512	344.990785	35	19.3739612	8.78252486	274.453902
5	14:27:23	10.41	94.950	30.380	48940.000	9.000	94.993180	19.9010713	199.305988	149.492198	10.95211640	342.253637	35	19.3739612	8.71284455	272.276392
5	14:27:38	10.66	95.490	30.320	48937.000	9.000	95.498845	20.0070080	200.366927	150.287970	11.01041633	344.075510	35	19.3739612	8.75922447	273.725765
5	14:27:53	10.91	95.520	30.310	48914.000	9.000	95.583434	20.0247294	200.544405	150.421089	11.02016894	344.380279	35	19.3739612	8.76698306	273.968221
5	14:28:08	11.16	95.950	30.260	48931.000	9.000	96.007724	20.1136183	201.434612	151.088802	11.06908697	345.908968	35	19.3739612	8.80589929	275.184353
5	14:28:23	11.41	96.060	30.250	48922.000	9.000	96.092852	20.1314525	201.613219	151.222768	11.07890166	346.215677	35	19.3739612	8.81370727	275.428352
5	14:28:38	11.66	95.490	30.320	48924.000	9.000	95.498845	20.0070080	200.366927	150.287970	11.01041633	344.075510	35	19.3739612	8.75922447	273.725765
5	14:28:53	11.91	95.380	30.330	48965.000	9.000	95.414345	19.9893052	200.189637	150.154991	11.00067401	343.771063	35	19.3739612	8.75147406	273.483565
5	14:29:08	12.16	95.480	30.320	48864.000	9.000	95.498845	20.0070080	200.366927	150.287970	11.01041633	344.075510	35	19.3739612	8.75922447	273.725765
5	14:29:23	12.41	95.690	30.290	48941.000	9.000	95.752881	20.0602286	200.899923	150.687751	11.03970512	344.990785	35	19.3739612	8.78252486	274.453902
5	14:29:38	12.66	95.540	30.310	48900.000	9.000	95.583434	20.0247294	200.544405	150.421089	11.02016894	344.380279	35	19.3739612	8.76698306	273.968221
5	14:29:53	12.91	95.770	30.280	48938.000	9.000	95.837739	20.0780063	201.077964	150.821293	11.04948871	345.296522	35	19.3739612	8.79030810	274.697128
5	14:30:08	13.16	95.380	30.330	48922.000	9.000	95.414345	19.9893052	200.189637	150.154991	11.00067401	343.771063	35	19.3739612	8.75147406	273.483565
5	14:30:23	13.41	95.540	30.310	48932.000	9.000	95.583434	20.0247294	200.544405	150.421089	11.02016894	344.380279	35	19.3739612	8.76698306	273.968221
5	14:30:38	13.66	95.430	30.320	48903.000	9.000	95.498845	20.0070080	200.366927	150.287970	11.01041633	344.075510	35	19.3739612	8.75922447	273.725765
5	14:30:53	13.91	95.440	30.320	48910.000	9.000	95.498845	20.0070080	200.366927	150.287970	11.01041633	344.075510	35	19.3739612	8.75922447	273.725765
5	14:31:08	14.16	95.610	30.300	48888.000	9.000	95.668113	20.0424696	200.722070	150.554350	11.02993187	344.685371	35	19.3739612	8.77474985	274.210933
5	14:31:23	14.41	95.620	30.300	48851.000	9.000	95.668113	20.0424696	200.722070	150.554350	11.02993187	344.685371	35	19.3739612	8.77474985	274.210933
5	14:31:38	14.66	95.300	30.340	48889.000	9.000	95.329934	19.9716212	200.012534	150.022153	10.99094198	343.466937	35	19.3739612	8.74373185	273.241620
5	14:31:53	14.91	95.460	30.320	48913.000	9.000	95.498845	20.0070080	200.366927	150.287970	11.01041633	344.075510	35	19.3739612	8.75922447	273.725765
5	14:32:08	15.16	95.660	30.300	48884.000	9.000	95.668113	20.0424696	200.722070	150.554350	11.02993187	344.685371	35	19.3739612	8.77474985	274.210933
5	14:32:23	15.41	95.000	30.370	48862.000	9.000	95.077235	19.9186808	199.482345	149.624477	10.96180744	342.556482	35	19.3739612	8.72055416	272.517317
5	14:32:38	15.66	95.220	30.350	48882.000	9.000	95.245612	19.9539558	199.835618	149.889454	10.98122022	343.163132	35	19.3739612	8.73599780	272.999931
5	14:32:53	15.91	95.910	30.270	48920.000	9.000	95.922687	20.0958029	201.256194	150.954977	11.05928265	345.602583	35	19.3739612	8.79809957	274.940612
5	14:33:08	16.16	95.590	30.300	48886.000	9.000	95.668113	20.0424696	200.722070	150.554350	11.02993187	344.685371	35	19.3739612	8.77474985	274.210933
5	14:33:23	16.41	95.860	30.270	48882.000	9.000	95.922687	20.0958029	201.256194	150.954977	11.05928265	345.602583	35	19.3739612	8.79809957	274.940612
5	14:33:38	16.66	95.540	30.310	48890.000	9.000	95.583434	20.0247294	200.544405	150.421089	11.02016894	344.380279	35	19.3739612	8.76698306	273.968221
5	14:33:53	16.91	95.820	30.280	48941.000	9.000	95.837739	20.0780063	201.077964	150.821293	11.04948871	345.296522	35	19.3739612	8.79030810	274.697128
5	14:34:08	17.16	95.880	30.270	48928.000	9.000	95.922687	20.0958029	201.256194	150.954977	11.05928265	345.602583	35	19.3739612	8.79809957	274.940612
5	14:34:23	17.41	95.470	30.320	48951.000	9.000	95.498845	20.0070080	200.366927	150.287970	11.01041633	344.075510	35	19.3739612	8.75922447	273.725765
5	14:34:38	17.66	95.330	30.340	48925.000	9.000	95.329934	19.9716212	200.012534	150.022153	10.99094198	343.466937	35	19.3739612	8.74373185	273.241620
5	14:34:53	17.91	95.600	30.300	48907.000	9.000	95.668113	20.0424696	200.722070	150.554350	11.02993187	344.685371	35	19.3739612	8.77474985	274.210933
5	14:35:08	18.16	95.720	30.290	48871.000	9.000	95.752881	20.0602286	200.899923	150.687751	11.03970512	344.990785	35	19.3739612	8.78252486	274.453902
5	14:35:23	18.41	95.860	30.270	48919.000	9.000	95.922687	20.0958029	201.256194	150.954977	11.05928265	345.602583	35	19.3739612	8.79809957	274.940612
5	14:35:38	18.66	95.410	30.330	48924.000	9.000	95.414345	19.9893052	200.189637	150.154991	11.00067401	343.771063	35	19.3739612	8.75147406	273.483565
5	14:35:53	18.91	95.440	30.320	48902.000	9.000	95.498845	20.0070080	200.366927	150.287970	11.01041633	344.075510	35	19.3739612	8.75922447	273.725765
