Chamber	Time/hh:mm:ss	Logtime/min	Oxy/% air sat.	Phase/°	Amp	Temp/°C	% air-sat.	% oxygen	pO2 (hPa)	pO2 (Torr)	cO2 [mg/L]	cO2 [µmol/L]	Salinity	chlorinity	SalCorcO2 [mg/L]	SalCorcO2 [µmol/L]
7	10:18:10	0.00	94.590	29.220	34616.000	15.000	94.634792	19.8259890	197.447131	148.097937	9.50746737	297.108355	35	19.3739612	7.67490461	239.840769
7	10:18:16	0.10	95.050	29.170	34637.000	15.000	95.063802	19.9158666	198.342223	148.769313	9.55056779	298.455243	35	19.3739612	7.70969744	240.928045
7	10:18:32	0.35	94.700	29.210	34641.000	15.000	94.720406	19.8439251	197.625758	148.231918	9.51606859	297.377143	35	19.3739612	7.68184795	240.057748
7	10:18:46	0.60	94.780	29.200	34637.000	15.000	94.806114	19.8618810	197.804580	148.366046	9.52467922	297.646226	35	19.3739612	7.68879889	240.274965
7	10:19:02	0.85	94.790	29.200	34642.000	15.000	94.806114	19.8618810	197.804580	148.366046	9.52467922	297.646226	35	19.3739612	7.68879889	240.274965
7	10:19:17	1.10	94.550	29.220	34618.000	15.000	94.634792	19.8259890	197.447131	148.097937	9.50746737	297.108355	35	19.3739612	7.67490461	239.840769
7	10:19:32	1.35	94.720	29.200	34597.000	15.000	94.806114	19.8618810	197.804580	148.366046	9.52467922	297.646226	35	19.3739612	7.68879889	240.274965
7	10:19:46	1.60	94.720	29.210	34617.000	15.000	94.720406	19.8439251	197.625758	148.231918	9.51606859	297.377143	35	19.3739612	7.68184795	240.057748
7	10:20:02	1.85	94.810	29.190	34619.000	15.000	94.891916	19.8798565	197.983598	148.500321	9.53329930	297.915603	35	19.3739612	7.69575744	240.492420
7	10:20:17	2.10	95.210	29.150	34616.000	15.000	95.236065	19.9519557	198.701635	149.038894	9.56787417	298.996068	35	19.3739612	7.72366802	241.364625
7	10:20:31	2.35	94.910	29.180	34632.000	15.000	94.977812	19.8978517	198.162812	148.634743	9.54192881	298.185275	35	19.3739612	7.70272362	240.710113
7	10:20:46	2.60	94.890	29.190	34629.000	15.000	94.891916	19.8798565	197.983598	148.500321	9.53329930	297.915603	35	19.3739612	7.69575744	240.492420
7	10:21:02	2.85	94.720	29.200	34652.000	15.000	94.806114	19.8618810	197.804580	148.366046	9.52467922	297.646226	35	19.3739612	7.68879889	240.274965
7	10:21:16	3.10	94.800	29.200	34613.000	15.000	94.806114	19.8618810	197.804580	148.366046	9.52467922	297.646226	35	19.3739612	7.68879889	240.274965
7	10:21:32	3.35	94.600	29.220	34625.000	15.000	94.634792	19.8259890	197.447131	148.097937	9.50746737	297.108355	35	19.3739612	7.67490461	239.840769
7	10:21:46	3.60	95.030	29.170	34612.000	15.000	95.063802	19.9158666	198.342223	148.769313	9.55056779	298.455243	35	19.3739612	7.70969744	240.928045
7	10:22:02	3.85	94.830	29.190	34618.000	15.000	94.891916	19.8798565	197.983598	148.500321	9.53329930	297.915603	35	19.3739612	7.69575744	240.492420
7	10:22:17	4.10	94.820	29.190	34620.000	15.000	94.891916	19.8798565	197.983598	148.500321	9.53329930	297.915603	35	19.3739612	7.69575744	240.492420
7	10:22:32	4.35	94.710	29.210	34623.000	15.000	94.720406	19.8439251	197.625758	148.231918	9.51606859	297.377143	35	19.3739612	7.68184795	240.057748
7	10:22:46	4.60	94.630	29.220	34611.000	15.000	94.634792	19.8259890	197.447131	148.097937	9.50746737	297.108355	35	19.3739612	7.67490461	239.840769
7	10:23:01	4.85	94.720	29.210	34632.000	15.000	94.720406	19.8439251	197.625758	148.231918	9.51606859	297.377143	35	19.3739612	7.68184795	240.057748
7	10:23:16	5.10	94.780	29.200	34625.000	15.000	94.806114	19.8618810	197.804580	148.366046	9.52467922	297.646226	35	19.3739612	7.68879889	240.274965
7	10:23:32	5.35	94.940	29.180	34649.000	15.000	94.977812	19.8978517	198.162812	148.634743	9.54192881	298.185275	35	19.3739612	7.70272362	240.710113
7	10:23:47	5.60	94.800	29.200	34629.000	15.000	94.806114	19.8618810	197.804580	148.366046	9.52467922	297.646226	35	19.3739612	7.68879889	240.274965
7	10:24:01	5.85	94.470	29.230	34628.000	15.000	94.549272	19.8080724	197.268700	147.964102	9.49887555	296.839861	35	19.3739612	7.66796887	239.624027
7	10:24:17	6.10	94.450	29.240	34633.000	15.000	94.463844	19.7901754	197.090464	147.830414	9.49029313	296.571660	35	19.3739612	7.66104071	239.407522
7	10:24:32	6.35	94.470	29.230	34635.000	15.000	94.549272	19.8080724	197.268700	147.964102	9.49887555	296.839861	35	19.3739612	7.66796887	239.624027
7	10:24:47	6.60	94.310	29.250	34613.000	15.000	94.378511	19.7722980	196.912423	147.696871	9.48172009	296.303753	35	19.3739612	7.65412012	239.191254
7	10:25:02	6.85	94.870	29.190	34637.000	15.000	94.891916	19.8798565	197.983598	148.500321	9.53329930	297.915603	35	19.3739612	7.69575744	240.492420
7	10:25:16	7.10	94.440	29.240	34642.000	15.000	94.463844	19.7901754	197.090464	147.830414	9.49029313	296.571660	35	19.3739612	7.66104071	239.407522
7	10:25:31	7.35	94.290	29.260	34629.000	15.000	94.293270	19.7544401	196.734576	147.563475	9.47315641	296.036138	35	19.3739612	7.64720709	238.975221
7	10:25:46	7.60	94.430	29.240	34640.000	15.000	94.463844	19.7901754	197.090464	147.830414	9.49029313	296.571660	35	19.3739612	7.66104071	239.407522
7	10:26:02	7.85	94.510	29.230	34661.000	15.000	94.549272	19.8080724	197.268700	147.964102	9.49887555	296.839861	35	19.3739612	7.66796887	239.624027
7	10:26:16	8.10	94.700	29.210	34651.000	15.000	94.720406	19.8439251	197.625758	148.231918	9.51606859	297.377143	35	19.3739612	7.68184795	240.057748
7	10:26:32	8.35	94.720	29.210	34627.000	15.000	94.720406	19.8439251	197.625758	148.231918	9.51606859	297.377143	35	19.3739612	7.68184795	240.057748
7	10:26:47	8.60	95.030	29.170	34646.000	15.000	95.063802	19.9158666	198.342223	148.769313	9.55056779	298.455243	35	19.3739612	7.70969744	240.928045
7	10:27:01	8.85	94.380	29.240	34657.000	15.000	94.463844	19.7901754	197.090464	147.830414	9.49029313	296.571660	35	19.3739612	7.66104071	239.407522
7	10:27:17	9.10	94.590	29.220	34640.000	15.000	94.634792	19.8259890	197.447131	148.097937	9.50746737	297.108355	35	19.3739612	7.67490461	239.840769
7	10:27:32	9.35	94.540	29.230	34639.000	15.000	94.549272	19.8080724	197.268700	147.964102	9.49887555	296.839861	35	19.3739612	7.66796887	239.624027
7	10:27:46	9.60	94.330	29.250	34655.000	15.000	94.378511	19.7722980	196.912423	147.696871	9.48172009	296.303753	35	19.3739612	7.65412012	239.191254
7	10:28:02	9.85	94.280	29.260	34636.000	15.000	94.293270	19.7544401	196.734576	147.563475	9.47315641	296.036138	35	19.3739612	7.64720709	238.975221
7	10:28:17	10.10	94.580	29.220	34638.000	15.000	94.634792	19.8259890	197.447131	148.097937	9.50746737	297.108355	35	19.3739612	7.67490461	239.840769
7	10:28:31	10.35	94.310	29.250	34639.000	15.000	94.378511	19.7722980	196.912423	147.696871	9.48172009	296.303753	35	19.3739612	7.65412012	239.191254
7	10:28:46	10.60	94.720	29.200	34673.000	15.000	94.806114	19.8618810	197.804580	148.366046	9.52467922	297.646226	35	19.3739612	7.68879889	240.274965
7	10:29:01	10.85	93.910	29.300	34666.000	15.000	93.953237	19.6832032	196.025128	147.031343	9.43899509	294.968597	35	19.3739612	7.61963036	238.113449
7	10:29:16	11.10	94.660	29.210	34644.000	15.000	94.720406	19.8439251	197.625758	148.231918	9.51606859	297.377143	35	19.3739612	7.68184795	240.057748
7	10:29:32	11.35	94.740	29.200	34659.000	15.000	94.806114	19.8618810	197.804580	148.366046	9.52467922	297.646226	35	19.3739612	7.68879889	240.274965
7	10:29:46	11.60	94.710	29.210	34668.000	15.000	94.720406	19.8439251	197.625758	148.231918	9.51606859	297.377143	35	19.3739612	7.68184795	240.057748
7	10:30:01	11.85	94.370	29.250	34674.000	15.000	94.378511	19.7722980	196.912423	147.696871	9.48172009	296.303753	35	19.3739612	7.65412012	239.191254
7	10:30:16	12.10	93.940	29.300	34670.000	15.000	93.953237	19.6832032	196.025128	147.031343	9.43899509	294.968597	35	19.3739612	7.61963036	238.113449
7	10:30:31	12.35	94.140	29.270	34687.000	15.000	94.208123	19.7366017	196.556923	147.430224	9.46460208	295.768815	35	19.3739612	7.64030161	238.759425
7	10:30:46	12.60	94.560	29.220	34649.000	15.000	94.634792	19.8259890	197.447131	148.097937	9.50746737	297.108355	35	19.3739612	7.67490461	239.840769
7	10:31:02	12.85	94.420	29.240	34667.000	15.000	94.463844	19.7901754	197.090464	147.830414	9.49029313	296.571660	35	19.3739612	7.66104071	239.407522
7	10:31:16	13.10	94.420	29.240	34660.000	15.000	94.463844	19.7901754	197.090464	147.830414	9.49029313	296.571660	35	19.3739612	7.66104071	239.407522
7	10:31:31	13.35	94.500	29.230	34675.000	15.000	94.549272	19.8080724	197.268700	147.964102	9.49887555	296.839861	35	19.3739612	7.66796887	239.624027
7	10:31:47	13.60	94.160	29.270	34660.000	15.000	94.208123	19.7366017	196.556923	147.430224	9.46460208	295.768815	35	19.3739612	7.64030161	238.759425
7	10:32:02	13.85	93.950	29.300	34691.000	15.000	93.953237	19.6832032	196.025128	147.031343	9.43899509	294.968597	35	19.3739612	7.61963036	238.113449
7	10:32:17	14.10	94.070	29.280	34677.000	15.000	94.123068	19.7187828	196.379464	147.297118	9.45605710	295.501784	35	19.3739612	7.63340367	238.543865
7	10:32:32	14.35	94.280	29.260	34678.000	15.000	94.293270	19.7544401	196.734576	147.563475	9.47315641	296.036138	35	19.3739612	7.64720709	238.975221
7	10:32:46	14.60	94.360	29.250	34688.000	15.000	94.378511	19.7722980	196.912423	147.696871	9.48172009	296.303753	35	19.3739612	7.65412012	239.191254
7	10:33:02	14.85	94.620	29.220	34689.000	15.000	94.634792	19.8259890	197.447131	148.097937	9.50746737	297.108355	35	19.3739612	7.67490461	239.840769
7	10:33:16	15.10	94.350	29.250	34685.000	15.000	94.378511	19.7722980	196.912423	147.696871	9.48172009	296.303753	35	19.3739612	7.65412012	239.191254
7	10:33:32	15.35	94.100	29.280	34720.000	15.000	94.123068	19.7187828	196.379464	147.297118	9.45605710	295.501784	35	19.3739612	7.63340367	238.543865
7	10:33:47	15.60	94.400	29.240	34708.000	15.000	94.463844	19.7901754	197.090464	147.830414	9.49029313	296.571660	35	19.3739612	7.66104071	239.407522
7	10:34:01	15.85	94.140	29.270	34668.000	15.000	94.208123	19.7366017	196.556923	147.430224	9.46460208	295.768815	35	19.3739612	7.64030161	238.759425
7	10:34:16	16.10	94.080	29.280	34679.000	15.000	94.123068	19.7187828	196.379464	147.297118	9.45605710	295.501784	35	19.3739612	7.63340367	238.543865
7	10:34:32	16.35	94.090	29.280	34664.000	15.000	94.123068	19.7187828	196.379464	147.297118	9.45605710	295.501784	35	19.3739612	7.63340367	238.543865
7	10:34:46	16.60	94.420	29.240	34679.000	15.000	94.463844	19.7901754	197.090464	147.830414	9.49029313	296.571660	35	19.3739612	7.66104071	239.407522
7	10:35:01	16.85	93.930	29.300	34694.000	15.000	93.953237	19.6832032	196.025128	147.031343	9.43899509	294.968597	35	19.3739612	7.61963036	238.113449
7	10:35:17	17.10	94.190	29.270	34686.000	15.000	94.208123	19.7366017	196.556923	147.430224	9.46460208	295.768815	35	19.3739612	7.64030161	238.759425
7	10:35:31	17.35	94.220	29.260	34696.000	15.000	94.293270	19.7544401	196.734576	147.563475	9.47315641	296.036138	35	19.3739612	7.64720709	238.975221
7	10:35:46	17.60	94.580	29.220	34697.000	15.000	94.634792	19.8259890	197.447131	148.097937	9.50746737	297.108355	35	19.3739612	7.67490461	239.840769
7	10:36:01	17.85	94.290	29.260	34709.000	15.000	94.293270	19.7544401	196.734576	147.563475	9.47315641	296.036138	35	19.3739612	7.64720709	238.975221
7	10:36:17	18.10	94.140	29.270	34698.000	15.000	94.208123	19.7366017	196.556923	147.430224	9.46460208	295.768815	35	19.3739612	7.64030161	238.759425
7	10:36:31	18.35	94.380	29.240	34697.000	15.000	94.463844	19.7901754	197.090464	147.830414	9.49029313	296.571660	35	19.3739612	7.66104071	239.407522
7	10:36:47	18.60	94.130	29.270	34702.000	15.000	94.208123	19.7366017	196.556923	147.430224	9.46460208	295.768815	35	19.3739612	7.64030161	238.759425
7	10:37:01	18.85	94.040	29.280	34728.000	15.000	94.123068	19.7187828	196.379464	147.297118	9.45605710	295.501784	35	19.3739612	7.63340367	238.543865
7	10:37:17	19.10	93.650	29.330	34726.000	15.000	93.699185	19.6299793	195.495071	146.633767	9.41347180	294.170994	35	19.3739612	7.59902668	237.469584
7	10:37:31	19.35	94.090	29.280	34727.000	15.000	94.123068	19.7187828	196.379464	147.297118	9.45605710	295.501784	35	19.3739612	7.63340367	238.543865
7	10:37:46	19.60	93.960	29.290	34720.000	15.000	94.038106	19.7009833	196.202199	147.164158	9.44752144	295.235045	35	19.3739612	7.62651325	238.328539
7	10:38:02	19.85	93.730	29.320	34711.000	15.000	93.783777	19.6477013	195.671564	146.766148	9.42197029	294.436571	35	19.3739612	7.60588708	237.683971
