Chamber	Time/hh:mm:ss	Logtime/min	Oxy/% air sat.	Phase/°	Amp	Temp/°C	% air-sat.	% oxygen	pO2 (hPa)	pO2 (Torr)	cO2 [mg/L]	cO2 [µmol/L]	Salinity	chlorinity	SalCorcO2 [mg/L]	SalCorcO2 [µmol/L]
7	15:36:40	0.00	94.450	31.070	36622.000	6.000	94.503049	19.7983887	198.699905	149.037597	11.73709221	366.784131	35	19.3739612	9.27381515	289.806723
7	15:36:54	0.24	94.780	31.030	36618.000	6.000	94.834058	19.8677351	199.395877	149.559620	11.77820285	368.068839	35	19.3739612	9.30629785	290.821808
7	15:37:09	0.49	94.520	31.060	36603.000	6.000	94.585673	19.8156985	198.873629	149.167901	11.74735396	367.104811	35	19.3739612	9.28192325	290.060102
7	15:37:24	0.74	94.540	31.060	36586.000	6.000	94.585673	19.8156985	198.873629	149.167901	11.74735396	367.104811	35	19.3739612	9.28192325	290.060102
7	15:37:39	0.99	94.510	31.060	36593.000	6.000	94.585673	19.8156985	198.873629	149.167901	11.74735396	367.104811	35	19.3739612	9.28192325	290.060102
7	15:37:54	1.24	94.610	31.050	36584.000	6.000	94.668382	19.8330261	199.047532	149.298339	11.75762631	367.425822	35	19.3739612	9.29003973	290.313742
7	15:38:09	1.49	94.610	31.050	36565.000	6.000	94.668382	19.8330261	199.047532	149.298339	11.75762631	367.425822	35	19.3739612	9.29003973	290.313742
7	15:38:24	1.74	94.870	31.020	36599.000	6.000	94.917024	19.8851164	199.570319	149.690463	11.78850708	368.390846	35	19.3739612	9.31443952	291.076235
7	15:38:39	1.99	94.660	31.050	36566.000	6.000	94.668382	19.8330261	199.047532	149.298339	11.75762631	367.425822	35	19.3739612	9.29003973	290.313742
7	15:38:54	2.24	94.630	31.050	36574.000	6.000	94.668382	19.8330261	199.047532	149.298339	11.75762631	367.425822	35	19.3739612	9.29003973	290.313742
7	15:39:09	2.49	94.640	31.050	36552.000	6.000	94.668382	19.8330261	199.047532	149.298339	11.75762631	367.425822	35	19.3739612	9.29003973	290.313742
7	15:39:24	2.74	94.770	31.030	36558.000	6.000	94.834058	19.8677351	199.395877	149.559620	11.77820285	368.068839	35	19.3739612	9.30629785	290.821808
7	15:39:39	2.99	94.830	31.030	36566.000	6.000	94.834058	19.8677351	199.395877	149.559620	11.77820285	368.068839	35	19.3739612	9.30629785	290.821808
7	15:39:54	3.24	94.850	31.020	36535.000	6.000	94.917024	19.8851164	199.570319	149.690463	11.78850708	368.390846	35	19.3739612	9.31443952	291.076235
7	15:40:09	3.49	94.510	31.060	36555.000	6.000	94.585673	19.8156985	198.873629	149.167901	11.74735396	367.104811	35	19.3739612	9.28192325	290.060102
7	15:40:24	3.74	94.820	31.030	36563.000	6.000	94.834058	19.8677351	199.395877	149.559620	11.77820285	368.068839	35	19.3739612	9.30629785	290.821808
7	15:40:39	3.99	94.980	31.010	36556.000	6.000	95.000075	19.9025158	199.744942	149.821441	11.79882195	368.713186	35	19.3739612	9.32258960	291.330925
7	15:40:54	4.24	94.950	31.010	36517.000	6.000	95.000075	19.9025158	199.744942	149.821441	11.79882195	368.713186	35	19.3739612	9.32258960	291.330925
7	15:41:09	4.49	94.880	31.020	36540.000	6.000	94.917024	19.8851164	199.570319	149.690463	11.78850708	368.390846	35	19.3739612	9.31443952	291.076235
7	15:41:24	4.74	94.720	31.040	36527.000	6.000	94.751177	19.8503716	199.221614	149.428912	11.76790927	367.747165	35	19.3739612	9.29816460	290.567644
7	15:41:39	4.99	94.560	31.060	36548.000	6.000	94.585673	19.8156985	198.873629	149.167901	11.74735396	367.104811	35	19.3739612	9.28192325	290.060102
7	15:41:54	5.24	94.740	31.040	36531.000	6.000	94.751177	19.8503716	199.221614	149.428912	11.76790927	367.747165	35	19.3739612	9.29816460	290.567644
7	15:42:09	5.49	94.990	31.010	36544.000	6.000	95.000075	19.9025158	199.744942	149.821441	11.79882195	368.713186	35	19.3739612	9.32258960	291.330925
7	15:42:24	5.74	95.030	31.000	36514.000	6.000	95.083213	19.9199332	199.919746	149.952555	11.80914750	369.035859	35	19.3739612	9.33074811	291.585878
7	15:42:39	5.99	95.070	31.000	36514.000	6.000	95.083213	19.9199332	199.919746	149.952555	11.80914750	369.035859	35	19.3739612	9.33074811	291.585878
7	15:42:54	6.24	95.240	30.980	36518.000	6.000	95.249747	19.9548220	200.269895	150.215190	11.82983064	369.682208	35	19.3739612	9.34709046	292.096577
7	15:43:09	6.49	95.060	31.000	36503.000	6.000	95.083213	19.9199332	199.919746	149.952555	11.80914750	369.035859	35	19.3739612	9.33074811	291.585878
7	15:43:24	6.74	95.040	31.000	36521.000	6.000	95.083213	19.9199332	199.919746	149.952555	11.80914750	369.035859	35	19.3739612	9.33074811	291.585878
7	15:43:39	6.99	94.950	31.010	36522.000	6.000	95.000075	19.9025158	199.744942	149.821441	11.79882195	368.713186	35	19.3739612	9.32258960	291.330925
7	15:43:54	7.24	95.120	30.990	36553.000	6.000	95.166437	19.9373685	200.094730	150.083805	11.81948372	369.358866	35	19.3739612	9.33891506	291.841096
7	15:44:09	7.49	95.000	31.000	36510.000	6.000	95.083213	19.9199332	199.919746	149.952555	11.80914750	369.035859	35	19.3739612	9.33074811	291.585878
7	15:44:24	7.74	95.070	31.000	36521.000	6.000	95.083213	19.9199332	199.919746	149.952555	11.80914750	369.035859	35	19.3739612	9.33074811	291.585878
7	15:44:39	7.99	94.990	31.010	36495.000	6.000	95.000075	19.9025158	199.744942	149.821441	11.79882195	368.713186	35	19.3739612	9.32258960	291.330925
7	15:44:54	8.24	95.040	31.000	36504.000	6.000	95.083213	19.9199332	199.919746	149.952555	11.80914750	369.035859	35	19.3739612	9.33074811	291.585878
7	15:45:09	8.49	94.960	31.010	36506.000	6.000	95.000075	19.9025158	199.744942	149.821441	11.79882195	368.713186	35	19.3739612	9.32258960	291.330925
7	15:45:24	8.75	94.810	31.030	36535.000	6.000	94.834058	19.8677351	199.395877	149.559620	11.77820285	368.068839	35	19.3739612	9.30629785	290.821808
7	15:45:39	8.99	94.940	31.010	36509.000	6.000	95.000075	19.9025158	199.744942	149.821441	11.79882195	368.713186	35	19.3739612	9.32258960	291.330925
7	15:45:54	9.24	94.990	31.010	36551.000	6.000	95.000075	19.9025158	199.744942	149.821441	11.79882195	368.713186	35	19.3739612	9.32258960	291.330925
7	15:46:09	9.49	95.040	31.000	36514.000	6.000	95.083213	19.9199332	199.919746	149.952555	11.80914750	369.035859	35	19.3739612	9.33074811	291.585878
7	15:46:24	9.74	94.950	31.010	36486.000	6.000	95.000075	19.9025158	199.744942	149.821441	11.79882195	368.713186	35	19.3739612	9.32258960	291.330925
7	15:46:39	9.99	94.990	31.010	36496.000	6.000	95.000075	19.9025158	199.744942	149.821441	11.79882195	368.713186	35	19.3739612	9.32258960	291.330925
7	15:46:54	10.24	94.840	31.020	36517.000	6.000	94.917024	19.8851164	199.570319	149.690463	11.78850708	368.390846	35	19.3739612	9.31443952	291.076235
7	15:47:09	10.49	95.190	30.980	36503.000	6.000	95.249747	19.9548220	200.269895	150.215190	11.82983064	369.682208	35	19.3739612	9.34709046	292.096577
7	15:47:24	10.74	94.850	31.020	36511.000	6.000	94.917024	19.8851164	199.570319	149.690463	11.78850708	368.390846	35	19.3739612	9.31443952	291.076235
7	15:47:39	10.99	94.720	31.040	36507.000	6.000	94.751177	19.8503716	199.221614	149.428912	11.76790927	367.747165	35	19.3739612	9.29816460	290.567644
7	15:47:54	11.24	95.310	30.970	36508.000	6.000	95.333143	19.9722935	200.445242	150.346711	11.84018828	370.005884	35	19.3739612	9.35527433	292.352323
7	15:48:09	11.49	95.050	31.000	36493.000	6.000	95.083213	19.9199332	199.919746	149.952555	11.80914750	369.035859	35	19.3739612	9.33074811	291.585878
7	15:48:24	11.74	95.050	31.000	36514.000	6.000	95.083213	19.9199332	199.919746	149.952555	11.80914750	369.035859	35	19.3739612	9.33074811	291.585878
7	15:48:39	11.99	95.400	30.960	36495.000	6.000	95.416625	19.9897830	200.620770	150.478369	11.85055664	370.329895	35	19.3739612	9.36346667	292.608333
7	15:48:54	12.24	95.350	30.960	36494.000	6.000	95.416625	19.9897830	200.620770	150.478369	11.85055664	370.329895	35	19.3739612	9.36346667	292.608333
7	15:49:09	12.49	95.000	31.000	36508.000	6.000	95.083213	19.9199332	199.919746	149.952555	11.80914750	369.035859	35	19.3739612	9.33074811	291.585878
7	15:49:24	12.74	95.150	30.990	36469.000	6.000	95.166437	19.9373685	200.094730	150.083805	11.81948372	369.358866	35	19.3739612	9.33891506	291.841096
7	15:49:39	12.99	94.970	31.010	36502.000	6.000	95.000075	19.9025158	199.744942	149.821441	11.79882195	368.713186	35	19.3739612	9.32258960	291.330925
7	15:49:54	13.24	94.900	31.020	36513.000	6.000	94.917024	19.8851164	199.570319	149.690463	11.78850708	368.390846	35	19.3739612	9.31443952	291.076235
7	15:50:09	13.49	95.590	30.930	36517.000	6.000	95.667592	20.0423606	201.148447	150.874160	11.88172622	371.303944	35	19.3739612	9.38809465	293.377958
7	15:50:24	13.74	95.150	30.990	36508.000	6.000	95.166437	19.9373685	200.094730	150.083805	11.81948372	369.358866	35	19.3739612	9.33891506	291.841096
7	15:50:39	13.99	95.340	30.960	36514.000	6.000	95.416625	19.9897830	200.620770	150.478369	11.85055664	370.329895	35	19.3739612	9.36346667	292.608333
7	15:50:54	14.24	94.760	31.030	36477.000	6.000	94.834058	19.8677351	199.395877	149.559620	11.77820285	368.068839	35	19.3739612	9.30629785	290.821808
7	15:51:09	14.49	95.050	31.000	36493.000	6.000	95.083213	19.9199332	199.919746	149.952555	11.80914750	369.035859	35	19.3739612	9.33074811	291.585878
7	15:51:24	14.74	95.300	30.970	36493.000	6.000	95.333143	19.9722935	200.445242	150.346711	11.84018828	370.005884	35	19.3739612	9.35527433	292.352323
7	15:51:39	14.99	94.960	31.010	36493.000	6.000	95.000075	19.9025158	199.744942	149.821441	11.79882195	368.713186	35	19.3739612	9.32258960	291.330925
7	15:51:54	15.24	94.750	31.030	36497.000	6.000	94.834058	19.8677351	199.395877	149.559620	11.77820285	368.068839	35	19.3739612	9.30629785	290.821808
7	15:52:09	15.49	95.100	30.990	36514.000	6.000	95.166437	19.9373685	200.094730	150.083805	11.81948372	369.358866	35	19.3739612	9.33891506	291.841096
7	15:52:24	15.74	95.090	30.990	36493.000	6.000	95.166437	19.9373685	200.094730	150.083805	11.81948372	369.358866	35	19.3739612	9.33891506	291.841096
7	15:52:39	15.99	95.260	30.970	36502.000	6.000	95.333143	19.9722935	200.445242	150.346711	11.84018828	370.005884	35	19.3739612	9.35527433	292.352323
7	15:52:54	16.24	95.370	30.960	36491.000	6.000	95.416625	19.9897830	200.620770	150.478369	11.85055664	370.329895	35	19.3739612	9.36346667	292.608333
7	15:53:09	16.49	95.230	30.980	36508.000	6.000	95.249747	19.9548220	200.269895	150.215190	11.82983064	369.682208	35	19.3739612	9.34709046	292.096577
7	15:53:24	16.74	94.740	31.040	36490.000	6.000	94.751177	19.8503716	199.221614	149.428912	11.76790927	367.747165	35	19.3739612	9.29816460	290.567644
7	15:53:39	16.99	95.230	30.980	36521.000	6.000	95.249747	19.9548220	200.269895	150.215190	11.82983064	369.682208	35	19.3739612	9.34709046	292.096577
7	15:53:54	17.24	95.240	30.980	36499.000	6.000	95.249747	19.9548220	200.269895	150.215190	11.82983064	369.682208	35	19.3739612	9.34709046	292.096577
7	15:54:09	17.49	95.080	31.000	36493.000	6.000	95.083213	19.9199332	199.919746	149.952555	11.80914750	369.035859	35	19.3739612	9.33074811	291.585878
7	15:54:24	17.74	95.400	30.960	36493.000	6.000	95.416625	19.9897830	200.620770	150.478369	11.85055664	370.329895	35	19.3739612	9.36346667	292.608333
7	15:54:39	17.99	94.980	31.010	36507.000	6.000	95.000075	19.9025158	199.744942	149.821441	11.79882195	368.713186	35	19.3739612	9.32258960	291.330925
7	15:54:54	18.24	95.280	30.970	36510.000	6.000	95.333143	19.9722935	200.445242	150.346711	11.84018828	370.005884	35	19.3739612	9.35527433	292.352323
7	15:55:09	18.49	94.810	31.030	36519.000	6.000	94.834058	19.8677351	199.395877	149.559620	11.77820285	368.068839	35	19.3739612	9.30629785	290.821808
7	15:55:24	18.74	95.160	30.990	36511.000	6.000	95.166437	19.9373685	200.094730	150.083805	11.81948372	369.358866	35	19.3739612	9.33891506	291.841096
7	15:55:39	18.99	95.650	30.930	36508.000	6.000	95.667592	20.0423606	201.148447	150.874160	11.88172622	371.303944	35	19.3739612	9.38809465	293.377958
7	15:55:54	19.24	95.030	31.000	36510.000	6.000	95.083213	19.9199332	199.919746	149.952555	11.80914750	369.035859	35	19.3739612	9.33074811	291.585878
7	15:56:09	19.49	95.220	30.980	36490.000	6.000	95.249747	19.9548220	200.269895	150.215190	11.82983064	369.682208	35	19.3739612	9.34709046	292.096577
7	15:56:24	19.75	95.450	30.950	36521.000	6.000	95.500194	20.0072907	200.796481	150.610162	11.86093574	370.654242	35	19.3739612	9.37166749	292.864609
