Chamber	Time/hh:mm:ss	Logtime/min	Oxy/% air sat.	Phase/°	Amp	Temp/°C	% air-sat.	% oxygen	pO2 (hPa)	pO2 (Torr)	cO2 [mg/L]	cO2 [µmol/L]	Salinity	chlorinity	SalCorcO2 [mg/L]	SalCorcO2 [µmol/L]
9	10:25:01	0.00	96.460	29.000	34291.000	15.000	96.540168	20.2251652	201.422530	151.079739	9.69889062	303.090332	35	19.3739612	7.82943107	244.669721
9	10:25:15	0.24	96.510	29.000	34283.000	15.000	96.540168	20.2251652	201.422530	151.079739	9.69889062	303.090332	35	19.3739612	7.82943107	244.669721
9	10:25:30	0.49	96.570	28.990	34295.000	15.000	96.627876	20.2435400	201.605525	151.216997	9.70770217	303.365693	35	19.3739612	7.83654419	244.892006
9	10:25:45	0.74	96.510	29.000	34272.000	15.000	96.540168	20.2251652	201.422530	151.079739	9.69889062	303.090332	35	19.3739612	7.82943107	244.669721
9	10:26:00	0.99	96.410	29.010	34302.000	15.000	96.452557	20.2068107	201.239737	150.942633	9.69008878	302.815274	35	19.3739612	7.82232578	244.447681
9	10:26:15	1.24	96.540	29.000	34276.000	15.000	96.540168	20.2251652	201.422530	151.079739	9.69889062	303.090332	35	19.3739612	7.82943107	244.669721
9	10:26:30	1.49	96.720	28.970	34333.000	15.000	96.803582	20.2803504	201.972119	151.491966	9.72535442	303.917326	35	19.3739612	7.85079397	245.337312
9	10:26:45	1.74	96.390	29.010	34276.000	15.000	96.452557	20.2068107	201.239737	150.942633	9.69008878	302.815274	35	19.3739612	7.82232578	244.447681
9	10:27:00	1.99	96.710	28.980	34283.000	15.000	96.715680	20.2619350	201.788721	151.354406	9.71652343	303.641357	35	19.3739612	7.84366515	245.114536
9	10:27:15	2.24	96.390	29.010	34283.000	15.000	96.452557	20.2068107	201.239737	150.942633	9.69008878	302.815274	35	19.3739612	7.82232578	244.447681
9	10:27:30	2.49	96.830	28.960	34286.000	15.000	96.891580	20.2987860	202.155720	151.629678	9.73419515	304.193599	35	19.3739612	7.85793066	245.560333
9	10:27:45	2.74	96.730	28.970	34316.000	15.000	96.803582	20.2803504	201.972119	151.491966	9.72535442	303.917326	35	19.3739612	7.85079397	245.337312
9	10:28:00	2.99	96.750	28.970	34284.000	15.000	96.803582	20.2803504	201.972119	151.491966	9.72535442	303.917326	35	19.3739612	7.85079397	245.337312
9	10:28:15	3.24	96.480	29.000	34268.000	15.000	96.540168	20.2251652	201.422530	151.079739	9.69889062	303.090332	35	19.3739612	7.82943107	244.669721
9	10:28:30	3.49	96.190	29.030	34278.000	15.000	96.277624	20.1701622	200.874755	150.668873	9.67251416	302.266067	35	19.3739612	7.80813866	244.004333
9	10:28:45	3.74	96.860	28.960	34280.000	15.000	96.891580	20.2987860	202.155720	151.629678	9.73419515	304.193599	35	19.3739612	7.85793066	245.560333
9	10:29:00	3.99	96.480	29.000	34268.000	15.000	96.540168	20.2251652	201.422530	151.079739	9.69889062	303.090332	35	19.3739612	7.82943107	244.669721
9	10:29:15	4.24	96.080	29.050	34288.000	15.000	96.103075	20.1335943	200.510575	150.395715	9.65497818	301.718068	35	19.3739612	7.79398274	243.561961
9	10:29:30	4.49	96.470	29.000	34265.000	15.000	96.540168	20.2251652	201.422530	151.079739	9.69889062	303.090332	35	19.3739612	7.82943107	244.669721
9	10:29:45	4.74	96.490	29.000	34299.000	15.000	96.540168	20.2251652	201.422530	151.079739	9.69889062	303.090332	35	19.3739612	7.82943107	244.669721
9	10:30:00	4.99	96.430	29.010	34262.000	15.000	96.452557	20.2068107	201.239737	150.942633	9.69008878	302.815274	35	19.3739612	7.82232578	244.447681
9	10:30:15	5.24	96.340	29.020	34282.000	15.000	96.365042	20.1884764	201.057145	150.805677	9.68129663	302.540520	35	19.3739612	7.81522832	244.225885
9	10:30:30	5.49	96.490	29.000	34285.000	15.000	96.540168	20.2251652	201.422530	151.079739	9.69889062	303.090332	35	19.3739612	7.82943107	244.669721
9	10:30:45	5.74	96.330	29.020	34289.000	15.000	96.365042	20.1884764	201.057145	150.805677	9.68129663	302.540520	35	19.3739612	7.81522832	244.225885
9	10:31:00	5.99	96.550	28.990	34319.000	15.000	96.627876	20.2435400	201.605525	151.216997	9.70770217	303.365693	35	19.3739612	7.83654419	244.892006
9	10:31:15	6.24	96.260	29.030	34304.000	15.000	96.277624	20.1701622	200.874755	150.668873	9.67251416	302.266067	35	19.3739612	7.80813866	244.004333
9	10:31:30	6.49	96.550	28.990	34315.000	15.000	96.627876	20.2435400	201.605525	151.216997	9.70770217	303.365693	35	19.3739612	7.83654419	244.892006
9	10:31:45	6.74	96.350	29.020	34301.000	15.000	96.365042	20.1884764	201.057145	150.805677	9.68129663	302.540520	35	19.3739612	7.81522832	244.225885
9	10:32:00	6.99	96.540	29.000	34281.000	15.000	96.540168	20.2251652	201.422530	151.079739	9.69889062	303.090332	35	19.3739612	7.82943107	244.669721
9	10:32:15	7.24	96.570	28.990	34309.000	15.000	96.627876	20.2435400	201.605525	151.216997	9.70770217	303.365693	35	19.3739612	7.83654419	244.892006
9	10:32:30	7.49	96.380	29.010	34299.000	15.000	96.452557	20.2068107	201.239737	150.942633	9.69008878	302.815274	35	19.3739612	7.82232578	244.447681
9	10:32:45	7.74	96.050	29.050	34323.000	15.000	96.103075	20.1335943	200.510575	150.395715	9.65497818	301.718068	35	19.3739612	7.79398274	243.561961
9	10:33:00	7.99	96.380	29.010	34294.000	15.000	96.452557	20.2068107	201.239737	150.942633	9.69008878	302.815274	35	19.3739612	7.82232578	244.447681
9	10:33:15	8.24	95.980	29.060	34317.000	15.000	96.015945	20.1153405	200.328785	150.259361	9.64622464	301.444520	35	19.3739612	7.78691645	243.341139
9	10:33:30	8.49	96.350	29.020	34296.000	15.000	96.365042	20.1884764	201.057145	150.805677	9.68129663	302.540520	35	19.3739612	7.81522832	244.225885
9	10:33:45	8.74	96.490	29.000	34306.000	15.000	96.540168	20.2251652	201.422530	151.079739	9.69889062	303.090332	35	19.3739612	7.82943107	244.669721
9	10:34:00	8.99	95.740	29.090	34316.000	15.000	95.755128	20.0606993	199.784613	149.851197	9.62002172	300.625679	35	19.3739612	7.76576413	242.680129
9	10:34:15	9.24	96.270	29.030	34305.000	15.000	96.277624	20.1701622	200.874755	150.668873	9.67251416	302.266067	35	19.3739612	7.80813866	244.004333
9	10:34:30	9.49	96.540	29.000	34316.000	15.000	96.540168	20.2251652	201.422530	151.079739	9.69889062	303.090332	35	19.3739612	7.82943107	244.669721
9	10:34:45	9.74	96.040	29.050	34322.000	15.000	96.103075	20.1335943	200.510575	150.395715	9.65497818	301.718068	35	19.3739612	7.79398274	243.561961
9	10:35:00	9.99	96.140	29.040	34314.000	15.000	96.190302	20.1518682	200.692564	150.532219	9.66374134	301.991917	35	19.3739612	7.80105681	243.783025
9	10:35:15	10.24	96.190	29.040	34337.000	15.000	96.190302	20.1518682	200.692564	150.532219	9.66374134	301.991917	35	19.3739612	7.80105681	243.783025
9	10:35:30	10.49	96.080	29.050	34362.000	15.000	96.103075	20.1335943	200.510575	150.395715	9.65497818	301.718068	35	19.3739612	7.79398274	243.561961
9	10:35:45	10.74	96.220	29.030	34310.000	15.000	96.277624	20.1701622	200.874755	150.668873	9.67251416	302.266067	35	19.3739612	7.80813866	244.004333
9	10:36:00	10.99	96.040	29.050	34328.000	15.000	96.103075	20.1335943	200.510575	150.395715	9.65497818	301.718068	35	19.3739612	7.79398274	243.561961
9	10:36:15	11.24	96.010	29.060	34319.000	15.000	96.015945	20.1153405	200.328785	150.259361	9.64622464	301.444520	35	19.3739612	7.78691645	243.341139
9	10:36:30	11.49	96.070	29.050	34330.000	15.000	96.103075	20.1335943	200.510575	150.395715	9.65497818	301.718068	35	19.3739612	7.79398274	243.561961
9	10:36:45	11.74	96.640	28.980	34332.000	15.000	96.715680	20.2619350	201.788721	151.354406	9.71652343	303.641357	35	19.3739612	7.84366515	245.114536
9	10:37:00	11.99	96.210	29.030	34325.000	15.000	96.277624	20.1701622	200.874755	150.668873	9.67251416	302.266067	35	19.3739612	7.80813866	244.004333
9	10:37:15	12.24	96.520	29.000	34350.000	15.000	96.540168	20.2251652	201.422530	151.079739	9.69889062	303.090332	35	19.3739612	7.82943107	244.669721
9	10:37:30	12.49	95.870	29.070	34348.000	15.000	95.928911	20.0971068	200.147195	150.123157	9.63748073	301.171273	35	19.3739612	7.77985793	243.120560
9	10:37:45	12.74	95.680	29.090	34333.000	15.000	95.755128	20.0606993	199.784613	149.851197	9.62002172	300.625679	35	19.3739612	7.76576413	242.680129
9	10:38:00	12.99	96.030	29.050	34353.000	15.000	96.103075	20.1335943	200.510575	150.395715	9.65497818	301.718068	35	19.3739612	7.79398274	243.561961
9	10:38:15	13.24	96.160	29.040	34346.000	15.000	96.190302	20.1518682	200.692564	150.532219	9.66374134	301.991917	35	19.3739612	7.80105681	243.783025
9	10:38:30	13.49	96.020	29.050	34344.000	15.000	96.103075	20.1335943	200.510575	150.395715	9.65497818	301.718068	35	19.3739612	7.79398274	243.561961
9	10:38:45	13.74	95.960	29.060	34366.000	15.000	96.015945	20.1153405	200.328785	150.259361	9.64622464	301.444520	35	19.3739612	7.78691645	243.341139
9	10:39:00	13.99	95.860	29.070	34349.000	15.000	95.928911	20.0971068	200.147195	150.123157	9.63748073	301.171273	35	19.3739612	7.77985793	243.120560
9	10:39:15	14.24	96.000	29.060	34363.000	15.000	96.015945	20.1153405	200.328785	150.259361	9.64622464	301.444520	35	19.3739612	7.78691645	243.341139
9	10:39:30	14.49	95.880	29.070	34356.000	15.000	95.928911	20.0971068	200.147195	150.123157	9.63748073	301.171273	35	19.3739612	7.77985793	243.120560
9	10:39:45	14.74	95.970	29.060	34335.000	15.000	96.015945	20.1153405	200.328785	150.259361	9.64622464	301.444520	35	19.3739612	7.78691645	243.341139
9	10:40:00	14.99	95.830	29.080	34354.000	15.000	95.841972	20.0788930	199.965805	149.987102	9.62874643	300.898326	35	19.3739612	7.77280716	242.900224
9	10:40:15	15.24	95.920	29.070	34360.000	15.000	95.928911	20.0971068	200.147195	150.123157	9.63748073	301.171273	35	19.3739612	7.77985793	243.120560
9	10:40:30	15.49	95.560	29.110	34378.000	15.000	95.581727	20.0243719	199.422828	149.579835	9.60260103	300.081282	35	19.3739612	7.75170128	242.240665
9	10:40:45	15.74	96.090	29.050	34388.000	15.000	96.103075	20.1335943	200.510575	150.395715	9.65497818	301.718068	35	19.3739612	7.79398274	243.561961
9	10:41:00	15.99	95.960	29.060	34379.000	15.000	96.015945	20.1153405	200.328785	150.259361	9.64622464	301.444520	35	19.3739612	7.78691645	243.341139
9	10:41:15	16.24	95.860	29.070	34365.000	15.000	95.928911	20.0971068	200.147195	150.123157	9.63748073	301.171273	35	19.3739612	7.77985793	243.120560
9	10:41:30	16.49	95.840	29.080	34372.000	15.000	95.841972	20.0788930	199.965805	149.987102	9.62874643	300.898326	35	19.3739612	7.77280716	242.900224
9	10:41:45	16.74	95.870	29.070	34374.000	15.000	95.928911	20.0971068	200.147195	150.123157	9.63748073	301.171273	35	19.3739612	7.77985793	243.120560
9	10:42:00	16.99	95.910	29.070	34380.000	15.000	95.928911	20.0971068	200.147195	150.123157	9.63748073	301.171273	35	19.3739612	7.77985793	243.120560
9	10:42:15	17.24	95.490	29.120	34389.000	15.000	95.495169	20.0062380	199.242233	149.444377	9.59390502	299.809532	35	19.3739612	7.74468142	242.021294
9	10:42:30	17.49	95.620	29.100	34351.000	15.000	95.668380	20.0425256	199.603621	149.715442	9.61130659	300.353331	35	19.3739612	7.75872884	242.460276
9	10:42:45	17.74	96.060	29.050	34404.000	15.000	96.103075	20.1335943	200.510575	150.395715	9.65497818	301.718068	35	19.3739612	7.79398274	243.561961
9	10:43:00	17.99	95.640	29.100	34384.000	15.000	95.668380	20.0425256	199.603621	149.715442	9.61130659	300.353331	35	19.3739612	7.75872884	242.460276
9	10:43:15	18.24	95.920	29.070	34412.000	15.000	95.928911	20.0971068	200.147195	150.123157	9.63748073	301.171273	35	19.3739612	7.77985793	243.120560
9	10:43:30	18.49	95.750	29.090	34393.000	15.000	95.755128	20.0606993	199.784613	149.851197	9.62002172	300.625679	35	19.3739612	7.76576413	242.680129
9	10:43:45	18.74	95.810	29.080	34423.000	15.000	95.841972	20.0788930	199.965805	149.987102	9.62874643	300.898326	35	19.3739612	7.77280716	242.900224
9	10:44:00	18.99	95.640	29.100	34423.000	15.000	95.668380	20.0425256	199.603621	149.715442	9.61130659	300.353331	35	19.3739612	7.75872884	242.460276
