Chamber	Time/hh:mm:ss	Logtime/min	Oxy/% air sat.	Phase/°	Amp	Temp/°C	% air-sat.	% oxygen	pO2 (hPa)	pO2 (Torr)	cO2 [mg/L]	cO2 [µmol/L]	Salinity	chlorinity	SalCorcO2 [mg/L]	SalCorcO2 [µmol/L]
10	14:26:21	0.00	96.080	30.250	45897.000	9.000	96.092852	20.1314525	201.613219	151.222768	11.07890166	346.215677	35	19.3739612	8.81370727	275.428352
10	14:26:35	0.23	96.640	30.180	45868.000	9.000	96.691279	20.2568228	202.868783	152.164521	11.14789645	348.371764	35	19.3739612	8.86859537	277.143605
10	14:26:50	0.48	97.000	30.140	45880.000	9.000	97.035237	20.3288821	203.590444	152.705813	11.18755268	349.611021	35	19.3739612	8.90014348	278.129484
10	14:27:05	0.73	96.220	30.230	45874.000	9.000	96.263378	20.1671778	201.971002	151.491128	11.09856226	346.830071	35	19.3739612	8.82934806	275.917127
10	14:27:20	0.98	96.760	30.170	45877.000	9.000	96.777131	20.2748090	203.048911	152.299629	11.15779472	348.681085	35	19.3739612	8.87646985	277.389683
10	14:27:35	1.23	96.760	30.170	45869.000	9.000	96.777131	20.2748090	203.048911	152.299629	11.15779472	348.681085	35	19.3739612	8.87646985	277.389683
10	14:27:50	1.48	96.670	30.180	45871.000	9.000	96.691279	20.2568228	202.868783	152.164521	11.14789645	348.371764	35	19.3739612	8.86859537	277.143605
10	14:28:05	1.73	96.880	30.150	45830.000	9.000	96.949110	20.3108386	203.409741	152.570275	11.17762282	349.300713	35	19.3739612	8.89224389	277.882621
10	14:28:20	1.98	96.160	30.240	45863.000	9.000	96.178070	20.1493057	201.792016	151.356877	11.08872675	346.522711	35	19.3739612	8.82152353	275.672610
10	14:28:35	2.23	96.580	30.190	45842.000	9.000	96.605517	20.2388558	202.688845	152.029557	11.13800867	348.062771	35	19.3739612	8.86072925	276.897789
10	14:28:50	2.48	96.160	30.240	45859.000	9.000	96.178070	20.1493057	201.792016	151.356877	11.08872675	346.522711	35	19.3739612	8.82152353	275.672610
10	14:29:05	2.73	96.590	30.190	45787.000	9.000	96.605517	20.2388558	202.688845	152.029557	11.13800867	348.062771	35	19.3739612	8.86072925	276.897789
10	14:29:20	2.98	97.060	30.130	45825.000	9.000	97.121455	20.3469448	203.771339	152.841496	11.19749309	349.921659	35	19.3739612	8.90805147	278.376609
10	14:29:35	3.23	96.620	30.180	45834.000	9.000	96.691279	20.2568228	202.868783	152.164521	11.14789645	348.371764	35	19.3739612	8.86859537	277.143605
10	14:29:50	3.48	97.200	30.120	45835.000	9.000	97.207765	20.3650267	203.952427	152.977323	11.20744407	350.232627	35	19.3739612	8.91596787	278.623996
10	14:30:05	3.73	97.190	30.120	45797.000	9.000	97.207765	20.3650267	203.952427	152.977323	11.20744407	350.232627	35	19.3739612	8.91596787	278.623996
10	14:30:20	3.98	96.780	30.160	45832.000	9.000	96.863075	20.2928142	203.229230	152.434880	11.16770351	348.990735	35	19.3739612	8.88435268	277.636021
10	14:30:35	4.23	97.020	30.140	45838.000	9.000	97.035237	20.3288821	203.590444	152.705813	11.18755268	349.611021	35	19.3739612	8.90014348	278.129484
10	14:30:50	4.48	96.830	30.160	45791.000	9.000	96.863075	20.2928142	203.229230	152.434880	11.16770351	348.990735	35	19.3739612	8.88435268	277.636021
10	14:31:05	4.73	96.630	30.180	45820.000	9.000	96.691279	20.2568228	202.868783	152.164521	11.14789645	348.371764	35	19.3739612	8.86859537	277.143605
10	14:31:20	4.98	96.290	30.220	45813.000	9.000	96.348777	20.1850688	202.150177	151.625521	11.10840819	347.137756	35	19.3739612	8.83718089	276.161903
10	14:31:35	5.23	97.000	30.140	45795.000	9.000	97.035237	20.3288821	203.590444	152.705813	11.18755268	349.611021	35	19.3739612	8.90014348	278.129484
10	14:31:50	5.48	96.860	30.160	45787.000	9.000	96.863075	20.2928142	203.229230	152.434880	11.16770351	348.990735	35	19.3739612	8.88435268	277.636021
10	14:32:05	5.73	96.900	30.150	45801.000	9.000	96.949110	20.3108386	203.409741	152.570275	11.17762282	349.300713	35	19.3739612	8.89224389	277.882621
10	14:32:20	5.98	97.010	30.140	45817.000	9.000	97.035237	20.3288821	203.590444	152.705813	11.18755268	349.611021	35	19.3739612	8.90014348	278.129484
10	14:32:35	6.23	96.770	30.170	45810.000	9.000	96.777131	20.2748090	203.048911	152.299629	11.15779472	348.681085	35	19.3739612	8.87646985	277.389683
10	14:32:50	6.48	97.100	30.130	45809.000	9.000	97.121455	20.3469448	203.771339	152.841496	11.19749309	349.921659	35	19.3739612	8.90805147	278.376609
10	14:33:05	6.73	96.930	30.150	45782.000	9.000	96.949110	20.3108386	203.409741	152.570275	11.17762282	349.300713	35	19.3739612	8.89224389	277.882621
10	14:33:20	6.98	97.130	30.120	45804.000	9.000	97.207765	20.3650267	203.952427	152.977323	11.20744407	350.232627	35	19.3739612	8.91596787	278.623996
10	14:33:35	7.23	96.870	30.150	45791.000	9.000	96.949110	20.3108386	203.409741	152.570275	11.17762282	349.300713	35	19.3739612	8.89224389	277.882621
10	14:33:50	7.48	96.360	30.210	45776.000	9.000	96.434266	20.2029788	202.329543	151.760057	11.11826456	347.445767	35	19.3739612	8.84502202	276.406938
10	14:34:05	7.73	97.060	30.130	45793.000	9.000	97.121455	20.3469448	203.771339	152.841496	11.19749309	349.921659	35	19.3739612	8.90805147	278.376609
10	14:34:20	7.98	96.940	30.150	45790.000	9.000	96.949110	20.3108386	203.409741	152.570275	11.17762282	349.300713	35	19.3739612	8.89224389	277.882621
10	14:34:35	8.23	97.250	30.110	45791.000	9.000	97.294166	20.3831279	204.133707	153.113295	11.21740563	350.543926	35	19.3739612	8.92389270	278.871647
10	14:34:50	8.48	97.080	30.130	45788.000	9.000	97.121455	20.3469448	203.771339	152.841496	11.19749309	349.921659	35	19.3739612	8.90805147	278.376609
10	14:35:05	8.73	97.130	30.120	45819.000	9.000	97.207765	20.3650267	203.952427	152.977323	11.20744407	350.232627	35	19.3739612	8.91596787	278.623996
10	14:35:20	8.98	96.520	30.190	45851.000	9.000	96.605517	20.2388558	202.688845	152.029557	11.13800867	348.062771	35	19.3739612	8.86072925	276.897789
10	14:35:35	9.23	96.870	30.150	45799.000	9.000	96.949110	20.3108386	203.409741	152.570275	11.17762282	349.300713	35	19.3739612	8.89224389	277.882621
10	14:35:50	9.48	96.920	30.150	45802.000	9.000	96.949110	20.3108386	203.409741	152.570275	11.17762282	349.300713	35	19.3739612	8.89224389	277.882621
10	14:36:05	9.73	96.660	30.180	45800.000	9.000	96.691279	20.2568228	202.868783	152.164521	11.14789645	348.371764	35	19.3739612	8.86859537	277.143605
10	14:36:20	9.98	96.590	30.190	45802.000	9.000	96.605517	20.2388558	202.688845	152.029557	11.13800867	348.062771	35	19.3739612	8.86072925	276.897789
10	14:36:35	10.23	96.690	30.170	45814.000	9.000	96.777131	20.2748090	203.048911	152.299629	11.15779472	348.681085	35	19.3739612	8.87646985	277.389683
10	14:36:50	10.48	97.480	30.080	45791.000	9.000	97.553923	20.4375470	204.678705	153.522078	11.24735399	351.479812	35	19.3739612	8.94771780	279.616181
10	14:37:05	10.73	96.390	30.210	45763.000	9.000	96.434266	20.2029788	202.329543	151.760057	11.11826456	347.445767	35	19.3739612	8.84502202	276.406938
10	14:37:20	10.98	96.340	30.220	45813.000	9.000	96.348777	20.1850688	202.150177	151.625521	11.10840819	347.137756	35	19.3739612	8.83718089	276.161903
10	14:37:35	11.23	96.940	30.150	45778.000	9.000	96.949110	20.3108386	203.409741	152.570275	11.17762282	349.300713	35	19.3739612	8.89224389	277.882621
10	14:37:50	11.48	96.590	30.190	45795.000	9.000	96.605517	20.2388558	202.688845	152.029557	11.13800867	348.062771	35	19.3739612	8.86072925	276.897789
10	14:38:05	11.73	96.280	30.220	45789.000	9.000	96.348777	20.1850688	202.150177	151.625521	11.10840819	347.137756	35	19.3739612	8.83718089	276.161903
10	14:38:20	11.98	96.880	30.150	45815.000	9.000	96.949110	20.3108386	203.409741	152.570275	11.17762282	349.300713	35	19.3739612	8.89224389	277.882621
10	14:38:35	12.23	96.560	30.190	45750.000	9.000	96.605517	20.2388558	202.688845	152.029557	11.13800867	348.062771	35	19.3739612	8.86072925	276.897789
10	14:38:50	12.48	96.730	30.170	45782.000	9.000	96.777131	20.2748090	203.048911	152.299629	11.15779472	348.681085	35	19.3739612	8.87646985	277.389683
10	14:39:05	12.73	97.070	30.130	45766.000	9.000	97.121455	20.3469448	203.771339	152.841496	11.19749309	349.921659	35	19.3739612	8.90805147	278.376609
10	14:39:20	12.98	96.550	30.190	45782.000	9.000	96.605517	20.2388558	202.688845	152.029557	11.13800867	348.062771	35	19.3739612	8.86072925	276.897789
10	14:39:35	13.23	96.820	30.160	45788.000	9.000	96.863075	20.2928142	203.229230	152.434880	11.16770351	348.990735	35	19.3739612	8.88435268	277.636021
10	14:39:50	13.48	96.900	30.150	45770.000	9.000	96.949110	20.3108386	203.409741	152.570275	11.17762282	349.300713	35	19.3739612	8.89224389	277.882621
10	14:40:05	13.73	96.740	30.170	45820.000	9.000	96.777131	20.2748090	203.048911	152.299629	11.15779472	348.681085	35	19.3739612	8.87646985	277.389683
10	14:40:20	13.98	97.030	30.140	45759.000	9.000	97.035237	20.3288821	203.590444	152.705813	11.18755268	349.611021	35	19.3739612	8.90014348	278.129484
10	14:40:35	14.23	97.380	30.090	45767.000	9.000	97.467246	20.4193880	204.496846	153.385672	11.23736058	351.167518	35	19.3739612	8.93976765	279.367739
10	14:40:50	14.48	96.790	30.160	45783.000	9.000	96.863075	20.2928142	203.229230	152.434880	11.16770351	348.990735	35	19.3739612	8.88435268	277.636021
10	14:41:05	14.73	97.000	30.140	45783.000	9.000	97.035237	20.3288821	203.590444	152.705813	11.18755268	349.611021	35	19.3739612	8.90014348	278.129484
10	14:41:20	14.98	97.370	30.100	45760.000	9.000	97.380660	20.4012483	204.315180	153.249411	11.22737780	350.855556	35	19.3739612	8.93182595	279.119561
10	14:41:35	15.23	96.820	30.160	45780.000	9.000	96.863075	20.2928142	203.229230	152.434880	11.16770351	348.990735	35	19.3739612	8.88435268	277.636021
10	14:41:50	15.48	97.010	30.140	45754.000	9.000	97.035237	20.3288821	203.590444	152.705813	11.18755268	349.611021	35	19.3739612	8.90014348	278.129484
10	14:42:05	15.73	96.920	30.150	45771.000	9.000	96.949110	20.3108386	203.409741	152.570275	11.17762282	349.300713	35	19.3739612	8.89224389	277.882621
10	14:42:20	15.98	96.630	30.180	45751.000	9.000	96.691279	20.2568228	202.868783	152.164521	11.14789645	348.371764	35	19.3739612	8.86859537	277.143605
10	14:42:35	16.23	97.050	30.130	45777.000	9.000	97.121455	20.3469448	203.771339	152.841496	11.19749309	349.921659	35	19.3739612	8.90805147	278.376609
10	14:42:50	16.48	97.020	30.140	45788.000	9.000	97.035237	20.3288821	203.590444	152.705813	11.18755268	349.611021	35	19.3739612	8.90014348	278.129484
10	14:43:05	16.73	97.220	30.110	45780.000	9.000	97.294166	20.3831279	204.133707	153.113295	11.21740563	350.543926	35	19.3739612	8.92389270	278.871647
10	14:43:20	16.98	97.000	30.140	45780.000	9.000	97.035237	20.3288821	203.590444	152.705813	11.18755268	349.611021	35	19.3739612	8.90014348	278.129484
10	14:43:35	17.23	97.160	30.120	45753.000	9.000	97.207765	20.3650267	203.952427	152.977323	11.20744407	350.232627	35	19.3739612	8.91596787	278.623996
10	14:43:50	17.48	97.110	30.130	45796.000	9.000	97.121455	20.3469448	203.771339	152.841496	11.19749309	349.921659	35	19.3739612	8.90805147	278.376609
10	14:44:05	17.73	96.950	30.140	45796.000	9.000	97.035237	20.3288821	203.590444	152.705813	11.18755268	349.611021	35	19.3739612	8.90014348	278.129484
10	14:44:20	17.98	97.050	30.130	45774.000	9.000	97.121455	20.3469448	203.771339	152.841496	11.19749309	349.921659	35	19.3739612	8.90805147	278.376609
10	14:44:35	18.23	96.900	30.150	45796.000	9.000	96.949110	20.3108386	203.409741	152.570275	11.17762282	349.300713	35	19.3739612	8.89224389	277.882621
10	14:44:50	18.48	96.920	30.150	45750.000	9.000	96.949110	20.3108386	203.409741	152.570275	11.17762282	349.300713	35	19.3739612	8.89224389	277.882621
10	14:45:05	18.73	96.930	30.150	45702.000	9.000	96.949110	20.3108386	203.409741	152.570275	11.17762282	349.300713	35	19.3739612	8.89224389	277.882621
10	14:45:20	18.98	96.810	30.160	45770.000	9.000	96.863075	20.2928142	203.229230	152.434880	11.16770351	348.990735	35	19.3739612	8.88435268	277.636021
10	14:45:35	19.23	96.960	30.140	45738.000	9.000	97.035237	20.3288821	203.590444	152.705813	11.18755268	349.611021	35	19.3739612	8.90014348	278.129484
10	14:45:50	19.48	97.090	30.130	45770.000	9.000	97.121455	20.3469448	203.771339	152.841496	11.19749309	349.921659	35	19.3739612	8.90805147	278.376609
10	14:46:05	19.73	96.850	30.160	45732.000	9.000	96.863075	20.2928142	203.229230	152.434880	11.16770351	348.990735	35	19.3739612	8.88435268	277.636021
10	14:46:20	19.98	97.180	30.120	45770.000	9.000	97.207765	20.3650267	203.952427	152.977323	11.20744407	350.232627	35	19.3739612	8.91596787	278.623996
10	14:46:35	20.23	97.000	30.140	45738.000	9.000	97.035237	20.3288821	203.590444	152.705813	11.18755268	349.611021	35	19.3739612	8.90014348	278.129484
10	14:46:50	20.48	97.360	30.100	45740.000	9.000	97.380660	20.4012483	204.315180	153.249411	11.22737780	350.855556	35	19.3739612	8.93182595	279.119561
10	14:47:05	20.73	96.810	30.160	45750.000	9.000	96.863075	20.2928142	203.229230	152.434880	11.16770351	348.990735	35	19.3739612	8.88435268	277.636021
