Chamber	Time/hh:mm:ss	Logtime/min	Oxy/% air sat.	Phase/°	Amp	Temp/°C	% air-sat.	% oxygen	pO2 (hPa)	pO2 (Torr)	cO2 [mg/L]	cO2 [µmol/L]	Salinity	chlorinity	SalCorcO2 [mg/L]	SalCorcO2 [µmol/L]
3	13:51:58	0.00	95.080	30.360	37389.000	9.000	95.161379	19.9363090	199.658889	149.756896	10.97150871	342.859647	35	19.3739612	8.72827190	272.758497
3	13:52:07	0.15	94.930	30.380	37378.000	9.000	94.993180	19.9010713	199.305988	149.492198	10.95211640	342.253637	35	19.3739612	8.71284455	272.276392
3	13:52:22	0.39	95.210	30.350	37384.000	9.000	95.245612	19.9539558	199.835618	149.889454	10.98122022	343.163132	35	19.3739612	8.73599780	272.999931
3	13:52:37	0.64	94.990	30.380	37346.000	9.000	94.993180	19.9010713	199.305988	149.492198	10.95211640	342.253637	35	19.3739612	8.71284455	272.276392
3	13:52:52	0.90	94.950	30.380	37378.000	9.000	94.993180	19.9010713	199.305988	149.492198	10.95211640	342.253637	35	19.3739612	8.71284455	272.276392
3	13:53:07	1.14	95.310	30.340	37371.000	9.000	95.329934	19.9716212	200.012534	150.022153	10.99094198	343.466937	35	19.3739612	8.74373185	273.241620
3	13:53:22	1.40	94.890	30.390	37390.000	9.000	94.909214	19.8834802	199.129817	149.360059	10.94243557	341.951112	35	19.3739612	8.70514306	272.035721
3	13:53:37	1.65	95.110	30.360	37378.000	9.000	95.161379	19.9363090	199.658889	149.756896	10.97150871	342.859647	35	19.3739612	8.72827190	272.758497
3	13:53:52	1.89	95.440	30.320	37363.000	9.000	95.498845	20.0070080	200.366927	150.287970	11.01041633	344.075510	35	19.3739612	8.75922447	273.725765
3	13:54:07	2.14	95.110	30.360	37358.000	9.000	95.161379	19.9363090	199.658889	149.756896	10.97150871	342.859647	35	19.3739612	8.72827190	272.758497
3	13:54:22	2.40	95.050	30.370	37346.000	9.000	95.077235	19.9186808	199.482345	149.624477	10.96180744	342.556482	35	19.3739612	8.72055416	272.517317
3	13:54:37	2.64	95.000	30.370	37361.000	9.000	95.077235	19.9186808	199.482345	149.624477	10.96180744	342.556482	35	19.3739612	8.72055416	272.517317
3	13:54:52	2.90	94.730	30.410	37346.000	9.000	94.741545	19.8483538	198.778031	149.096197	10.92310449	341.347015	35	19.3739612	8.68976442	271.555138
3	13:55:07	3.15	95.390	30.330	37356.000	9.000	95.414345	19.9893052	200.189637	150.154991	11.00067401	343.771063	35	19.3739612	8.75147406	273.483565
3	13:55:22	3.39	95.310	30.340	37363.000	9.000	95.329934	19.9716212	200.012534	150.022153	10.99094198	343.466937	35	19.3739612	8.74373185	273.241620
3	13:55:37	3.64	95.400	30.330	37361.000	9.000	95.414345	19.9893052	200.189637	150.154991	11.00067401	343.771063	35	19.3739612	8.75147406	273.483565
3	13:55:52	3.89	95.230	30.350	37368.000	9.000	95.245612	19.9539558	199.835618	149.889454	10.98122022	343.163132	35	19.3739612	8.73599780	272.999931
3	13:56:07	4.14	95.270	30.340	37330.000	9.000	95.329934	19.9716212	200.012534	150.022153	10.99094198	343.466937	35	19.3739612	8.74373185	273.241620
3	13:56:22	4.40	95.460	30.320	37350.000	9.000	95.498845	20.0070080	200.366927	150.287970	11.01041633	344.075510	35	19.3739612	8.75922447	273.725765
3	13:56:37	4.64	95.540	30.310	37331.000	9.000	95.583434	20.0247294	200.544405	150.421089	11.02016894	344.380279	35	19.3739612	8.76698306	273.968221
3	13:56:52	4.90	95.290	30.340	37346.000	9.000	95.329934	19.9716212	200.012534	150.022153	10.99094198	343.466937	35	19.3739612	8.74373185	273.241620
3	13:57:07	5.15	95.240	30.350	37343.000	9.000	95.245612	19.9539558	199.835618	149.889454	10.98122022	343.163132	35	19.3739612	8.73599780	272.999931
3	13:57:22	5.39	95.430	30.320	37330.000	9.000	95.498845	20.0070080	200.366927	150.287970	11.01041633	344.075510	35	19.3739612	8.75922447	273.725765
3	13:57:37	5.65	95.400	30.330	37343.000	9.000	95.414345	19.9893052	200.189637	150.154991	11.00067401	343.771063	35	19.3739612	8.75147406	273.483565
3	13:57:52	5.89	95.390	30.330	37327.000	9.000	95.414345	19.9893052	200.189637	150.154991	11.00067401	343.771063	35	19.3739612	8.75147406	273.483565
3	13:58:07	6.15	95.020	30.370	37342.000	9.000	95.077235	19.9186808	199.482345	149.624477	10.96180744	342.556482	35	19.3739612	8.72055416	272.517317
3	13:58:22	6.39	95.220	30.350	37355.000	9.000	95.245612	19.9539558	199.835618	149.889454	10.98122022	343.163132	35	19.3739612	8.73599780	272.999931
3	13:58:37	6.65	95.350	30.330	37335.000	9.000	95.414345	19.9893052	200.189637	150.154991	11.00067401	343.771063	35	19.3739612	8.75147406	273.483565
3	13:58:52	6.89	95.430	30.320	37331.000	9.000	95.498845	20.0070080	200.366927	150.287970	11.01041633	344.075510	35	19.3739612	8.75922447	273.725765
3	13:59:07	7.14	95.360	30.330	37339.000	9.000	95.414345	19.9893052	200.189637	150.154991	11.00067401	343.771063	35	19.3739612	8.75147406	273.483565
3	13:59:22	7.40	95.330	30.340	37319.000	9.000	95.329934	19.9716212	200.012534	150.022153	10.99094198	343.466937	35	19.3739612	8.74373185	273.241620
3	13:59:37	7.64	95.090	30.360	37356.000	9.000	95.161379	19.9363090	199.658889	149.756896	10.97150871	342.859647	35	19.3739612	8.72827190	272.758497
3	13:59:52	7.90	95.100	30.360	37331.000	9.000	95.161379	19.9363090	199.658889	149.756896	10.97150871	342.859647	35	19.3739612	8.72827190	272.758497
3	14:00:07	8.15	95.230	30.350	37336.000	9.000	95.245612	19.9539558	199.835618	149.889454	10.98122022	343.163132	35	19.3739612	8.73599780	272.999931
3	14:00:22	8.39	95.240	30.350	37338.000	9.000	95.245612	19.9539558	199.835618	149.889454	10.98122022	343.163132	35	19.3739612	8.73599780	272.999931
3	14:00:37	8.64	95.230	30.350	37341.000	9.000	95.245612	19.9539558	199.835618	149.889454	10.98122022	343.163132	35	19.3739612	8.73599780	272.999931
3	14:00:52	8.90	95.380	30.330	37321.000	9.000	95.414345	19.9893052	200.189637	150.154991	11.00067401	343.771063	35	19.3739612	8.75147406	273.483565
3	14:01:07	9.15	95.360	30.330	37350.000	9.000	95.414345	19.9893052	200.189637	150.154991	11.00067401	343.771063	35	19.3739612	8.75147406	273.483565
3	14:01:22	9.39	95.440	30.320	37346.000	9.000	95.498845	20.0070080	200.366927	150.287970	11.01041633	344.075510	35	19.3739612	8.75922447	273.725765
3	14:01:37	9.65	95.180	30.350	37351.000	9.000	95.245612	19.9539558	199.835618	149.889454	10.98122022	343.163132	35	19.3739612	8.73599780	272.999931
3	14:01:52	9.89	95.350	30.330	37341.000	9.000	95.414345	19.9893052	200.189637	150.154991	11.00067401	343.771063	35	19.3739612	8.75147406	273.483565
3	14:02:07	10.14	95.110	30.360	37339.000	9.000	95.161379	19.9363090	199.658889	149.756896	10.97150871	342.859647	35	19.3739612	8.72827190	272.758497
3	14:02:22	10.40	95.340	30.330	37328.000	9.000	95.414345	19.9893052	200.189637	150.154991	11.00067401	343.771063	35	19.3739612	8.75147406	273.483565
3	14:02:37	10.65	95.220	30.350	37318.000	9.000	95.245612	19.9539558	199.835618	149.889454	10.98122022	343.163132	35	19.3739612	8.73599780	272.999931
3	14:02:52	10.90	95.510	30.310	37307.000	9.000	95.583434	20.0247294	200.544405	150.421089	11.02016894	344.380279	35	19.3739612	8.76698306	273.968221
3	14:03:07	11.15	95.230	30.350	37334.000	9.000	95.245612	19.9539558	199.835618	149.889454	10.98122022	343.163132	35	19.3739612	8.73599780	272.999931
3	14:03:22	11.39	95.580	30.310	37344.000	9.000	95.583434	20.0247294	200.544405	150.421089	11.02016894	344.380279	35	19.3739612	8.76698306	273.968221
3	14:03:37	11.64	95.390	30.330	37344.000	9.000	95.414345	19.9893052	200.189637	150.154991	11.00067401	343.771063	35	19.3739612	8.75147406	273.483565
3	14:03:52	11.89	95.490	30.320	37321.000	9.000	95.498845	20.0070080	200.366927	150.287970	11.01041633	344.075510	35	19.3739612	8.75922447	273.725765
3	14:04:07	12.15	95.570	30.310	37332.000	9.000	95.583434	20.0247294	200.544405	150.421089	11.02016894	344.380279	35	19.3739612	8.76698306	273.968221
3	14:04:22	12.40	95.510	30.310	37322.000	9.000	95.583434	20.0247294	200.544405	150.421089	11.02016894	344.380279	35	19.3739612	8.76698306	273.968221
3	14:04:37	12.64	95.550	30.310	37363.000	9.000	95.583434	20.0247294	200.544405	150.421089	11.02016894	344.380279	35	19.3739612	8.76698306	273.968221
3	14:04:52	12.89	95.730	30.290	37335.000	9.000	95.752881	20.0602286	200.899923	150.687751	11.03970512	344.990785	35	19.3739612	8.78252486	274.453902
3	14:05:07	13.15	95.480	30.320	37338.000	9.000	95.498845	20.0070080	200.366927	150.287970	11.01041633	344.075510	35	19.3739612	8.75922447	273.725765
3	14:05:22	13.40	95.210	30.350	37313.000	9.000	95.245612	19.9539558	199.835618	149.889454	10.98122022	343.163132	35	19.3739612	8.73599780	272.999931
3	14:05:37	13.65	95.430	30.320	37319.000	9.000	95.498845	20.0070080	200.366927	150.287970	11.01041633	344.075510	35	19.3739612	8.75922447	273.725765
3	14:05:52	13.89	95.480	30.320	37296.000	9.000	95.498845	20.0070080	200.366927	150.287970	11.01041633	344.075510	35	19.3739612	8.75922447	273.725765
3	14:06:07	14.15	95.700	30.290	37314.000	9.000	95.752881	20.0602286	200.899923	150.687751	11.03970512	344.990785	35	19.3739612	8.78252486	274.453902
3	14:06:22	14.40	95.620	30.300	37330.000	9.000	95.668113	20.0424696	200.722070	150.554350	11.02993187	344.685371	35	19.3739612	8.77474985	274.210933
3	14:06:37	14.64	95.450	30.320	37313.000	9.000	95.498845	20.0070080	200.366927	150.287970	11.01041633	344.075510	35	19.3739612	8.75922447	273.725765
3	14:06:52	14.89	95.380	30.330	37343.000	9.000	95.414345	19.9893052	200.189637	150.154991	11.00067401	343.771063	35	19.3739612	8.75147406	273.483565
3	14:07:07	15.15	95.350	30.330	37316.000	9.000	95.414345	19.9893052	200.189637	150.154991	11.00067401	343.771063	35	19.3739612	8.75147406	273.483565
3	14:07:22	15.40	95.380	30.330	37306.000	9.000	95.414345	19.9893052	200.189637	150.154991	11.00067401	343.771063	35	19.3739612	8.75147406	273.483565
3	14:07:37	15.65	95.370	30.330	37325.000	9.000	95.414345	19.9893052	200.189637	150.154991	11.00067401	343.771063	35	19.3739612	8.75147406	273.483565
3	14:07:52	15.89	95.540	30.310	37330.000	9.000	95.583434	20.0247294	200.544405	150.421089	11.02016894	344.380279	35	19.3739612	8.76698306	273.968221
3	14:08:07	16.14	95.600	30.300	37307.000	9.000	95.668113	20.0424696	200.722070	150.554350	11.02993187	344.685371	35	19.3739612	8.77474985	274.210933
3	14:08:22	16.40	95.470	30.320	37293.000	9.000	95.498845	20.0070080	200.366927	150.287970	11.01041633	344.075510	35	19.3739612	8.75922447	273.725765
3	14:08:37	16.64	95.300	30.340	37305.000	9.000	95.329934	19.9716212	200.012534	150.022153	10.99094198	343.466937	35	19.3739612	8.74373185	273.241620
3	14:08:52	16.90	95.540	30.310	37351.000	9.000	95.583434	20.0247294	200.544405	150.421089	11.02016894	344.380279	35	19.3739612	8.76698306	273.968221
3	14:09:07	17.15	95.640	30.300	37309.000	9.000	95.668113	20.0424696	200.722070	150.554350	11.02993187	344.685371	35	19.3739612	8.77474985	274.210933
3	14:09:22	17.39	95.340	30.330	37319.000	9.000	95.414345	19.9893052	200.189637	150.154991	11.00067401	343.771063	35	19.3739612	8.75147406	273.483565
3	14:09:37	17.64	94.980	30.380	37354.000	9.000	94.993180	19.9010713	199.305988	149.492198	10.95211640	342.253637	35	19.3739612	8.71284455	272.276392
3	14:09:52	17.89	95.200	30.350	37317.000	9.000	95.245612	19.9539558	199.835618	149.889454	10.98122022	343.163132	35	19.3739612	8.73599780	272.999931
3	14:10:07	18.14	95.470	30.320	37321.000	9.000	95.498845	20.0070080	200.366927	150.287970	11.01041633	344.075510	35	19.3739612	8.75922447	273.725765
3	14:10:22	18.39	95.180	30.350	37336.000	9.000	95.245612	19.9539558	199.835618	149.889454	10.98122022	343.163132	35	19.3739612	8.73599780	272.999931
3	14:10:37	18.65	95.160	30.360	37333.000	9.000	95.161379	19.9363090	199.658889	149.756896	10.97150871	342.859647	35	19.3739612	8.72827190	272.758497
3	14:10:52	18.90	95.380	30.330	37337.000	9.000	95.414345	19.9893052	200.189637	150.154991	11.00067401	343.771063	35	19.3739612	8.75147406	273.483565
3	14:11:07	19.15	95.560	30.310	37312.000	9.000	95.583434	20.0247294	200.544405	150.421089	11.02016894	344.380279	35	19.3739612	8.76698306	273.968221
