Chamber	Time/hh:mm:ss	Logtime/min	Oxy/% air sat.	Phase/°	Amp	Temp/°C	% air-sat.	% oxygen	pO2 (hPa)	pO2 (Torr)	cO2 [mg/L]	cO2 [µmol/L]	Salinity	chlorinity	SalCorcO2 [mg/L]	SalCorcO2 [µmol/L]
6	8:44:56	0.00	97.390	28.330	37781.000	18.000	97.425734	20.4106912	202.536598	151.915361	9.18682276	287.088211	35	19.3739612	7.46331634	233.228636
6	8:44:57	0.02	97.490	28.320	37776.000	18.000	97.515491	20.4294954	202.723193	152.055319	9.19528651	287.352704	35	19.3739612	7.47019223	233.443507
6	8:45:10	0.23	97.250	28.340	37807.000	18.000	97.336077	20.3919081	202.350212	151.775560	9.17836853	286.824017	35	19.3739612	7.45644817	233.014005
6	8:45:25	0.48	96.990	28.370	37785.000	18.000	97.067712	20.3356856	201.792312	151.357099	9.15306284	286.033214	35	19.3739612	7.43588999	232.371562
6	8:45:40	0.73	97.400	28.330	37787.000	18.000	97.425734	20.4106912	202.536598	151.915361	9.18682276	287.088211	35	19.3739612	7.46331634	233.228636
6	8:45:55	0.98	96.800	28.390	37789.000	18.000	96.889304	20.2983091	201.421423	151.078909	9.13623975	285.507492	35	19.3739612	7.42222302	231.944469
6	8:46:10	1.23	96.940	28.380	37813.000	18.000	96.978457	20.3169868	201.606763	151.217926	9.14464657	285.770205	35	19.3739612	7.42905266	232.157896
6	8:46:25	1.48	97.220	28.350	37768.000	18.000	97.246521	20.3731462	202.164036	151.635916	9.16992381	286.560119	35	19.3739612	7.44958774	232.799617
6	8:46:40	1.73	96.700	28.410	37805.000	18.000	96.711296	20.2610165	201.051366	150.801343	9.11945441	284.982950	35	19.3739612	7.40858672	231.518335
6	8:46:55	1.98	97.450	28.320	37770.000	18.000	97.515491	20.4294954	202.723193	152.055319	9.19528651	287.352704	35	19.3739612	7.47019223	233.443507
6	8:47:10	2.23	97.430	28.320	37758.000	18.000	97.515491	20.4294954	202.723193	152.055319	9.19528651	287.352704	35	19.3739612	7.47019223	233.443507
6	8:47:25	2.48	96.810	28.390	37746.000	18.000	96.889304	20.2983091	201.421423	151.078909	9.13623975	285.507492	35	19.3739612	7.42222302	231.944469
6	8:47:40	2.73	96.780	28.400	37786.000	18.000	96.800250	20.2796523	201.236291	150.940048	9.12784237	285.245074	35	19.3739612	7.41540104	231.731282
6	8:47:55	2.98	97.130	28.360	37777.000	18.000	97.157066	20.3544053	201.978070	151.496429	9.16148859	286.296518	35	19.3739612	7.44273501	232.585469
6	8:48:10	3.23	97.230	28.350	37760.000	18.000	97.246521	20.3731462	202.164036	151.635916	9.16992381	286.560119	35	19.3739612	7.44958774	232.799617
6	8:48:25	3.48	96.690	28.410	37778.000	18.000	96.711296	20.2610165	201.051366	150.801343	9.11945441	284.982950	35	19.3739612	7.40858672	231.518335
6	8:48:40	3.73	97.300	28.340	37782.000	18.000	97.336077	20.3919081	202.350212	151.775560	9.17836853	286.824017	35	19.3739612	7.45644817	233.014005
6	8:48:55	3.98	97.440	28.320	37743.000	18.000	97.515491	20.4294954	202.723193	152.055319	9.19528651	287.352704	35	19.3739612	7.47019223	233.443507
6	8:49:10	4.23	96.960	28.380	37773.000	18.000	96.978457	20.3169868	201.606763	151.217926	9.14464657	285.770205	35	19.3739612	7.42905266	232.157896
6	8:49:25	4.48	96.680	28.410	37768.000	18.000	96.711296	20.2610165	201.051366	150.801343	9.11945441	284.982950	35	19.3739612	7.40858672	231.518335
6	8:49:40	4.73	96.990	28.370	37776.000	18.000	97.067712	20.3356856	201.792312	151.357099	9.15306284	286.033214	35	19.3739612	7.43588999	232.371562
6	8:49:55	4.98	96.960	28.380	37829.000	18.000	96.978457	20.3169868	201.606763	151.217926	9.14464657	285.770205	35	19.3739612	7.42905266	232.157896
6	8:50:10	5.23	96.500	28.430	37747.000	18.000	96.533688	20.2238076	200.682140	150.524400	9.10270674	284.459586	35	19.3739612	7.39498101	231.093157
6	8:50:25	5.48	96.690	28.410	37801.000	18.000	96.711296	20.2610165	201.051366	150.801343	9.11945441	284.982950	35	19.3739612	7.40858672	231.518335
6	8:50:40	5.73	96.490	28.430	37770.000	18.000	96.533688	20.2238076	200.682140	150.524400	9.10270674	284.459586	35	19.3739612	7.39498101	231.093157
6	8:50:55	5.98	97.120	28.360	37743.000	18.000	97.157066	20.3544053	201.978070	151.496429	9.16148859	286.296518	35	19.3739612	7.44273501	232.585469
6	8:51:10	6.23	97.040	28.370	37777.000	18.000	97.067712	20.3356856	201.792312	151.357099	9.15306284	286.033214	35	19.3739612	7.43588999	232.371562
6	8:51:25	6.48	97.190	28.350	37766.000	18.000	97.246521	20.3731462	202.164036	151.635916	9.16992381	286.560119	35	19.3739612	7.44958774	232.799617
6	8:51:40	6.73	96.600	28.420	37748.000	18.000	96.622442	20.2424016	200.866649	150.662793	9.11107588	284.721121	35	19.3739612	7.40178005	231.305627
6	8:51:55	6.98	96.340	28.450	37782.000	18.000	96.356478	20.1866821	200.313741	150.248077	9.08599661	283.937394	35	19.3739612	7.38140581	230.668932
6	8:52:10	7.23	96.560	28.420	37776.000	18.000	96.622442	20.2424016	200.866649	150.662793	9.11107588	284.721121	35	19.3739612	7.40178005	231.305627
6	8:52:25	7.48	97.200	28.350	37764.000	18.000	97.246521	20.3731462	202.164036	151.635916	9.16992381	286.560119	35	19.3739612	7.44958774	232.799617
6	8:52:40	7.73	96.990	28.370	37820.000	18.000	97.067712	20.3356856	201.792312	151.357099	9.15306284	286.033214	35	19.3739612	7.43588999	232.371562
6	8:52:55	7.98	96.890	28.380	37823.000	18.000	96.978457	20.3169868	201.606763	151.217926	9.14464657	285.770205	35	19.3739612	7.42905266	232.157896
6	8:53:10	8.23	97.450	28.320	37763.000	18.000	97.515491	20.4294954	202.723193	152.055319	9.19528651	287.352704	35	19.3739612	7.47019223	233.443507
6	8:53:25	8.48	96.880	28.390	37770.000	18.000	96.889304	20.2983091	201.421423	151.078909	9.13623975	285.507492	35	19.3739612	7.42222302	231.944469
6	8:53:40	8.73	97.120	28.360	37784.000	18.000	97.157066	20.3544053	201.978070	151.496429	9.16148859	286.296518	35	19.3739612	7.44273501	232.585469
6	8:53:55	8.98	97.380	28.330	37789.000	18.000	97.425734	20.4106912	202.536598	151.915361	9.18682276	287.088211	35	19.3739612	7.46331634	233.228636
6	8:54:10	9.23	97.190	28.350	37788.000	18.000	97.246521	20.3731462	202.164036	151.635916	9.16992381	286.560119	35	19.3739612	7.44958774	232.799617
6	8:54:25	9.48	97.610	28.300	37704.000	18.000	97.695310	20.4671674	203.097015	152.335710	9.21224264	287.882583	35	19.3739612	7.48396729	233.873978
6	8:54:40	9.73	96.980	28.370	37727.000	18.000	97.067712	20.3356856	201.792312	151.357099	9.15306284	286.033214	35	19.3739612	7.43588999	232.371562
6	8:54:55	9.98	95.890	28.500	37810.000	18.000	95.915188	20.0942318	199.396351	149.559976	9.04438485	282.637026	35	19.3739612	7.34760068	229.612521
6	8:55:10	10.23	97.370	28.330	37736.000	18.000	97.425734	20.4106912	202.536598	151.915361	9.18682276	287.088211	35	19.3739612	7.46331634	233.228636
6	8:55:25	10.48	96.190	28.460	37774.000	18.000	96.268022	20.1681506	200.129852	150.110148	9.07765559	283.676737	35	19.3739612	7.37462962	230.457176
6	8:55:40	10.73	96.050	28.480	37674.000	18.000	96.091407	20.1311498	199.762690	149.834754	9.06100158	283.156299	35	19.3739612	7.36110001	230.034375
6	8:55:55	10.98	96.940	28.380	37816.000	18.000	96.978457	20.3169868	201.606763	151.217926	9.14464657	285.770205	35	19.3739612	7.42905266	232.157896
6	8:56:10	11.23	96.770	28.400	37759.000	18.000	96.800250	20.2796523	201.236291	150.940048	9.12784237	285.245074	35	19.3739612	7.41540104	231.731282
6	8:56:25	11.48	96.600	28.420	37750.000	18.000	96.622442	20.2424016	200.866649	150.662793	9.11107588	284.721121	35	19.3739612	7.40178005	231.305627
6	8:56:40	11.73	96.720	28.400	37744.000	18.000	96.800250	20.2796523	201.236291	150.940048	9.12784237	285.245074	35	19.3739612	7.41540104	231.731282
6	8:56:55	11.98	96.770	28.400	37798.000	18.000	96.800250	20.2796523	201.236291	150.940048	9.12784237	285.245074	35	19.3739612	7.41540104	231.731282
6	8:57:10	12.23	96.410	28.440	37763.000	18.000	96.445033	20.2052345	200.497837	150.386161	9.09434699	284.198343	35	19.3739612	7.38818961	230.880925
6	8:57:25	12.48	96.810	28.390	37730.000	18.000	96.889304	20.2983091	201.421423	151.078909	9.13623975	285.507492	35	19.3739612	7.42222302	231.944469
6	8:57:40	12.73	96.820	28.390	37791.000	18.000	96.889304	20.2983091	201.421423	151.078909	9.13623975	285.507492	35	19.3739612	7.42222302	231.944469
6	8:57:55	12.98	96.900	28.380	37775.000	18.000	96.978457	20.3169868	201.606763	151.217926	9.14464657	285.770205	35	19.3739612	7.42905266	232.157896
6	8:58:10	13.23	96.040	28.480	37762.000	18.000	96.091407	20.1311498	199.762690	149.834754	9.06100158	283.156299	35	19.3739612	7.36110001	230.034375
6	8:58:25	13.48	97.040	28.370	37723.000	18.000	97.067712	20.3356856	201.792312	151.357099	9.15306284	286.033214	35	19.3739612	7.43588999	232.371562
6	8:58:40	13.73	96.850	28.390	37765.000	18.000	96.889304	20.2983091	201.421423	151.078909	9.13623975	285.507492	35	19.3739612	7.42222302	231.944469
6	8:58:55	13.98	96.990	28.370	37758.000	18.000	97.067712	20.3356856	201.792312	151.357099	9.15306284	286.033214	35	19.3739612	7.43588999	232.371562
6	8:59:10	14.23	96.600	28.420	37738.000	18.000	96.622442	20.2424016	200.866649	150.662793	9.11107588	284.721121	35	19.3739612	7.40178005	231.305627
6	8:59:25	14.48	96.320	28.450	37776.000	18.000	96.356478	20.1866821	200.313741	150.248077	9.08599661	283.937394	35	19.3739612	7.38140581	230.668932
6	8:59:40	14.73	96.210	28.460	37767.000	18.000	96.268022	20.1681506	200.129852	150.110148	9.07765559	283.676737	35	19.3739612	7.37462962	230.457176
6	8:59:55	14.98	96.350	28.450	37805.000	18.000	96.356478	20.1866821	200.313741	150.248077	9.08599661	283.937394	35	19.3739612	7.38140581	230.668932
6	9:00:10	15.23	96.740	28.400	37778.000	18.000	96.800250	20.2796523	201.236291	150.940048	9.12784237	285.245074	35	19.3739612	7.41540104	231.731282
6	9:00:25	15.48	96.860	28.390	37782.000	18.000	96.889304	20.2983091	201.421423	151.078909	9.13623975	285.507492	35	19.3739612	7.42222302	231.944469
6	9:00:40	15.73	96.530	28.430	37767.000	18.000	96.533688	20.2238076	200.682140	150.524400	9.10270674	284.459586	35	19.3739612	7.39498101	231.093157
6	9:00:55	15.98	96.070	28.480	37785.000	18.000	96.091407	20.1311498	199.762690	149.834754	9.06100158	283.156299	35	19.3739612	7.36110001	230.034375
6	9:01:10	16.23	96.600	28.420	37756.000	18.000	96.622442	20.2424016	200.866649	150.662793	9.11107588	284.721121	35	19.3739612	7.40178005	231.305627
6	9:01:25	16.48	96.920	28.380	37799.000	18.000	96.978457	20.3169868	201.606763	151.217926	9.14464657	285.770205	35	19.3739612	7.42905266	232.157896
6	9:01:40	16.73	96.720	28.400	37810.000	18.000	96.800250	20.2796523	201.236291	150.940048	9.12784237	285.245074	35	19.3739612	7.41540104	231.731282
6	9:01:55	16.98	96.320	28.450	37827.000	18.000	96.356478	20.1866821	200.313741	150.248077	9.08599661	283.937394	35	19.3739612	7.38140581	230.668932
6	9:02:10	17.23	96.260	28.460	37801.000	18.000	96.268022	20.1681506	200.129852	150.110148	9.07765559	283.676737	35	19.3739612	7.37462962	230.457176
6	9:02:25	17.48	96.230	28.460	37778.000	18.000	96.268022	20.1681506	200.129852	150.110148	9.07765559	283.676737	35	19.3739612	7.37462962	230.457176
6	9:02:40	17.73	96.450	28.430	37775.000	18.000	96.533688	20.2238076	200.682140	150.524400	9.10270674	284.459586	35	19.3739612	7.39498101	231.093157
6	9:02:55	17.98	96.350	28.450	37823.000	18.000	96.356478	20.1866821	200.313741	150.248077	9.08599661	283.937394	35	19.3739612	7.38140581	230.668932
6	9:03:10	18.23	96.370	28.440	37758.000	18.000	96.445033	20.2052345	200.497837	150.386161	9.09434699	284.198343	35	19.3739612	7.38818961	230.880925
6	9:03:25	18.48	96.020	28.480	37769.000	18.000	96.091407	20.1311498	199.762690	149.834754	9.06100158	283.156299	35	19.3739612	7.36110001	230.034375
6	9:03:40	18.73	96.400	28.440	37808.000	18.000	96.445033	20.2052345	200.497837	150.386161	9.09434699	284.198343	35	19.3739612	7.38818961	230.880925
6	9:03:55	18.98	96.700	28.410	37811.000	18.000	96.711296	20.2610165	201.051366	150.801343	9.11945441	284.982950	35	19.3739612	7.40858672	231.518335
6	9:04:10	19.23	96.290	28.450	37858.000	18.000	96.356478	20.1866821	200.313741	150.248077	9.08599661	283.937394	35	19.3739612	7.38140581	230.668932
6	9:04:25	19.48	96.250	28.460	37777.000	18.000	96.268022	20.1681506	200.129852	150.110148	9.07765559	283.676737	35	19.3739612	7.37462962	230.457176
6	9:04:40	19.73	96.000	28.490	37805.000	18.000	96.003248	20.1126805	199.579418	149.697288	9.05268856	282.896518	35	19.3739612	7.35434657	229.823330
6	9:04:55	19.98	96.420	28.440	37773.000	18.000	96.445033	20.2052345	200.497837	150.386161	9.09434699	284.198343	35	19.3739612	7.38818961	230.880925
6	9:05:10	20.23	96.020	28.480	37860.000	18.000	96.091407	20.1311498	199.762690	149.834754	9.06100158	283.156299	35	19.3739612	7.36110001	230.034375
6	9:05:25	20.48	96.800	28.390	37848.000	18.000	96.889304	20.2983091	201.421423	151.078909	9.13623975	285.507492	35	19.3739612	7.42222302	231.944469
6	9:05:40	20.73	95.860	28.500	37809.000	18.000	95.915188	20.0942318	199.396351	149.559976	9.04438485	282.637026	35	19.3739612	7.34760068	229.612521
6	9:05:55	20.98	96.480	28.430	37844.000	18.000	96.533688	20.2238076	200.682140	150.524400	9.10270674	284.459586	35	19.3739612	7.39498101	231.093157
6	9:06:10	21.23	95.580	28.530	37826.000	18.000	95.651597	20.0390096	198.848377	149.148961	9.01952941	281.860294	35	19.3739612	7.32740829	228.981509
6	9:06:25	21.48	95.770	28.510	37836.000	18.000	95.827226	20.0758038	199.213488	149.422817	9.03609043	282.377826	35	19.3739612	7.34086235	229.401948
6	9:06:40	21.73	95.870	28.500	37801.000	18.000	95.915188	20.0942318	199.396351	149.559976	9.04438485	282.637026	35	19.3739612	7.34760068	229.612521
