Chamber	Time/hh:mm:ss	Logtime/min	Oxy/% air sat.	Phase/°	Amp	Temp/°C	% air-sat.	% oxygen	pO2 (hPa)	pO2 (Torr)	cO2 [mg/L]	cO2 [µmol/L]	Salinity	chlorinity	SalCorcO2 [mg/L]	SalCorcO2 [µmol/L]
5	8:44:55	0.00	94.900	28.610	44689.000	18.000	94.952997	19.8926528	197.396069	148.059637	8.95365442	279.801701	35	19.3739612	7.27389186	227.309121
5	8:44:56	0.02	94.510	28.660	44646.000	18.000	94.519529	19.8018412	196.494940	147.383733	8.91278027	278.524383	35	19.3739612	7.24068596	226.271436
5	8:45:08	0.23	94.650	28.640	44691.000	18.000	94.692626	19.8381051	196.854789	147.653642	8.92910259	279.034456	35	19.3739612	7.25394611	226.685816
5	8:45:23	0.48	94.820	28.620	44691.000	18.000	94.866109	19.8744499	197.215441	147.924154	8.94546135	279.545667	35	19.3739612	7.26723586	227.101121
5	8:45:38	0.73	94.830	28.620	44752.000	18.000	94.866109	19.8744499	197.215441	147.924154	8.94546135	279.545667	35	19.3739612	7.26723586	227.101121
5	8:45:53	0.98	94.760	28.630	44752.000	18.000	94.779319	19.8562674	197.035015	147.788823	8.93727741	279.289919	35	19.3739612	7.26058728	226.893352
5	8:46:08	1.23	94.860	28.620	44816.000	18.000	94.866109	19.8744499	197.215441	147.924154	8.94546135	279.545667	35	19.3739612	7.26723586	227.101121
5	8:46:23	1.48	94.640	28.640	44827.000	18.000	94.692626	19.8381051	196.854789	147.653642	8.92910259	279.034456	35	19.3739612	7.25394611	226.685816
5	8:46:38	1.73	94.990	28.600	44823.000	18.000	95.039981	19.9108759	197.576899	148.195271	8.96185664	280.058020	35	19.3739612	7.28055529	227.517353
5	8:46:53	1.98	94.940	28.610	44879.000	18.000	94.952997	19.8926528	197.396069	148.059637	8.95365442	279.801701	35	19.3739612	7.27389186	227.309121
5	8:47:09	2.23	94.780	28.620	44906.000	18.000	94.866109	19.8744499	197.215441	147.924154	8.94546135	279.545667	35	19.3739612	7.26723586	227.101121
5	8:47:23	2.48	94.770	28.630	44904.000	18.000	94.779319	19.8562674	197.035015	147.788823	8.93727741	279.289919	35	19.3739612	7.26058728	226.893352
5	8:47:38	2.73	94.610	28.640	44981.000	18.000	94.692626	19.8381051	196.854789	147.653642	8.92910259	279.034456	35	19.3739612	7.25394611	226.685816
5	8:47:53	2.98	94.610	28.640	44965.000	18.000	94.692626	19.8381051	196.854789	147.653642	8.92910259	279.034456	35	19.3739612	7.25394611	226.685816
5	8:48:08	3.23	94.610	28.640	45033.000	18.000	94.692626	19.8381051	196.854789	147.653642	8.92910259	279.034456	35	19.3739612	7.25394611	226.685816
5	8:48:24	3.48	94.600	28.650	45028.000	18.000	94.606029	19.8199631	196.674764	147.518612	8.92093688	278.779278	35	19.3739612	7.24731234	226.478511
5	8:48:38	3.73	94.570	28.650	45053.000	18.000	94.606029	19.8199631	196.674764	147.518612	8.92093688	278.779278	35	19.3739612	7.24731234	226.478511
5	8:48:53	3.98	94.680	28.640	45073.000	18.000	94.692626	19.8381051	196.854789	147.653642	8.92910259	279.034456	35	19.3739612	7.25394611	226.685816
5	8:49:08	4.23	94.450	28.660	45107.000	18.000	94.519529	19.8018412	196.494940	147.383733	8.91278027	278.524383	35	19.3739612	7.24068596	226.271436
5	8:49:24	4.48	94.670	28.640	45146.000	18.000	94.692626	19.8381051	196.854789	147.653642	8.92910259	279.034456	35	19.3739612	7.25394611	226.685816
5	8:49:38	4.73	94.430	28.670	45153.000	18.000	94.433124	19.7837396	196.315316	147.249003	8.90463274	278.269773	35	19.3739612	7.23406696	226.064592
5	8:49:53	4.98	94.640	28.640	45203.000	18.000	94.692626	19.8381051	196.854789	147.653642	8.92910259	279.034456	35	19.3739612	7.25394611	226.685816
5	8:50:08	5.23	94.730	28.630	45197.000	18.000	94.779319	19.8562674	197.035015	147.788823	8.93727741	279.289919	35	19.3739612	7.26058728	226.893352
5	8:50:23	5.48	94.380	28.670	45240.000	18.000	94.433124	19.7837396	196.315316	147.249003	8.90463274	278.269773	35	19.3739612	7.23406696	226.064592
5	8:50:38	5.73	94.590	28.650	45268.000	18.000	94.606029	19.8199631	196.674764	147.518612	8.92093688	278.779278	35	19.3739612	7.24731234	226.478511
5	8:50:53	5.98	94.640	28.640	45259.000	18.000	94.692626	19.8381051	196.854789	147.653642	8.92910259	279.034456	35	19.3739612	7.25394611	226.685816
5	8:51:08	6.23	94.660	28.640	45352.000	18.000	94.692626	19.8381051	196.854789	147.653642	8.92910259	279.034456	35	19.3739612	7.25394611	226.685816
5	8:51:23	6.48	94.660	28.640	45365.000	18.000	94.692626	19.8381051	196.854789	147.653642	8.92910259	279.034456	35	19.3739612	7.25394611	226.685816
5	8:51:38	6.73	94.470	28.660	45392.000	18.000	94.519529	19.8018412	196.494940	147.383733	8.91278027	278.524383	35	19.3739612	7.24068596	226.271436
5	8:51:53	6.98	94.600	28.650	45379.000	18.000	94.606029	19.8199631	196.674764	147.518612	8.92093688	278.779278	35	19.3739612	7.24731234	226.478511
5	8:52:08	7.23	94.810	28.620	45423.000	18.000	94.866109	19.8744499	197.215441	147.924154	8.94546135	279.545667	35	19.3739612	7.26723586	227.101121
5	8:52:24	7.48	94.570	28.650	45452.000	18.000	94.606029	19.8199631	196.674764	147.518612	8.92093688	278.779278	35	19.3739612	7.24731234	226.478511
5	8:52:38	7.73	94.830	28.620	45462.000	18.000	94.866109	19.8744499	197.215441	147.924154	8.94546135	279.545667	35	19.3739612	7.26723586	227.101121
5	8:52:53	7.98	94.450	28.660	45507.000	18.000	94.519529	19.8018412	196.494940	147.383733	8.91278027	278.524383	35	19.3739612	7.24068596	226.271436
5	8:53:08	8.23	94.350	28.670	45520.000	18.000	94.433124	19.7837396	196.315316	147.249003	8.90463274	278.269773	35	19.3739612	7.23406696	226.064592
5	8:53:24	8.48	94.310	28.680	45534.000	18.000	94.346816	19.7656580	196.135892	147.114424	8.89649427	278.015446	35	19.3739612	7.22745532	225.857979
5	8:53:38	8.73	94.570	28.650	45551.000	18.000	94.606029	19.8199631	196.674764	147.518612	8.92093688	278.779278	35	19.3739612	7.24731234	226.478511
5	8:53:53	8.98	94.420	28.670	45567.000	18.000	94.433124	19.7837396	196.315316	147.249003	8.90463274	278.269773	35	19.3739612	7.23406696	226.064592
5	8:54:09	9.23	94.260	28.680	45603.000	18.000	94.346816	19.7656580	196.135892	147.114424	8.89649427	278.015446	35	19.3739612	7.22745532	225.857979
5	8:54:23	9.48	94.200	28.690	45620.000	18.000	94.260605	19.7475967	195.956668	146.979994	8.88836487	277.761402	35	19.3739612	7.22085104	225.651595
5	8:54:38	9.73	94.470	28.660	45687.000	18.000	94.519529	19.8018412	196.494940	147.383733	8.91278027	278.524383	35	19.3739612	7.24068596	226.271436
5	8:54:53	9.98	94.510	28.660	45674.000	18.000	94.519529	19.8018412	196.494940	147.383733	8.91278027	278.524383	35	19.3739612	7.24068596	226.271436
5	8:55:08	10.23	94.450	28.660	45705.000	18.000	94.519529	19.8018412	196.494940	147.383733	8.91278027	278.524383	35	19.3739612	7.24068596	226.271436
5	8:55:23	10.48	94.180	28.690	45710.000	18.000	94.260605	19.7475967	195.956668	146.979994	8.88836487	277.761402	35	19.3739612	7.22085104	225.651595
5	8:55:38	10.73	94.290	28.680	45744.000	18.000	94.346816	19.7656580	196.135892	147.114424	8.89649427	278.015446	35	19.3739612	7.22745532	225.857979
5	8:55:53	10.98	94.290	28.680	45772.000	18.000	94.346816	19.7656580	196.135892	147.114424	8.89649427	278.015446	35	19.3739612	7.22745532	225.857979
5	8:56:08	11.23	94.320	28.680	45815.000	18.000	94.346816	19.7656580	196.135892	147.114424	8.89649427	278.015446	35	19.3739612	7.22745532	225.857979
5	8:56:23	11.48	94.430	28.670	45823.000	18.000	94.433124	19.7837396	196.315316	147.249003	8.90463274	278.269773	35	19.3739612	7.23406696	226.064592
5	8:56:38	11.73	94.040	28.710	45838.000	18.000	94.088468	19.7115341	195.598817	146.711583	8.87213317	277.254162	35	19.3739612	7.20766452	225.239516
5	8:56:53	11.98	94.180	28.690	45844.000	18.000	94.260605	19.7475967	195.956668	146.979994	8.88836487	277.761402	35	19.3739612	7.22085104	225.651595
5	8:57:09	12.23	94.330	28.680	45868.000	18.000	94.346816	19.7656580	196.135892	147.114424	8.89649427	278.015446	35	19.3739612	7.22745532	225.857979
5	8:57:23	12.48	94.180	28.690	45872.000	18.000	94.260605	19.7475967	195.956668	146.979994	8.88836487	277.761402	35	19.3739612	7.22085104	225.651595
5	8:57:38	12.73	94.380	28.670	45895.000	18.000	94.433124	19.7837396	196.315316	147.249003	8.90463274	278.269773	35	19.3739612	7.23406696	226.064592
5	8:57:53	12.98	94.150	28.700	45934.000	18.000	94.174489	19.7295554	195.777643	146.845714	8.88024450	277.507641	35	19.3739612	7.21425411	225.445441
5	8:58:08	13.23	94.290	28.680	45951.000	18.000	94.346816	19.7656580	196.135892	147.114424	8.89649427	278.015446	35	19.3739612	7.22745532	225.857979
5	8:58:23	13.48	94.220	28.690	45985.000	18.000	94.260605	19.7475967	195.956668	146.979994	8.88836487	277.761402	35	19.3739612	7.22085104	225.651595
5	8:58:38	13.73	93.980	28.720	45935.000	18.000	94.002544	19.6935329	195.420190	146.577602	8.86403086	277.000964	35	19.3739612	7.20108225	225.033820
5	8:58:53	13.98	93.890	28.730	46013.000	18.000	93.916715	19.6755517	195.241761	146.443769	8.85593755	276.748048	35	19.3739612	7.19450729	224.828353
5	8:59:09	14.23	94.120	28.700	46012.000	18.000	94.174489	19.7295554	195.777643	146.845714	8.88024450	277.507641	35	19.3739612	7.21425411	225.445441
5	8:59:23	14.48	94.290	28.680	46029.000	18.000	94.346816	19.7656580	196.135892	147.114424	8.89649427	278.015446	35	19.3739612	7.22745532	225.857979
5	8:59:38	14.73	94.070	28.710	46045.000	18.000	94.088468	19.7115341	195.598817	146.711583	8.87213317	277.254162	35	19.3739612	7.20766452	225.239516
5	8:59:53	14.98	93.990	28.720	46039.000	18.000	94.002544	19.6935329	195.420190	146.577602	8.86403086	277.000964	35	19.3739612	7.20108225	225.033820
5	9:00:08	15.23	94.140	28.700	46087.000	18.000	94.174489	19.7295554	195.777643	146.845714	8.88024450	277.507641	35	19.3739612	7.21425411	225.445441
5	9:00:23	15.48	94.190	28.690	46106.000	18.000	94.260605	19.7475967	195.956668	146.979994	8.88836487	277.761402	35	19.3739612	7.22085104	225.651595
5	9:00:38	15.73	93.990	28.720	46109.000	18.000	94.002544	19.6935329	195.420190	146.577602	8.86403086	277.000964	35	19.3739612	7.20108225	225.033820
5	9:00:54	15.98	94.400	28.670	46118.000	18.000	94.433124	19.7837396	196.315316	147.249003	8.90463274	278.269773	35	19.3739612	7.23406696	226.064592
5	9:01:08	16.23	94.170	28.700	46137.000	18.000	94.174489	19.7295554	195.777643	146.845714	8.88024450	277.507641	35	19.3739612	7.21425411	225.445441
5	9:01:24	16.48	94.030	28.710	46164.000	18.000	94.088468	19.7115341	195.598817	146.711583	8.87213317	277.254162	35	19.3739612	7.20766452	225.239516
5	9:01:38	16.73	93.980	28.720	46130.000	18.000	94.002544	19.6935329	195.420190	146.577602	8.86403086	277.000964	35	19.3739612	7.20108225	225.033820
5	9:01:54	16.98	94.130	28.700	46181.000	18.000	94.174489	19.7295554	195.777643	146.845714	8.88024450	277.507641	35	19.3739612	7.21425411	225.445441
5	9:02:08	17.23	93.840	28.730	46191.000	18.000	93.916715	19.6755517	195.241761	146.443769	8.85593755	276.748048	35	19.3739612	7.19450729	224.828353
5	9:02:23	17.48	93.890	28.730	46238.000	18.000	93.916715	19.6755517	195.241761	146.443769	8.85593755	276.748048	35	19.3739612	7.19450729	224.828353
5	9:02:38	17.73	93.700	28.750	46243.000	18.000	93.745342	19.6396492	194.885499	146.176549	8.83977789	276.243059	35	19.3739612	7.18137929	224.418103
5	9:02:54	17.98	94.030	28.710	46244.000	18.000	94.088468	19.7115341	195.598817	146.711583	8.87213317	277.254162	35	19.3739612	7.20766452	225.239516
5	9:03:08	18.23	93.840	28.730	46253.000	18.000	93.916715	19.6755517	195.241761	146.443769	8.85593755	276.748048	35	19.3739612	7.19450729	224.828353
5	9:03:23	18.48	93.750	28.740	46282.000	18.000	93.830981	19.6575905	195.063531	146.310085	8.84785323	276.495413	35	19.3739612	7.18793964	224.623114
5	9:03:39	18.73	94.010	28.710	46288.000	18.000	94.088468	19.7115341	195.598817	146.711583	8.87213317	277.254162	35	19.3739612	7.20766452	225.239516
5	9:03:54	18.98	94.070	28.710	46308.000	18.000	94.088468	19.7115341	195.598817	146.711583	8.87213317	277.254162	35	19.3739612	7.20766452	225.239516
5	9:04:09	19.23	93.970	28.720	46302.000	18.000	94.002544	19.6935329	195.420190	146.577602	8.86403086	277.000964	35	19.3739612	7.20108225	225.033820
5	9:04:24	19.48	93.790	28.740	46323.000	18.000	93.830981	19.6575905	195.063531	146.310085	8.84785323	276.495413	35	19.3739612	7.18793964	224.623114
5	9:04:39	19.73	93.870	28.730	46334.000	18.000	93.916715	19.6755517	195.241761	146.443769	8.85593755	276.748048	35	19.3739612	7.19450729	224.828353
5	9:04:53	19.98	93.640	28.760	46376.000	18.000	93.659799	19.6217279	194.707664	146.043162	8.83171151	275.990985	35	19.3739612	7.17482622	224.213319
5	9:05:08	20.23	93.900	28.730	46385.000	18.000	93.916715	19.6755517	195.241761	146.443769	8.85593755	276.748048	35	19.3739612	7.19450729	224.828353
5	9:05:23	20.48	93.760	28.740	46360.000	18.000	93.830981	19.6575905	195.063531	146.310085	8.84785323	276.495413	35	19.3739612	7.18793964	224.623114
5	9:05:38	20.73	93.730	28.750	46349.000	18.000	93.745342	19.6396492	194.885499	146.176549	8.83977789	276.243059	35	19.3739612	7.18137929	224.418103
5	9:05:53	20.98	93.700	28.750	46387.000	18.000	93.745342	19.6396492	194.885499	146.176549	8.83977789	276.243059	35	19.3739612	7.18137929	224.418103
5	9:06:09	21.23	93.660	28.750	46374.000	18.000	93.745342	19.6396492	194.885499	146.176549	8.83977789	276.243059	35	19.3739612	7.18137929	224.418103
5	9:06:24	21.48	93.650	28.760	46434.000	18.000	93.659799	19.6217279	194.707664	146.043162	8.83171151	275.990985	35	19.3739612	7.17482622	224.213319
5	9:06:39	21.73	93.530	28.770	46423.000	18.000	93.574350	19.6038264	194.530027	145.909922	8.82365409	275.739190	35	19.3739612	7.16828042	224.008763
