Chamber	Time/hh:mm:ss	Logtime/min	Oxy/% air sat.	Phase/°	Amp	Temp/°C	% air-sat.	% oxygen	pO2 (hPa)	pO2 (Torr)	cO2 [mg/L]	cO2 [µmol/L]	Salinity	chlorinity	SalCorcO2 [mg/L]	SalCorcO2 [µmol/L]
2	9:20:22	0.00	97.370	28.330	16438.000	18.000	97.425734	20.4106912	202.536598	151.915361	9.18682276	287.088211	35	19.3739612	7.46331634	233.228636
2	9:20:32	0.17	96.910	28.380	16443.000	18.000	96.978457	20.3169868	201.606763	151.217926	9.14464657	285.770205	35	19.3739612	7.42905266	232.157896
2	9:20:47	0.42	96.840	28.390	16446.000	18.000	96.889304	20.2983091	201.421423	151.078909	9.13623975	285.507492	35	19.3739612	7.42222302	231.944469
2	9:21:02	0.67	95.440	28.550	16408.000	18.000	95.476361	20.0022976	198.484082	148.875716	9.00300541	281.343919	35	19.3739612	7.31398429	228.562009
2	9:21:17	0.92	97.320	28.340	16447.000	18.000	97.336077	20.3919081	202.350212	151.775560	9.17836853	286.824017	35	19.3739612	7.45644817	233.014005
2	9:21:32	1.17	95.780	28.510	16421.000	18.000	95.827226	20.0758038	199.213488	149.422817	9.03609043	282.377826	35	19.3739612	7.34086235	229.401948
2	9:21:47	1.42	96.580	28.420	16438.000	18.000	96.622442	20.2424016	200.866649	150.662793	9.11107588	284.721121	35	19.3739612	7.40178005	231.305627
2	9:22:02	1.67	97.300	28.340	16437.000	18.000	97.336077	20.3919081	202.350212	151.775560	9.17836853	286.824017	35	19.3739612	7.45644817	233.014005
2	9:22:17	1.92	96.720	28.400	16432.000	18.000	96.800250	20.2796523	201.236291	150.940048	9.12784237	285.245074	35	19.3739612	7.41540104	231.731282
2	9:22:32	2.17	96.300	28.450	16461.000	18.000	96.356478	20.1866821	200.313741	150.248077	9.08599661	283.937394	35	19.3739612	7.38140581	230.668932
2	9:22:47	2.42	96.740	28.400	16424.000	18.000	96.800250	20.2796523	201.236291	150.940048	9.12784237	285.245074	35	19.3739612	7.41540104	231.731282
2	9:23:02	2.67	97.100	28.360	16414.000	18.000	97.157066	20.3544053	201.978070	151.496429	9.16148859	286.296518	35	19.3739612	7.44273501	232.585469
2	9:23:17	2.92	95.510	28.540	16425.000	18.000	95.563930	20.0206434	198.666128	149.012262	9.01126279	281.601962	35	19.3739612	7.32069254	228.771642
2	9:23:32	3.17	96.160	28.470	16429.000	18.000	96.179665	20.1496398	199.946168	149.972374	9.06932392	283.416372	35	19.3739612	7.36786102	230.245657
2	9:23:47	3.42	96.200	28.460	16448.000	18.000	96.268022	20.1681506	200.129852	150.110148	9.07765559	283.676737	35	19.3739612	7.37462962	230.457176
2	9:24:02	3.67	96.420	28.440	16414.000	18.000	96.445033	20.2052345	200.497837	150.386161	9.09434699	284.198343	35	19.3739612	7.38818961	230.880925
2	9:24:17	3.92	95.910	28.500	16400.000	18.000	95.915188	20.0942318	199.396351	149.559976	9.04438485	282.637026	35	19.3739612	7.34760068	229.612521
2	9:24:33	4.17	96.220	28.460	16432.000	18.000	96.268022	20.1681506	200.129852	150.110148	9.07765559	283.676737	35	19.3739612	7.37462962	230.457176
2	9:24:47	4.42	96.780	28.400	16375.000	18.000	96.800250	20.2796523	201.236291	150.940048	9.12784237	285.245074	35	19.3739612	7.41540104	231.731282
2	9:25:02	4.67	97.430	28.320	16451.000	18.000	97.515491	20.4294954	202.723193	152.055319	9.19528651	287.352704	35	19.3739612	7.47019223	233.443507
2	9:25:17	4.92	96.170	28.470	16410.000	18.000	96.179665	20.1496398	199.946168	149.972374	9.06932392	283.416372	35	19.3739612	7.36786102	230.245657
2	9:25:32	5.17	96.960	28.380	16411.000	18.000	96.978457	20.3169868	201.606763	151.217926	9.14464657	285.770205	35	19.3739612	7.42905266	232.157896
2	9:25:47	5.42	97.440	28.320	16412.000	18.000	97.515491	20.4294954	202.723193	152.055319	9.19528651	287.352704	35	19.3739612	7.47019223	233.443507
2	9:26:02	5.67	97.650	28.300	16378.000	18.000	97.695310	20.4671674	203.097015	152.335710	9.21224264	287.882583	35	19.3739612	7.48396729	233.873978
2	9:26:17	5.92	96.510	28.430	16417.000	18.000	96.533688	20.2238076	200.682140	150.524400	9.10270674	284.459586	35	19.3739612	7.39498101	231.093157
2	9:26:32	6.17	97.160	28.350	16374.000	18.000	97.246521	20.3731462	202.164036	151.635916	9.16992381	286.560119	35	19.3739612	7.44958774	232.799617
2	9:26:47	6.42	97.130	28.360	16396.000	18.000	97.157066	20.3544053	201.978070	151.496429	9.16148859	286.296518	35	19.3739612	7.44273501	232.585469
2	9:27:02	6.67	96.520	28.430	16366.000	18.000	96.533688	20.2238076	200.682140	150.524400	9.10270674	284.459586	35	19.3739612	7.39498101	231.093157
2	9:27:17	6.92	97.190	28.350	16367.000	18.000	97.246521	20.3731462	202.164036	151.635916	9.16992381	286.560119	35	19.3739612	7.44958774	232.799617
2	9:27:32	7.17	96.450	28.430	16411.000	18.000	96.533688	20.2238076	200.682140	150.524400	9.10270674	284.459586	35	19.3739612	7.39498101	231.093157
2	9:27:47	7.42	95.660	28.520	16430.000	18.000	95.739362	20.0573964	199.030831	149.285812	9.02780529	282.118915	35	19.3739612	7.33413155	229.191611
2	9:28:02	7.67	97.130	28.360	16412.000	18.000	97.157066	20.3544053	201.978070	151.496429	9.16148859	286.296518	35	19.3739612	7.44273501	232.585469
2	9:28:17	7.92	96.880	28.390	16410.000	18.000	96.889304	20.2983091	201.421423	151.078909	9.13623975	285.507492	35	19.3739612	7.42222302	231.944469
2	9:28:33	8.17	97.510	28.320	16392.000	18.000	97.515491	20.4294954	202.723193	152.055319	9.19528651	287.352704	35	19.3739612	7.47019223	233.443507
2	9:28:47	8.42	96.600	28.420	16404.000	18.000	96.622442	20.2424016	200.866649	150.662793	9.11107588	284.721121	35	19.3739612	7.40178005	231.305627
2	9:29:02	8.67	95.230	28.570	16442.000	18.000	95.301516	19.9656677	198.120601	148.603082	8.98651832	280.828697	35	19.3739612	7.30059028	228.143446
2	9:29:17	8.92	97.120	28.360	16430.000	18.000	97.157066	20.3544053	201.978070	151.496429	9.16148859	286.296518	35	19.3739612	7.44273501	232.585469
2	9:29:32	9.17	95.730	28.520	16402.000	18.000	95.739362	20.0573964	199.030831	149.285812	9.02780529	282.118915	35	19.3739612	7.33413155	229.191611
2	9:29:47	9.42	96.790	28.400	16430.000	18.000	96.800250	20.2796523	201.236291	150.940048	9.12784237	285.245074	35	19.3739612	7.41540104	231.731282
2	9:30:02	9.67	96.870	28.390	16489.000	18.000	96.889304	20.2983091	201.421423	151.078909	9.13623975	285.507492	35	19.3739612	7.42222302	231.944469
2	9:30:17	9.92	97.680	28.300	16425.000	18.000	97.695310	20.4671674	203.097015	152.335710	9.21224264	287.882583	35	19.3739612	7.48396729	233.873978
2	9:30:32	10.17	96.800	28.400	16451.000	18.000	96.800250	20.2796523	201.236291	150.940048	9.12784237	285.245074	35	19.3739612	7.41540104	231.731282
2	9:30:47	10.42	96.100	28.470	16428.000	18.000	96.179665	20.1496398	199.946168	149.972374	9.06932392	283.416372	35	19.3739612	7.36786102	230.245657
2	9:31:02	10.67	96.020	28.480	16482.000	18.000	96.091407	20.1311498	199.762690	149.834754	9.06100158	283.156299	35	19.3739612	7.36110001	230.034375
2	9:31:17	10.92	96.210	28.460	16469.000	18.000	96.268022	20.1681506	200.129852	150.110148	9.07765559	283.676737	35	19.3739612	7.37462962	230.457176
2	9:31:32	11.17	97.350	28.330	16435.000	18.000	97.425734	20.4106912	202.536598	151.915361	9.18682276	287.088211	35	19.3739612	7.46331634	233.228636
2	9:31:47	11.42	97.380	28.330	16468.000	18.000	97.425734	20.4106912	202.536598	151.915361	9.18682276	287.088211	35	19.3739612	7.46331634	233.228636
2	9:32:02	11.67	95.790	28.510	16441.000	18.000	95.827226	20.0758038	199.213488	149.422817	9.03609043	282.377826	35	19.3739612	7.34086235	229.401948
2	9:32:18	11.92	95.980	28.490	16467.000	18.000	96.003248	20.1126805	199.579418	149.697288	9.05268856	282.896518	35	19.3739612	7.35434657	229.823330
2	9:32:33	12.17	97.200	28.350	16478.000	18.000	97.246521	20.3731462	202.164036	151.635916	9.16992381	286.560119	35	19.3739612	7.44958774	232.799617
2	9:32:48	12.42	96.280	28.450	16475.000	18.000	96.356478	20.1866821	200.313741	150.248077	9.08599661	283.937394	35	19.3739612	7.38140581	230.668932
2	9:33:03	12.68	96.220	28.460	16456.000	18.000	96.268022	20.1681506	200.129852	150.110148	9.07765559	283.676737	35	19.3739612	7.37462962	230.457176
2	9:33:17	12.92	96.380	28.440	16462.000	18.000	96.445033	20.2052345	200.497837	150.386161	9.09434699	284.198343	35	19.3739612	7.38818961	230.880925
2	9:33:32	13.17	96.560	28.420	16450.000	18.000	96.622442	20.2424016	200.866649	150.662793	9.11107588	284.721121	35	19.3739612	7.40178005	231.305627
2	9:33:47	13.42	96.530	28.430	16468.000	18.000	96.533688	20.2238076	200.682140	150.524400	9.10270674	284.459586	35	19.3739612	7.39498101	231.093157
2	9:34:02	13.67	96.060	28.480	16439.000	18.000	96.091407	20.1311498	199.762690	149.834754	9.06100158	283.156299	35	19.3739612	7.36110001	230.034375
2	9:34:18	13.92	97.490	28.320	16438.000	18.000	97.515491	20.4294954	202.723193	152.055319	9.19528651	287.352704	35	19.3739612	7.47019223	233.443507
2	9:34:33	14.17	97.620	28.300	16425.000	18.000	97.695310	20.4671674	203.097015	152.335710	9.21224264	287.882583	35	19.3739612	7.48396729	233.873978
2	9:34:47	14.42	96.100	28.470	16448.000	18.000	96.179665	20.1496398	199.946168	149.972374	9.06932392	283.416372	35	19.3739612	7.36786102	230.245657
2	9:35:02	14.67	95.560	28.540	16459.000	18.000	95.563930	20.0206434	198.666128	149.012262	9.01126279	281.601962	35	19.3739612	7.32069254	228.771642
2	9:35:17	14.92	95.940	28.490	16451.000	18.000	96.003248	20.1126805	199.579418	149.697288	9.05268856	282.896518	35	19.3739612	7.35434657	229.823330
2	9:35:32	15.17	96.270	28.450	16465.000	18.000	96.356478	20.1866821	200.313741	150.248077	9.08599661	283.937394	35	19.3739612	7.38140581	230.668932
2	9:35:47	15.42	97.120	28.360	16484.000	18.000	97.157066	20.3544053	201.978070	151.496429	9.16148859	286.296518	35	19.3739612	7.44273501	232.585469
2	9:36:02	15.67	98.010	28.260	16439.000	18.000	98.056166	20.5427667	203.847192	152.898390	9.24626978	288.945931	35	19.3739612	7.51161071	234.737835
2	9:36:18	15.92	97.120	28.360	16462.000	18.000	97.157066	20.3544053	201.978070	151.496429	9.16148859	286.296518	35	19.3739612	7.44273501	232.585469
2	9:36:33	16.17	96.830	28.390	16433.000	18.000	96.889304	20.2983091	201.421423	151.078909	9.13623975	285.507492	35	19.3739612	7.42222302	231.944469
2	9:36:48	16.42	97.920	28.270	16428.000	18.000	97.965799	20.5238349	203.659330	152.757482	9.23774860	288.679644	35	19.3739612	7.50468816	234.521505
2	9:37:02	16.67	98.090	28.250	16408.000	18.000	98.146634	20.5617199	204.035265	153.039457	9.25480057	289.212518	35	19.3739612	7.51854108	234.954409
2	9:37:17	16.92	96.640	28.410	16432.000	18.000	96.711296	20.2610165	201.051366	150.801343	9.11945441	284.982950	35	19.3739612	7.40858672	231.518335
2	9:37:33	17.17	96.740	28.400	16415.000	18.000	96.800250	20.2796523	201.236291	150.940048	9.12784237	285.245074	35	19.3739612	7.41540104	231.731282
2	9:37:48	17.42	97.840	28.280	16395.000	18.000	97.875534	20.5049245	203.471680	152.616733	9.22923703	288.413657	35	19.3739612	7.49777341	234.305419
2	9:38:02	17.67	97.070	28.360	16405.000	18.000	97.157066	20.3544053	201.978070	151.496429	9.16148859	286.296518	35	19.3739612	7.44273501	232.585469
2	9:38:18	17.92	96.940	28.380	16354.000	18.000	96.978457	20.3169868	201.606763	151.217926	9.14464657	285.770205	35	19.3739612	7.42905266	232.157896
2	9:38:32	18.17	97.510	28.320	16374.000	18.000	97.515491	20.4294954	202.723193	152.055319	9.19528651	287.352704	35	19.3739612	7.47019223	233.443507
2	9:38:47	18.42	96.400	28.440	16389.000	18.000	96.445033	20.2052345	200.497837	150.386161	9.09434699	284.198343	35	19.3739612	7.38818961	230.880925
2	9:39:03	18.68	98.020	28.260	16419.000	18.000	98.056166	20.5427667	203.847192	152.898390	9.24626978	288.945931	35	19.3739612	7.51161071	234.737835
2	9:39:17	18.92	96.790	28.400	16412.000	18.000	96.800250	20.2796523	201.236291	150.940048	9.12784237	285.245074	35	19.3739612	7.41540104	231.731282
2	9:39:32	19.17	96.520	28.430	16421.000	18.000	96.533688	20.2238076	200.682140	150.524400	9.10270674	284.459586	35	19.3739612	7.39498101	231.093157
2	9:39:48	19.42	96.870	28.390	16445.000	18.000	96.889304	20.2983091	201.421423	151.078909	9.13623975	285.507492	35	19.3739612	7.42222302	231.944469
2	9:40:03	19.67	96.510	28.430	16404.000	18.000	96.533688	20.2238076	200.682140	150.524400	9.10270674	284.459586	35	19.3739612	7.39498101	231.093157
