Chamber	Time/hh:mm:ss	Logtime/min	Oxy/% air sat.	Phase/°	Amp	Temp/°C	% air-sat.	% oxygen	pO2 (hPa)	pO2 (Torr)	cO2 [mg/L]	cO2 [µmol/L]	Salinity	chlorinity	SalCorcO2 [mg/L]	SalCorcO2 [µmol/L]
7	9:20:26	0.00	95.140	28.580	34043.000	18.000	95.214240	19.9473834	197.939164	148.466993	8.97828857	280.571518	35	19.3739612	7.29390449	227.934515
7	9:20:27	0.03	95.200	28.580	34053.000	18.000	95.214240	19.9473834	197.939164	148.466993	8.97828857	280.571518	35	19.3739612	7.29390449	227.934515
7	9:20:42	0.27	95.450	28.550	34062.000	18.000	95.476361	20.0022976	198.484082	148.875716	9.00300541	281.343919	35	19.3739612	7.31398429	228.562009
7	9:20:57	0.52	95.190	28.580	34058.000	18.000	95.214240	19.9473834	197.939164	148.466993	8.97828857	280.571518	35	19.3739612	7.29390449	227.934515
7	9:21:12	0.77	95.120	28.590	34072.000	18.000	95.127062	19.9291195	197.757930	148.331056	8.97006802	280.314626	35	19.3739612	7.28722616	227.725818
7	9:21:27	1.02	94.980	28.600	34066.000	18.000	95.039981	19.9108759	197.576899	148.195271	8.96185664	280.058020	35	19.3739612	7.28055529	227.517353
7	9:21:42	1.27	94.660	28.640	34075.000	18.000	94.692626	19.8381051	196.854789	147.653642	8.92910259	279.034456	35	19.3739612	7.25394611	226.685816
7	9:21:57	1.52	95.470	28.550	34078.000	18.000	95.476361	20.0022976	198.484082	148.875716	9.00300541	281.343919	35	19.3739612	7.31398429	228.562009
7	9:22:12	1.77	95.200	28.580	34101.000	18.000	95.214240	19.9473834	197.939164	148.466993	8.97828857	280.571518	35	19.3739612	7.29390449	227.934515
7	9:22:27	2.02	95.000	28.600	34041.000	18.000	95.039981	19.9108759	197.576899	148.195271	8.96185664	280.058020	35	19.3739612	7.28055529	227.517353
7	9:22:42	2.27	94.690	28.640	34035.000	18.000	94.692626	19.8381051	196.854789	147.653642	8.92910259	279.034456	35	19.3739612	7.25394611	226.685816
7	9:22:57	2.52	95.230	28.570	34051.000	18.000	95.301516	19.9656677	198.120601	148.603082	8.98651832	280.828697	35	19.3739612	7.30059028	228.143446
7	9:23:12	2.77	95.080	28.590	34065.000	18.000	95.127062	19.9291195	197.757930	148.331056	8.97006802	280.314626	35	19.3739612	7.28722616	227.725818
7	9:23:27	3.02	95.290	28.570	34089.000	18.000	95.301516	19.9656677	198.120601	148.603082	8.98651832	280.828697	35	19.3739612	7.30059028	228.143446
7	9:23:42	3.27	95.020	28.600	34038.000	18.000	95.039981	19.9108759	197.576899	148.195271	8.96185664	280.058020	35	19.3739612	7.28055529	227.517353
7	9:23:57	3.52	95.250	28.570	34055.000	18.000	95.301516	19.9656677	198.120601	148.603082	8.98651832	280.828697	35	19.3739612	7.30059028	228.143446
7	9:24:12	3.77	95.150	28.580	34058.000	18.000	95.214240	19.9473834	197.939164	148.466993	8.97828857	280.571518	35	19.3739612	7.29390449	227.934515
7	9:24:27	4.02	94.950	28.610	34082.000	18.000	94.952997	19.8926528	197.396069	148.059637	8.95365442	279.801701	35	19.3739612	7.27389186	227.309121
7	9:24:42	4.27	95.690	28.520	34064.000	18.000	95.739362	20.0573964	199.030831	149.285812	9.02780529	282.118915	35	19.3739612	7.33413155	229.191611
7	9:24:57	4.52	94.940	28.610	34082.000	18.000	94.952997	19.8926528	197.396069	148.059637	8.95365442	279.801701	35	19.3739612	7.27389186	227.309121
7	9:25:12	4.77	95.020	28.600	34063.000	18.000	95.039981	19.9108759	197.576899	148.195271	8.96185664	280.058020	35	19.3739612	7.28055529	227.517353
7	9:25:27	5.02	95.240	28.570	34051.000	18.000	95.301516	19.9656677	198.120601	148.603082	8.98651832	280.828697	35	19.3739612	7.30059028	228.143446
7	9:25:42	5.27	94.590	28.650	34110.000	18.000	94.606029	19.8199631	196.674764	147.518612	8.92093688	278.779278	35	19.3739612	7.24731234	226.478511
7	9:25:57	5.52	94.880	28.610	34089.000	18.000	94.952997	19.8926528	197.396069	148.059637	8.95365442	279.801701	35	19.3739612	7.27389186	227.309121
7	9:26:12	5.77	95.500	28.540	34058.000	18.000	95.563930	20.0206434	198.666128	149.012262	9.01126279	281.601962	35	19.3739612	7.32069254	228.771642
7	9:26:27	6.02	94.500	28.660	34069.000	18.000	94.519529	19.8018412	196.494940	147.383733	8.91278027	278.524383	35	19.3739612	7.24068596	226.271436
7	9:26:42	6.27	95.060	28.590	34083.000	18.000	95.127062	19.9291195	197.757930	148.331056	8.97006802	280.314626	35	19.3739612	7.28722616	227.725818
7	9:26:57	6.52	94.800	28.620	34092.000	18.000	94.866109	19.8744499	197.215441	147.924154	8.94546135	279.545667	35	19.3739612	7.26723586	227.101121
7	9:27:12	6.77	94.860	28.620	34060.000	18.000	94.866109	19.8744499	197.215441	147.924154	8.94546135	279.545667	35	19.3739612	7.26723586	227.101121
7	9:27:27	7.02	95.050	28.590	34102.000	18.000	95.127062	19.9291195	197.757930	148.331056	8.97006802	280.314626	35	19.3739612	7.28722616	227.725818
7	9:27:42	7.27	95.180	28.580	34093.000	18.000	95.214240	19.9473834	197.939164	148.466993	8.97828857	280.571518	35	19.3739612	7.29390449	227.934515
7	9:27:57	7.52	95.450	28.550	34114.000	18.000	95.476361	20.0022976	198.484082	148.875716	9.00300541	281.343919	35	19.3739612	7.31398429	228.562009
7	9:28:12	7.77	94.850	28.620	34101.000	18.000	94.866109	19.8744499	197.215441	147.924154	8.94546135	279.545667	35	19.3739612	7.26723586	227.101121
7	9:28:27	8.02	94.880	28.610	34113.000	18.000	94.952997	19.8926528	197.396069	148.059637	8.95365442	279.801701	35	19.3739612	7.27389186	227.309121
7	9:28:42	8.27	94.740	28.630	34102.000	18.000	94.779319	19.8562674	197.035015	147.788823	8.93727741	279.289919	35	19.3739612	7.26058728	226.893352
7	9:28:57	8.52	94.880	28.610	34069.000	18.000	94.952997	19.8926528	197.396069	148.059637	8.95365442	279.801701	35	19.3739612	7.27389186	227.309121
7	9:29:12	8.77	95.240	28.570	34024.000	18.000	95.301516	19.9656677	198.120601	148.603082	8.98651832	280.828697	35	19.3739612	7.30059028	228.143446
7	9:29:27	9.02	94.650	28.640	34077.000	18.000	94.692626	19.8381051	196.854789	147.653642	8.92910259	279.034456	35	19.3739612	7.25394611	226.685816
7	9:29:42	9.27	94.920	28.610	34073.000	18.000	94.952997	19.8926528	197.396069	148.059637	8.95365442	279.801701	35	19.3739612	7.27389186	227.309121
7	9:29:57	9.52	94.900	28.610	34120.000	18.000	94.952997	19.8926528	197.396069	148.059637	8.95365442	279.801701	35	19.3739612	7.27389186	227.309121
7	9:30:12	9.77	94.570	28.650	34086.000	18.000	94.606029	19.8199631	196.674764	147.518612	8.92093688	278.779278	35	19.3739612	7.24731234	226.478511
7	9:30:27	10.02	94.460	28.660	34065.000	18.000	94.519529	19.8018412	196.494940	147.383733	8.91278027	278.524383	35	19.3739612	7.24068596	226.271436
7	9:30:42	10.27	95.100	28.590	34086.000	18.000	95.127062	19.9291195	197.757930	148.331056	8.97006802	280.314626	35	19.3739612	7.28722616	227.725818
7	9:30:57	10.52	95.040	28.590	34093.000	18.000	95.127062	19.9291195	197.757930	148.331056	8.97006802	280.314626	35	19.3739612	7.28722616	227.725818
7	9:31:12	10.77	94.760	28.630	34104.000	18.000	94.779319	19.8562674	197.035015	147.788823	8.93727741	279.289919	35	19.3739612	7.26058728	226.893352
7	9:31:27	11.02	94.900	28.610	34065.000	18.000	94.952997	19.8926528	197.396069	148.059637	8.95365442	279.801701	35	19.3739612	7.27389186	227.309121
7	9:31:42	11.27	94.370	28.670	34092.000	18.000	94.433124	19.7837396	196.315316	147.249003	8.90463274	278.269773	35	19.3739612	7.23406696	226.064592
7	9:31:57	11.52	94.680	28.640	34062.000	18.000	94.692626	19.8381051	196.854789	147.653642	8.92910259	279.034456	35	19.3739612	7.25394611	226.685816
7	9:32:12	11.77	94.580	28.650	34085.000	18.000	94.606029	19.8199631	196.674764	147.518612	8.92093688	278.779278	35	19.3739612	7.24731234	226.478511
7	9:32:27	12.02	94.900	28.610	34095.000	18.000	94.952997	19.8926528	197.396069	148.059637	8.95365442	279.801701	35	19.3739612	7.27389186	227.309121
7	9:32:42	12.27	94.680	28.640	34135.000	18.000	94.692626	19.8381051	196.854789	147.653642	8.92910259	279.034456	35	19.3739612	7.25394611	226.685816
7	9:32:57	12.52	94.780	28.620	34120.000	18.000	94.866109	19.8744499	197.215441	147.924154	8.94546135	279.545667	35	19.3739612	7.26723586	227.101121
7	9:33:12	12.77	94.590	28.650	34131.000	18.000	94.606029	19.8199631	196.674764	147.518612	8.92093688	278.779278	35	19.3739612	7.24731234	226.478511
7	9:33:27	13.02	94.390	28.670	34069.000	18.000	94.433124	19.7837396	196.315316	147.249003	8.90463274	278.269773	35	19.3739612	7.23406696	226.064592
7	9:33:42	13.27	94.810	28.620	34154.000	18.000	94.866109	19.8744499	197.215441	147.924154	8.94546135	279.545667	35	19.3739612	7.26723586	227.101121
7	9:33:57	13.52	94.860	28.620	34080.000	18.000	94.866109	19.8744499	197.215441	147.924154	8.94546135	279.545667	35	19.3739612	7.26723586	227.101121
7	9:34:12	13.77	94.440	28.660	34084.000	18.000	94.519529	19.8018412	196.494940	147.383733	8.91278027	278.524383	35	19.3739612	7.24068596	226.271436
7	9:34:27	14.02	94.770	28.630	34069.000	18.000	94.779319	19.8562674	197.035015	147.788823	8.93727741	279.289919	35	19.3739612	7.26058728	226.893352
7	9:34:42	14.27	94.840	28.620	34093.000	18.000	94.866109	19.8744499	197.215441	147.924154	8.94546135	279.545667	35	19.3739612	7.26723586	227.101121
7	9:34:57	14.52	94.760	28.630	34086.000	18.000	94.779319	19.8562674	197.035015	147.788823	8.93727741	279.289919	35	19.3739612	7.26058728	226.893352
7	9:35:12	14.77	94.720	28.630	34107.000	18.000	94.779319	19.8562674	197.035015	147.788823	8.93727741	279.289919	35	19.3739612	7.26058728	226.893352
7	9:35:27	15.02	94.140	28.700	34089.000	18.000	94.174489	19.7295554	195.777643	146.845714	8.88024450	277.507641	35	19.3739612	7.21425411	225.445441
7	9:35:42	15.27	93.830	28.730	34115.000	18.000	93.916715	19.6755517	195.241761	146.443769	8.85593755	276.748048	35	19.3739612	7.19450729	224.828353
7	9:35:57	15.52	94.140	28.700	34080.000	18.000	94.174489	19.7295554	195.777643	146.845714	8.88024450	277.507641	35	19.3739612	7.21425411	225.445441
7	9:36:12	15.77	94.620	28.640	34098.000	18.000	94.692626	19.8381051	196.854789	147.653642	8.92910259	279.034456	35	19.3739612	7.25394611	226.685816
7	9:36:27	16.02	95.000	28.600	34076.000	18.000	95.039981	19.9108759	197.576899	148.195271	8.96185664	280.058020	35	19.3739612	7.28055529	227.517353
7	9:36:42	16.27	94.610	28.640	34096.000	18.000	94.692626	19.8381051	196.854789	147.653642	8.92910259	279.034456	35	19.3739612	7.25394611	226.685816
7	9:36:57	16.52	94.600	28.650	34124.000	18.000	94.606029	19.8199631	196.674764	147.518612	8.92093688	278.779278	35	19.3739612	7.24731234	226.478511
7	9:37:12	16.77	94.240	28.690	34084.000	18.000	94.260605	19.7475967	195.956668	146.979994	8.88836487	277.761402	35	19.3739612	7.22085104	225.651595
7	9:37:27	17.02	94.840	28.620	34084.000	18.000	94.866109	19.8744499	197.215441	147.924154	8.94546135	279.545667	35	19.3739612	7.26723586	227.101121
7	9:37:42	17.27	94.550	28.650	34108.000	18.000	94.606029	19.8199631	196.674764	147.518612	8.92093688	278.779278	35	19.3739612	7.24731234	226.478511
7	9:37:57	17.52	94.140	28.700	34099.000	18.000	94.174489	19.7295554	195.777643	146.845714	8.88024450	277.507641	35	19.3739612	7.21425411	225.445441
7	9:38:12	17.77	94.200	28.690	34089.000	18.000	94.260605	19.7475967	195.956668	146.979994	8.88836487	277.761402	35	19.3739612	7.22085104	225.651595
7	9:38:27	18.02	94.510	28.660	34078.000	18.000	94.519529	19.8018412	196.494940	147.383733	8.91278027	278.524383	35	19.3739612	7.24068596	226.271436
7	9:38:42	18.27	94.220	28.690	34109.000	18.000	94.260605	19.7475967	195.956668	146.979994	8.88836487	277.761402	35	19.3739612	7.22085104	225.651595
7	9:38:57	18.52	94.330	28.680	34042.000	18.000	94.346816	19.7656580	196.135892	147.114424	8.89649427	278.015446	35	19.3739612	7.22745532	225.857979
7	9:39:12	18.77	93.940	28.720	34090.000	18.000	94.002544	19.6935329	195.420190	146.577602	8.86403086	277.000964	35	19.3739612	7.20108225	225.033820
7	9:39:27	19.02	94.410	28.670	34110.000	18.000	94.433124	19.7837396	196.315316	147.249003	8.90463274	278.269773	35	19.3739612	7.23406696	226.064592
7	9:39:42	19.27	94.440	28.660	34119.000	18.000	94.519529	19.8018412	196.494940	147.383733	8.91278027	278.524383	35	19.3739612	7.24068596	226.271436
7	9:39:57	19.52	94.580	28.650	34120.000	18.000	94.606029	19.8199631	196.674764	147.518612	8.92093688	278.779278	35	19.3739612	7.24731234	226.478511
