Chamber	Time/hh:mm:ss	Logtime/min	Oxy/% air sat.	Phase/°	Amp	Temp/°C	% air-sat.	% oxygen	pO2 (hPa)	pO2 (Torr)	cO2 [mg/L]	cO2 [µmol/L]	Salinity	chlorinity	SalCorcO2 [mg/L]	SalCorcO2 [µmol/L]
4	12:09:08	0.00	95.450	29.710	39384.000	12.000	95.499940	20.0072375	199.859148	149.907103	10.25907099	320.595968	35	19.3739612	8.22174862	256.929644
4	12:09:22	0.24	95.490	29.710	39405.000	12.000	95.499940	20.0072375	199.859148	149.907103	10.25907099	320.595968	35	19.3739612	8.22174862	256.929644
4	12:09:37	0.49	96.080	29.640	39375.000	12.000	96.100806	20.1331188	201.116620	150.850287	10.32361889	322.613090	35	19.3739612	8.27347812	258.546191
4	12:09:52	0.75	95.250	29.730	39388.000	12.000	95.329096	19.9714455	199.501609	149.638926	10.24071799	320.022437	35	19.3739612	8.20704029	256.470009
4	12:10:07	1.00	95.280	29.730	39419.000	12.000	95.329096	19.9714455	199.501609	149.638926	10.24071799	320.022437	35	19.3739612	8.20704029	256.470009
4	12:10:22	1.24	95.390	29.720	39387.000	12.000	95.414472	19.9893319	199.680283	149.772943	10.24988955	320.309048	35	19.3739612	8.21439050	256.699703
4	12:10:37	1.49	95.440	29.710	39406.000	12.000	95.499940	20.0072375	199.859148	149.907103	10.25907099	320.595968	35	19.3739612	8.22174862	256.929644
4	12:10:52	1.74	94.790	29.790	39383.000	12.000	94.818761	19.8645304	198.433598	148.837850	10.18589535	318.309230	35	19.3739612	8.16310474	255.097023
4	12:11:07	1.99	95.700	29.680	39377.000	12.000	95.756899	20.0610703	200.396903	150.310453	10.28667473	321.458585	35	19.3739612	8.24387060	257.620956
4	12:11:22	2.24	95.030	29.760	39388.000	12.000	95.073517	19.9179017	198.966742	149.237742	10.21326246	319.164452	35	19.3739612	8.18503708	255.782409
4	12:11:37	2.50	95.090	29.750	39371.000	12.000	95.158618	19.9357305	199.144840	149.371326	10.22240446	319.450139	35	19.3739612	8.19236360	256.011362
4	12:11:52	2.74	95.610	29.690	39378.000	12.000	95.671154	20.0431067	200.217458	150.175858	10.27746357	321.170737	35	19.3739612	8.23648866	257.390271
4	12:12:07	3.00	95.320	29.730	39377.000	12.000	95.329096	19.9714455	199.501609	149.638926	10.24071799	320.022437	35	19.3739612	8.20704029	256.470009
4	12:12:22	3.24	95.060	29.760	39412.000	12.000	95.073517	19.9179017	198.966742	149.237742	10.21326246	319.164452	35	19.3739612	8.18503708	255.782409
4	12:12:37	3.49	95.550	29.700	39389.000	12.000	95.585501	20.0251625	200.038207	150.041408	10.26826233	320.883198	35	19.3739612	8.22911467	257.159833
4	12:12:52	3.74	95.150	29.750	39385.000	12.000	95.158618	19.9357305	199.144840	149.371326	10.22240446	319.450139	35	19.3739612	8.19236360	256.011362
4	12:13:07	4.00	95.160	29.740	39409.000	12.000	95.243811	19.9535784	199.323129	149.505054	10.23155630	319.736134	35	19.3739612	8.19969800	256.240562
4	12:13:22	4.24	95.160	29.740	39370.000	12.000	95.243811	19.9535784	199.323129	149.505054	10.23155630	319.736134	35	19.3739612	8.19969800	256.240562
4	12:13:37	4.49	95.170	29.740	39376.000	12.000	95.243811	19.9535784	199.323129	149.505054	10.23155630	319.736134	35	19.3739612	8.19969800	256.240562
4	12:13:52	4.74	95.350	29.720	39387.000	12.000	95.414472	19.9893319	199.680283	149.772943	10.24988955	320.309048	35	19.3739612	8.21439050	256.699703
4	12:14:07	4.99	95.590	29.690	39380.000	12.000	95.671154	20.0431067	200.217458	150.175858	10.27746357	321.170737	35	19.3739612	8.23648866	257.390271
4	12:14:22	5.24	95.080	29.750	39400.000	12.000	95.158618	19.9357305	199.144840	149.371326	10.22240446	319.450139	35	19.3739612	8.19236360	256.011362
4	12:14:37	5.49	95.090	29.750	39405.000	12.000	95.158618	19.9357305	199.144840	149.371326	10.22240446	319.450139	35	19.3739612	8.19236360	256.011362
4	12:14:52	5.74	95.400	29.720	39389.000	12.000	95.414472	19.9893319	199.680283	149.772943	10.24988955	320.309048	35	19.3739612	8.21439050	256.699703
4	12:15:07	5.99	95.360	29.720	39393.000	12.000	95.414472	19.9893319	199.680283	149.772943	10.24988955	320.309048	35	19.3739612	8.21439050	256.699703
4	12:15:22	6.24	95.140	29.750	39419.000	12.000	95.158618	19.9357305	199.144840	149.371326	10.22240446	319.450139	35	19.3739612	8.19236360	256.011362
4	12:15:37	6.49	95.150	29.750	39420.000	12.000	95.158618	19.9357305	199.144840	149.371326	10.22240446	319.450139	35	19.3739612	8.19236360	256.011362
4	12:15:52	6.74	95.160	29.740	39418.000	12.000	95.243811	19.9535784	199.323129	149.505054	10.23155630	319.736134	35	19.3739612	8.19969800	256.240562
4	12:16:07	6.99	95.260	29.730	39427.000	12.000	95.329096	19.9714455	199.501609	149.638926	10.24071799	320.022437	35	19.3739612	8.20704029	256.470009
4	12:16:22	7.24	95.260	29.730	39406.000	12.000	95.329096	19.9714455	199.501609	149.638926	10.24071799	320.022437	35	19.3739612	8.20704029	256.470009
4	12:16:37	7.49	95.230	29.740	39416.000	12.000	95.243811	19.9535784	199.323129	149.505054	10.23155630	319.736134	35	19.3739612	8.19969800	256.240562
4	12:16:52	7.74	95.100	29.750	39395.000	12.000	95.158618	19.9357305	199.144840	149.371326	10.22240446	319.450139	35	19.3739612	8.19236360	256.011362
4	12:17:07	7.99	95.080	29.750	39407.000	12.000	95.158618	19.9357305	199.144840	149.371326	10.22240446	319.450139	35	19.3739612	8.19236360	256.011362
4	12:17:22	8.25	94.980	29.770	39403.000	12.000	94.988507	19.9000922	198.788836	149.104301	10.20413028	318.879071	35	19.3739612	8.17771844	255.553701
4	12:17:37	8.49	95.310	29.730	39429.000	12.000	95.329096	19.9714455	199.501609	149.638926	10.24071799	320.022437	35	19.3739612	8.20704029	256.470009
4	12:17:52	8.74	95.140	29.750	39421.000	12.000	95.158618	19.9357305	199.144840	149.371326	10.22240446	319.450139	35	19.3739612	8.19236360	256.011362
4	12:18:07	8.99	95.260	29.730	39412.000	12.000	95.329096	19.9714455	199.501609	149.638926	10.24071799	320.022437	35	19.3739612	8.20704029	256.470009
4	12:18:22	9.24	95.200	29.740	39428.000	12.000	95.243811	19.9535784	199.323129	149.505054	10.23155630	319.736134	35	19.3739612	8.19969800	256.240562
4	12:18:37	9.50	95.480	29.710	39442.000	12.000	95.499940	20.0072375	199.859148	149.907103	10.25907099	320.595968	35	19.3739612	8.22174862	256.929644
4	12:18:52	9.74	95.200	29.740	39415.000	12.000	95.243811	19.9535784	199.323129	149.505054	10.23155630	319.736134	35	19.3739612	8.19969800	256.240562
4	12:19:07	9.99	95.110	29.750	39411.000	12.000	95.158618	19.9357305	199.144840	149.371326	10.22240446	319.450139	35	19.3739612	8.19236360	256.011362
4	12:19:22	10.24	94.950	29.770	39420.000	12.000	94.988507	19.9000922	198.788836	149.104301	10.20413028	318.879071	35	19.3739612	8.17771844	255.553701
4	12:19:37	10.49	95.270	29.730	39432.000	12.000	95.329096	19.9714455	199.501609	149.638926	10.24071799	320.022437	35	19.3739612	8.20704029	256.470009
4	12:19:52	10.74	95.220	29.740	39423.000	12.000	95.243811	19.9535784	199.323129	149.505054	10.23155630	319.736134	35	19.3739612	8.19969800	256.240562
4	12:20:07	10.99	95.210	29.740	39426.000	12.000	95.243811	19.9535784	199.323129	149.505054	10.23155630	319.736134	35	19.3739612	8.19969800	256.240562
4	12:20:22	11.25	94.700	29.800	39423.000	12.000	94.734025	19.8467782	198.256265	148.704838	10.17679257	318.024768	35	19.3739612	8.15580965	254.869052
4	12:20:37	11.49	94.630	29.810	39463.000	12.000	94.649379	19.8290450	198.079122	148.571970	10.16769956	317.740611	35	19.3739612	8.14852240	254.641325
4	12:20:52	11.74	94.860	29.780	39439.000	12.000	94.903588	19.8823017	198.611122	148.971004	10.19500792	318.593997	35	19.3739612	8.17040766	255.325239
4	12:21:07	11.99	94.940	29.770	39447.000	12.000	94.988507	19.9000922	198.788836	149.104301	10.20413028	318.879071	35	19.3739612	8.17771844	255.553701
4	12:21:22	12.24	94.670	29.800	39434.000	12.000	94.734025	19.8467782	198.256265	148.704838	10.17679257	318.024768	35	19.3739612	8.15580965	254.869052
4	12:21:37	12.49	95.230	29.740	39470.000	12.000	95.243811	19.9535784	199.323129	149.505054	10.23155630	319.736134	35	19.3739612	8.19969800	256.240562
4	12:21:52	12.74	94.920	29.770	39454.000	12.000	94.988507	19.9000922	198.788836	149.104301	10.20413028	318.879071	35	19.3739612	8.17771844	255.553701
4	12:22:07	13.00	94.690	29.800	39463.000	12.000	94.734025	19.8467782	198.256265	148.704838	10.17679257	318.024768	35	19.3739612	8.15580965	254.869052
4	12:22:22	13.24	94.920	29.770	39468.000	12.000	94.988507	19.9000922	198.788836	149.104301	10.20413028	318.879071	35	19.3739612	8.17771844	255.553701
4	12:22:37	13.49	94.760	29.790	39449.000	12.000	94.818761	19.8645304	198.433598	148.837850	10.18589535	318.309230	35	19.3739612	8.16310474	255.097023
4	12:22:52	13.74	94.790	29.790	39448.000	12.000	94.818761	19.8645304	198.433598	148.837850	10.18589535	318.309230	35	19.3739612	8.16310474	255.097023
4	12:23:07	13.99	95.290	29.730	39475.000	12.000	95.329096	19.9714455	199.501609	149.638926	10.24071799	320.022437	35	19.3739612	8.20704029	256.470009
4	12:23:22	14.24	94.950	29.770	39496.000	12.000	94.988507	19.9000922	198.788836	149.104301	10.20413028	318.879071	35	19.3739612	8.17771844	255.553701
4	12:23:37	14.50	94.730	29.800	39439.000	12.000	94.734025	19.8467782	198.256265	148.704838	10.17679257	318.024768	35	19.3739612	8.15580965	254.869052
4	12:23:52	14.74	94.980	29.770	39485.000	12.000	94.988507	19.9000922	198.788836	149.104301	10.20413028	318.879071	35	19.3739612	8.17771844	255.553701
4	12:24:07	14.99	94.890	29.780	39450.000	12.000	94.903588	19.8823017	198.611122	148.971004	10.19500792	318.593997	35	19.3739612	8.17040766	255.325239
4	12:24:22	15.25	94.980	29.770	39452.000	12.000	94.988507	19.9000922	198.788836	149.104301	10.20413028	318.879071	35	19.3739612	8.17771844	255.553701
4	12:24:37	15.49	95.090	29.750	39458.000	12.000	95.158618	19.9357305	199.144840	149.371326	10.22240446	319.450139	35	19.3739612	8.19236360	256.011362
4	12:24:52	15.74	94.930	29.770	39502.000	12.000	94.988507	19.9000922	198.788836	149.104301	10.20413028	318.879071	35	19.3739612	8.17771844	255.553701
4	12:25:07	15.99	94.660	29.800	39482.000	12.000	94.734025	19.8467782	198.256265	148.704838	10.17679257	318.024768	35	19.3739612	8.15580965	254.869052
4	12:25:22	16.25	94.530	29.820	39482.000	12.000	94.564825	19.8113308	197.902169	148.439244	10.15861631	317.456760	35	19.3739612	8.14124297	254.413843
4	12:25:37	16.50	94.990	29.760	39514.000	12.000	95.073517	19.9179017	198.966742	149.237742	10.21326246	319.164452	35	19.3739612	8.18503708	255.782409
4	12:25:52	16.74	94.730	29.800	39488.000	12.000	94.734025	19.8467782	198.256265	148.704838	10.17679257	318.024768	35	19.3739612	8.15580965	254.869052
4	12:26:07	17.00	94.920	29.770	39470.000	12.000	94.988507	19.9000922	198.788836	149.104301	10.20413028	318.879071	35	19.3739612	8.17771844	255.553701
4	12:26:22	17.24	94.810	29.790	39493.000	12.000	94.818761	19.8645304	198.433598	148.837850	10.18589535	318.309230	35	19.3739612	8.16310474	255.097023
4	12:26:37	17.49	95.110	29.750	39486.000	12.000	95.158618	19.9357305	199.144840	149.371326	10.22240446	319.450139	35	19.3739612	8.19236360	256.011362
4	12:26:52	17.75	94.630	29.810	39482.000	12.000	94.649379	19.8290450	198.079122	148.571970	10.16769956	317.740611	35	19.3739612	8.14852240	254.641325
4	12:27:07	17.99	94.740	29.790	39509.000	12.000	94.818761	19.8645304	198.433598	148.837850	10.18589535	318.309230	35	19.3739612	8.16310474	255.097023
4	12:27:22	18.24	94.810	29.790	39493.000	12.000	94.818761	19.8645304	198.433598	148.837850	10.18589535	318.309230	35	19.3739612	8.16310474	255.097023
4	12:27:37	18.50	95.030	29.760	39497.000	12.000	95.073517	19.9179017	198.966742	149.237742	10.21326246	319.164452	35	19.3739612	8.18503708	255.782409
4	12:27:52	18.74	95.000	29.760	39478.000	12.000	95.073517	19.9179017	198.966742	149.237742	10.21326246	319.164452	35	19.3739612	8.18503708	255.782409
4	12:28:07	18.99	94.640	29.810	39488.000	12.000	94.649379	19.8290450	198.079122	148.571970	10.16769956	317.740611	35	19.3739612	8.14852240	254.641325
4	12:28:22	19.25	94.540	29.820	39526.000	12.000	94.564825	19.8113308	197.902169	148.439244	10.15861631	317.456760	35	19.3739612	8.14124297	254.413843
4	12:28:37	19.49	94.700	29.800	39516.000	12.000	94.734025	19.8467782	198.256265	148.704838	10.17679257	318.024768	35	19.3739612	8.15580965	254.869052
4	12:28:52	19.75	94.860	29.780	39517.000	12.000	94.903588	19.8823017	198.611122	148.971004	10.19500792	318.593997	35	19.3739612	8.17040766	255.325239
4	12:29:07	19.99	94.660	29.800	39507.000	12.000	94.734025	19.8467782	198.256265	148.704838	10.17679257	318.024768	35	19.3739612	8.15580965	254.869052
4	12:29:22	20.25	94.580	29.810	39547.000	12.000	94.649379	19.8290450	198.079122	148.571970	10.16769956	317.740611	35	19.3739612	8.14852240	254.641325
