Chamber	Time/hh:mm:ss	Logtime/min	Oxy/% air sat.	Phase/°	Amp	Temp/°C	% air-sat.	% oxygen	pO2 (hPa)	pO2 (Torr)	cO2 [mg/L]	cO2 [µmol/L]	Salinity	chlorinity	SalCorcO2 [mg/L]	SalCorcO2 [µmol/L]
5	12:27:42	0.00	93.700	27.300	44408.000	26.000	93.758934	19.6424966	192.358925	144.281457	7.58614593	237.067060	35	19.3739612	6.18960290	193.425091
5	12:27:56	0.23	93.410	27.330	44425.000	26.000	93.494218	19.5870388	191.815827	143.874099	7.56472752	236.397735	35	19.3739612	6.17212744	192.878982
5	12:28:11	0.48	93.820	27.290	44423.000	26.000	93.847378	19.6610256	192.540380	144.417560	7.59330205	237.290689	35	19.3739612	6.19544164	193.607551
5	12:28:26	0.73	93.710	27.300	44445.000	26.000	93.758934	19.6424966	192.358925	144.281457	7.58614593	237.067060	35	19.3739612	6.18960290	193.425091
5	12:28:41	0.98	93.670	27.310	44431.000	26.000	93.670592	19.6239891	192.177681	144.145513	7.57899814	236.843692	35	19.3739612	6.18377096	193.242843
5	12:28:56	1.23	93.420	27.330	44469.000	26.000	93.494218	19.5870388	191.815827	143.874099	7.56472752	236.397735	35	19.3739612	6.17212744	192.878982
5	12:29:11	1.48	93.410	27.330	44443.000	26.000	93.494218	19.5870388	191.815827	143.874099	7.56472752	236.397735	35	19.3739612	6.17212744	192.878982
5	12:29:26	1.73	93.290	27.350	44449.000	26.000	93.318255	19.5501743	191.454813	143.603316	7.55049008	235.952815	35	19.3739612	6.16051098	192.515968
5	12:29:41	1.98	93.530	27.320	44431.000	26.000	93.582354	19.6055032	191.996648	144.009727	7.57185868	236.620584	35	19.3739612	6.17794581	193.060807
5	12:29:56	2.23	93.930	27.280	44491.000	26.000	93.935925	19.6795763	192.722046	144.553822	7.60046651	237.514579	35	19.3739612	6.20128719	193.790225
5	12:30:11	2.48	93.080	27.370	44429.000	26.000	93.142700	19.5133956	191.094639	143.333163	7.53628572	235.508929	35	19.3739612	6.14892153	192.153798
5	12:30:26	2.73	93.010	27.380	44449.000	26.000	93.055075	19.4950383	190.914866	143.198321	7.52919592	235.287373	35	19.3739612	6.14313689	191.973028
5	12:30:41	2.98	93.410	27.330	44412.000	26.000	93.494218	19.5870388	191.815827	143.874099	7.56472752	236.397735	35	19.3739612	6.17212744	192.878982
5	12:30:56	3.23	93.950	27.270	44478.000	26.000	94.024575	19.6981486	192.903925	144.690242	7.60763934	237.738729	35	19.3739612	6.20713956	193.973111
5	12:31:11	3.48	93.030	27.380	44444.000	26.000	93.055075	19.4950383	190.914866	143.198321	7.52919592	235.287373	35	19.3739612	6.14313689	191.973028
5	12:31:26	3.73	93.090	27.370	44471.000	26.000	93.142700	19.5133956	191.094639	143.333163	7.53628572	235.508929	35	19.3739612	6.14892153	192.153798
5	12:31:41	3.98	93.420	27.330	44451.000	26.000	93.494218	19.5870388	191.815827	143.874099	7.56472752	236.397735	35	19.3739612	6.17212744	192.878982
5	12:31:56	4.23	92.930	27.390	44464.000	26.000	92.967552	19.4767022	190.735301	143.063636	7.52211436	235.066074	35	19.3739612	6.13735898	191.792468
5	12:32:11	4.48	93.610	27.310	44479.000	26.000	93.670592	19.6239891	192.177681	144.145513	7.57899814	236.843692	35	19.3739612	6.18377096	193.242843
5	12:32:26	4.73	93.520	27.320	44457.000	26.000	93.582354	19.6055032	191.996648	144.009727	7.57185868	236.620584	35	19.3739612	6.17794581	193.060807
5	12:32:41	4.98	93.440	27.330	44529.000	26.000	93.494218	19.5870388	191.815827	143.874099	7.56472752	236.397735	35	19.3739612	6.17212744	192.878982
5	12:32:56	5.23	93.260	27.350	44478.000	26.000	93.318255	19.5501743	191.454813	143.603316	7.55049008	235.952815	35	19.3739612	6.16051098	192.515968
5	12:33:11	5.48	93.220	27.360	44493.000	26.000	93.230426	19.5317743	191.274621	143.468161	7.54338377	235.730743	35	19.3739612	6.15471288	192.334778
5	12:33:26	5.73	92.730	27.410	44499.000	26.000	92.792812	19.4400941	190.376797	142.794736	7.50797588	234.624246	35	19.3739612	6.12582327	191.431977
5	12:33:41	5.98	93.250	27.350	44497.000	26.000	93.318255	19.5501743	191.454813	143.603316	7.55049008	235.952815	35	19.3739612	6.16051098	192.515968
5	12:33:56	6.23	93.250	27.350	44525.000	26.000	93.318255	19.5501743	191.454813	143.603316	7.55049008	235.952815	35	19.3739612	6.16051098	192.515968
5	12:34:11	6.48	93.350	27.340	44529.000	26.000	93.406185	19.5685958	191.635215	143.738629	7.55760466	236.175146	35	19.3739612	6.16631583	192.697370
5	12:34:26	6.73	93.310	27.350	44514.000	26.000	93.318255	19.5501743	191.454813	143.603316	7.55049008	235.952815	35	19.3739612	6.16051098	192.515968
5	12:34:41	6.98	93.140	27.370	44511.000	26.000	93.142700	19.5133956	191.094639	143.333163	7.53628572	235.508929	35	19.3739612	6.14892153	192.153798
5	12:34:56	7.23	93.330	27.340	44527.000	26.000	93.406185	19.5685958	191.635215	143.738629	7.55760466	236.175146	35	19.3739612	6.16631583	192.697370
5	12:35:11	7.48	92.950	27.390	44517.000	26.000	92.967552	19.4767022	190.735301	143.063636	7.52211436	235.066074	35	19.3739612	6.13735898	191.792468
5	12:35:26	7.73	93.190	27.360	44492.000	26.000	93.230426	19.5317743	191.274621	143.468161	7.54338377	235.730743	35	19.3739612	6.15471288	192.334778
5	12:35:41	7.98	93.320	27.340	44537.000	26.000	93.406185	19.5685958	191.635215	143.738629	7.55760466	236.175146	35	19.3739612	6.16631583	192.697370
5	12:35:56	8.23	92.140	27.480	44485.000	26.000	92.184403	19.3126325	189.128566	141.858483	7.45874882	233.085901	35	19.3739612	6.08565848	190.176828
5	12:36:11	8.48	92.960	27.390	44502.000	26.000	92.967552	19.4767022	190.735301	143.063636	7.52211436	235.066074	35	19.3739612	6.13735898	191.792468
5	12:36:26	8.73	93.230	27.350	44498.000	26.000	93.318255	19.5501743	191.454813	143.603316	7.55049008	235.952815	35	19.3739612	6.16051098	192.515968
5	12:36:41	8.98	92.690	27.420	44504.000	26.000	92.705593	19.4218218	190.197858	142.660519	7.50091894	234.403717	35	19.3739612	6.12006546	191.252046
5	12:36:56	9.23	92.880	27.390	44504.000	26.000	92.967552	19.4767022	190.735301	143.063636	7.52211436	235.066074	35	19.3739612	6.13735898	191.792468
5	12:37:11	9.48	93.050	27.380	44522.000	26.000	93.055075	19.4950383	190.914866	143.198321	7.52919592	235.287373	35	19.3739612	6.14313689	191.973028
5	12:37:26	9.73	92.730	27.410	44553.000	26.000	92.792812	19.4400941	190.376797	142.794736	7.50797588	234.624246	35	19.3739612	6.12582327	191.431977
5	12:37:41	9.98	92.660	27.420	44529.000	26.000	92.705593	19.4218218	190.197858	142.660519	7.50091894	234.403717	35	19.3739612	6.12006546	191.252046
5	12:37:56	10.23	93.330	27.340	44551.000	26.000	93.406185	19.5685958	191.635215	143.738629	7.55760466	236.175146	35	19.3739612	6.16631583	192.697370
5	12:38:11	10.48	92.850	27.400	44547.000	26.000	92.880131	19.4583875	190.555945	142.929108	7.51504101	234.845032	35	19.3739612	6.13158778	191.612118
5	12:38:26	10.73	92.600	27.430	44561.000	26.000	92.618476	19.4035708	190.019125	142.526459	7.49387019	234.183444	35	19.3739612	6.11431432	191.072323
5	12:38:41	10.98	92.830	27.400	44576.000	26.000	92.880131	19.4583875	190.555945	142.929108	7.51504101	234.845032	35	19.3739612	6.13158778	191.612118
5	12:38:56	11.23	92.860	27.400	44586.000	26.000	92.880131	19.4583875	190.555945	142.929108	7.51504101	234.845032	35	19.3739612	6.13158778	191.612118
5	12:39:11	11.48	92.360	27.450	44548.000	26.000	92.444545	19.3671322	189.662282	142.258803	7.47979721	233.743663	35	19.3739612	6.10283205	190.713502
5	12:39:26	11.73	92.680	27.420	44563.000	26.000	92.705593	19.4218218	190.197858	142.660519	7.50091894	234.403717	35	19.3739612	6.12006546	191.252046
5	12:39:41	11.98	92.390	27.450	44611.000	26.000	92.444545	19.3671322	189.662282	142.258803	7.47979721	233.743663	35	19.3739612	6.10283205	190.713502
5	12:39:56	12.23	92.610	27.430	44591.000	26.000	92.618476	19.4035708	190.019125	142.526459	7.49387019	234.183444	35	19.3739612	6.11431432	191.072323
5	12:40:11	12.48	92.730	27.410	44638.000	26.000	92.792812	19.4400941	190.376797	142.794736	7.50797588	234.624246	35	19.3739612	6.12582327	191.431977
5	12:40:26	12.73	92.670	27.420	44590.000	26.000	92.705593	19.4218218	190.197858	142.660519	7.50091894	234.403717	35	19.3739612	6.12006546	191.252046
5	12:40:41	12.98	92.500	27.440	44603.000	26.000	92.531460	19.3853409	189.840600	142.392553	7.48682962	233.963426	35	19.3739612	6.10856986	190.892808
5	12:40:56	13.23	92.450	27.440	44633.000	26.000	92.531460	19.3853409	189.840600	142.392553	7.48682962	233.963426	35	19.3739612	6.10856986	190.892808
5	12:41:11	13.48	92.580	27.430	44654.000	26.000	92.618476	19.4035708	190.019125	142.526459	7.49387019	234.183444	35	19.3739612	6.11431432	191.072323
5	12:41:26	13.73	92.550	27.430	44634.000	26.000	92.618476	19.4035708	190.019125	142.526459	7.49387019	234.183444	35	19.3739612	6.11431432	191.072323
5	12:41:41	13.98	92.470	27.440	44647.000	26.000	92.531460	19.3853409	189.840600	142.392553	7.48682962	233.963426	35	19.3739612	6.10856986	190.892808
5	12:41:56	14.23	92.100	27.480	44650.000	26.000	92.184403	19.3126325	189.128566	141.858483	7.45874882	233.085901	35	19.3739612	6.08565848	190.176828
5	12:42:11	14.48	91.700	27.530	44633.000	26.000	91.752837	19.2222193	188.243151	141.194365	7.42383029	231.994696	35	19.3739612	6.05716815	189.286505
5	12:42:26	14.73	92.230	27.470	44653.000	26.000	92.271017	19.3307780	189.306265	141.991768	7.46575682	233.304901	35	19.3739612	6.09137637	190.355512
5	12:42:41	14.98	92.630	27.420	44650.000	26.000	92.705593	19.4218218	190.197858	142.660519	7.50091894	234.403717	35	19.3739612	6.12006546	191.252046
5	12:42:56	15.23	92.410	27.450	44636.000	26.000	92.444545	19.3671322	189.662282	142.258803	7.47979721	233.743663	35	19.3739612	6.10283205	190.713502
5	12:43:11	15.48	92.490	27.440	44653.000	26.000	92.531460	19.3853409	189.840600	142.392553	7.48682962	233.963426	35	19.3739612	6.10856986	190.892808
5	12:43:26	15.73	92.040	27.490	44703.000	26.000	92.097890	19.2945079	188.951073	141.725351	7.45174893	232.867154	35	19.3739612	6.07994722	189.998351
5	12:43:41	15.98	92.440	27.450	44703.000	26.000	92.444545	19.3671322	189.662282	142.258803	7.47979721	233.743663	35	19.3739612	6.10283205	190.713502
5	12:43:56	16.23	92.220	27.470	44717.000	26.000	92.271017	19.3307780	189.306265	141.991768	7.46575682	233.304901	35	19.3739612	6.09137637	190.355512
5	12:44:11	16.48	91.790	27.520	44752.000	26.000	91.838950	19.2402601	188.419824	141.326881	7.43079784	232.212432	35	19.3739612	6.06285304	189.464157
5	12:44:26	16.73	92.080	27.490	44675.000	26.000	92.097890	19.2945079	188.951073	141.725351	7.45174893	232.867154	35	19.3739612	6.07994722	189.998351
5	12:44:41	16.98	92.210	27.470	44721.000	26.000	92.271017	19.3307780	189.306265	141.991768	7.46575682	233.304901	35	19.3739612	6.09137637	190.355512
5	12:44:56	17.23	92.320	27.460	44709.000	26.000	92.357731	19.3489445	189.484170	142.125208	7.47277294	233.524154	35	19.3739612	6.09710089	190.534403
5	12:45:11	17.48	92.020	27.490	44728.000	26.000	92.097890	19.2945079	188.951073	141.725351	7.45174893	232.867154	35	19.3739612	6.07994722	189.998351
5	12:45:26	17.73	92.040	27.490	44785.000	26.000	92.097890	19.2945079	188.951073	141.725351	7.45174893	232.867154	35	19.3739612	6.07994722	189.998351
5	12:45:41	17.98	92.020	27.490	44746.000	26.000	92.097890	19.2945079	188.951073	141.725351	7.45174893	232.867154	35	19.3739612	6.07994722	189.998351
5	12:45:56	18.23	91.990	27.500	44793.000	26.000	92.011477	19.2764044	188.773785	141.592374	7.44475715	232.648661	35	19.3739612	6.07424256	189.820080
5	12:46:11	18.48	92.320	27.460	44787.000	26.000	92.357731	19.3489445	189.484170	142.125208	7.47277294	233.524154	35	19.3739612	6.09710089	190.534403
5	12:46:26	18.73	91.510	27.550	44745.000	26.000	91.580908	19.1862003	187.890416	140.929791	7.40991934	231.559979	35	19.3739612	6.04581808	188.931815
5	12:46:41	18.98	91.980	27.500	44783.000	26.000	92.011477	19.2764044	188.773785	141.592374	7.44475715	232.648661	35	19.3739612	6.07424256	189.820080
5	12:46:56	19.23	92.050	27.490	44819.000	26.000	92.097890	19.2945079	188.951073	141.725351	7.45174893	232.867154	35	19.3739612	6.07994722	189.998351
5	12:47:11	19.48	92.020	27.490	44771.000	26.000	92.097890	19.2945079	188.951073	141.725351	7.45174893	232.867154	35	19.3739612	6.07994722	189.998351
5	12:47:26	19.73	92.040	27.490	44823.000	26.000	92.097890	19.2945079	188.951073	141.725351	7.45174893	232.867154	35	19.3739612	6.07994722	189.998351
5	12:47:41	19.98	92.110	27.480	44839.000	26.000	92.184403	19.3126325	189.128566	141.858483	7.45874882	233.085901	35	19.3739612	6.08565848	190.176828
