Chamber	Time/hh:mm:ss	Logtime/min	Oxy/% air sat.	Phase/°	Amp	Temp/°C	% air-sat.	% oxygen	pO2 (hPa)	pO2 (Torr)	cO2 [mg/L]	cO2 [µmol/L]	Salinity	chlorinity	SalCorcO2 [mg/L]	SalCorcO2 [µmol/L]
2	14:09:29	0.00	96.430	26.490	11089.000	29.000	96.455321	20.2073898	196.585603	147.451735	7.40566645	231.427077	35	19.3739612	5.99990673	187.497085
2	14:09:44	0.25	95.540	26.580	11098.000	29.000	95.625551	20.0335529	194.894448	146.183262	7.34195819	229.436193	35	19.3739612	5.94829171	185.884116
2	14:09:59	0.50	95.810	26.550	11065.000	29.000	95.901150	20.0912910	195.456147	146.604572	7.36311823	230.097445	35	19.3739612	5.96543511	186.419847
2	14:10:14	0.75	94.920	26.650	11115.000	29.000	94.986307	19.8996313	193.591604	145.206046	7.29287817	227.902443	35	19.3739612	5.90852817	184.641505
2	14:10:29	1.00	96.920	26.430	11086.000	29.000	97.013484	20.3243249	197.723194	148.305002	7.44852119	232.766287	35	19.3739612	6.03462669	188.582084
2	14:10:44	1.25	96.890	26.440	11085.000	29.000	96.920178	20.3047773	197.533027	148.162364	7.44135733	232.542417	35	19.3739612	6.02882269	188.400709
2	14:10:59	1.50	96.240	26.510	11060.000	29.000	96.270156	20.1685976	196.208217	147.168672	7.39144979	230.982806	35	19.3739612	5.98838871	187.137147
2	14:11:14	1.75	96.460	26.480	11128.000	29.000	96.548070	20.2268207	196.774634	147.593521	7.41278755	231.649611	35	19.3739612	6.00567609	187.677378
2	14:11:29	2.00	95.720	26.560	11082.000	29.000	95.809174	20.0720220	195.268691	146.463967	7.35605646	229.876764	35	19.3739612	5.95971382	186.241057
2	14:11:44	2.25	95.230	26.620	11068.000	29.000	95.259616	19.9568895	194.148635	145.623855	7.31386235	228.558198	35	19.3739612	5.92552908	185.172784
2	14:11:59	2.50	96.160	26.520	11085.000	29.000	96.177739	20.1492363	196.019863	147.027394	7.38435420	230.761069	35	19.3739612	5.98264002	186.957501
2	14:12:14	2.75	95.920	26.540	11093.000	29.000	95.993236	20.1105830	195.643828	146.745344	7.37018843	230.318388	35	19.3739612	5.97116323	186.598851
2	14:12:29	3.00	96.610	26.470	11118.000	29.000	96.640930	20.2462748	196.963892	147.735477	7.41991717	231.872412	35	19.3739612	6.01145235	187.857886
2	14:12:44	3.25	95.630	26.570	11035.000	29.000	95.717308	20.0527760	195.081458	146.323531	7.34900312	229.656348	35	19.3739612	5.95399936	186.062480
2	14:12:59	3.50	95.050	26.640	11095.000	29.000	95.077301	19.9186946	193.777060	145.345150	7.29986457	228.120768	35	19.3739612	5.91418839	184.818387
2	14:13:14	3.75	96.650	26.460	11084.000	29.000	96.733901	20.2657523	197.153377	147.877602	7.42705533	232.095479	35	19.3739612	6.01723553	188.038610
2	14:13:29	4.00	96.700	26.460	11073.000	29.000	96.733901	20.2657523	197.153377	147.877602	7.42705533	232.095479	35	19.3739612	6.01723553	188.038610
2	14:13:44	4.25	95.910	26.540	11075.000	29.000	95.993236	20.1105830	195.643828	146.745344	7.37018843	230.318388	35	19.3739612	5.97116323	186.598851
2	14:13:59	4.50	96.310	26.500	11073.000	29.000	96.362683	20.1879821	196.396797	147.310119	7.39855387	231.204808	35	19.3739612	5.99414428	187.317009
2	14:14:14	4.75	96.250	26.510	11082.000	29.000	96.270156	20.1685976	196.208217	147.168672	7.39144979	230.982806	35	19.3739612	5.98838871	187.137147
2	14:14:29	5.00	95.700	26.570	11098.000	29.000	95.717308	20.0527760	195.081458	146.323531	7.34900312	229.656348	35	19.3739612	5.95399936	186.062480
2	14:14:44	5.25	96.870	26.440	11103.000	29.000	96.920178	20.3047773	197.533027	148.162364	7.44135733	232.542417	35	19.3739612	6.02882269	188.400709
2	14:14:59	5.50	96.730	26.460	11110.000	29.000	96.733901	20.2657523	197.153377	147.877602	7.42705533	232.095479	35	19.3739612	6.01723553	188.038610
2	14:15:14	5.75	94.660	26.680	11114.000	29.000	94.713972	19.8425771	193.036559	144.789726	7.27196880	227.249025	35	19.3739612	5.89158786	184.112121
2	14:15:29	6.00	95.800	26.560	11094.000	29.000	95.809174	20.0720220	195.268691	146.463967	7.35605646	229.876764	35	19.3739612	5.95971382	186.241057
2	14:15:44	6.25	96.240	26.510	11073.000	29.000	96.270156	20.1685976	196.208217	147.168672	7.39144979	230.982806	35	19.3739612	5.98838871	187.137147
2	14:15:59	6.50	96.200	26.510	11099.000	29.000	96.270156	20.1685976	196.208217	147.168672	7.39144979	230.982806	35	19.3739612	5.98838871	187.137147
2	14:16:14	6.75	95.760	26.560	11091.000	29.000	95.809174	20.0720220	195.268691	146.463967	7.35605646	229.876764	35	19.3739612	5.95971382	186.241057
2	14:16:29	7.00	94.350	26.720	11059.000	29.000	94.352367	19.7668209	192.299572	144.236939	7.24420541	226.381419	35	19.3739612	5.86909458	183.409206
2	14:16:44	7.25	96.010	26.530	11046.000	29.000	96.085433	20.1298981	195.831733	146.886285	7.37726708	230.539596	35	19.3739612	5.97689819	186.778069
2	14:16:59	7.50	95.440	26.600	11113.000	29.000	95.442365	19.9951755	194.521097	145.903225	7.32789352	228.996673	35	19.3739612	5.93689683	185.528026
2	14:17:14	7.75	96.500	26.480	11052.000	29.000	96.548070	20.2268207	196.774634	147.593521	7.41278755	231.649611	35	19.3739612	6.00567609	187.677378
2	14:17:29	8.00	95.250	26.620	11087.000	29.000	95.259616	19.9568895	194.148635	145.623855	7.31386235	228.558198	35	19.3739612	5.92552908	185.172784
2	14:17:44	8.25	95.300	26.610	11118.000	29.000	95.350936	19.9760211	194.334755	145.763456	7.32087375	228.777305	35	19.3739612	5.93120957	185.350299
2	14:17:59	8.50	95.820	26.550	11058.000	29.000	95.901150	20.0912910	195.456147	146.604572	7.36311823	230.097445	35	19.3739612	5.96543511	186.419847
2	14:18:14	8.75	97.010	26.430	11081.000	29.000	97.013484	20.3243249	197.723194	148.305002	7.44852119	232.766287	35	19.3739612	6.03462669	188.582084
2	14:18:29	9.00	97.690	26.350	11095.000	29.000	97.763974	20.4815525	199.252768	149.452279	7.50614245	234.566951	35	19.3739612	6.08131016	190.040942
2	14:18:44	9.25	94.160	26.740	11098.000	29.000	94.172208	19.7290775	191.932389	143.961529	7.23037312	225.949160	35	19.3739612	5.85788796	183.058999
2	14:18:59	9.50	96.650	26.460	11071.000	29.000	96.733901	20.2657523	197.153377	147.877602	7.42705533	232.095479	35	19.3739612	6.01723553	188.038610
2	14:19:14	9.75	97.370	26.390	11095.000	29.000	97.387828	20.4027500	198.486145	148.877264	7.47726267	233.664458	35	19.3739612	6.05791240	189.309763
2	14:19:29	10.00	95.030	26.640	11101.000	29.000	95.077301	19.9186946	193.777060	145.345150	7.29986457	228.120768	35	19.3739612	5.91418839	184.818387
2	14:19:44	10.25	95.540	26.580	11071.000	29.000	95.625551	20.0335529	194.894448	146.183262	7.34195819	229.436193	35	19.3739612	5.94829171	185.884116
2	14:19:59	10.50	97.820	26.340	11088.000	29.000	97.858293	20.5013123	199.444999	149.596465	7.51338410	234.793253	35	19.3739612	6.08717718	190.224287
2	14:20:14	10.75	95.300	26.610	11108.000	29.000	95.350936	19.9760211	194.334755	145.763456	7.32087375	228.777305	35	19.3739612	5.93120957	185.350299
2	14:20:29	11.00	95.560	26.580	11063.000	29.000	95.625551	20.0335529	194.894448	146.183262	7.34195819	229.436193	35	19.3739612	5.94829171	185.884116
2	14:20:44	11.25	95.440	26.600	11089.000	29.000	95.442365	19.9951755	194.521097	145.903225	7.32789352	228.996673	35	19.3739612	5.93689683	185.528026
2	14:20:59	11.50	97.090	26.420	11077.000	29.000	97.106902	20.3438959	197.913589	148.447810	7.45569364	232.990426	35	19.3739612	6.04043765	188.763677
2	14:21:14	11.75	95.090	26.630	11114.000	29.000	95.168404	19.9377807	193.962737	145.484419	7.30685929	228.339353	35	19.3739612	5.91985536	184.995480
2	14:21:29	12.00	96.470	26.480	11090.000	29.000	96.548070	20.2268207	196.774634	147.593521	7.41278755	231.649611	35	19.3739612	6.00567609	187.677378
2	14:21:44	12.25	95.300	26.610	11090.000	29.000	95.350936	19.9760211	194.334755	145.763456	7.32087375	228.777305	35	19.3739612	5.93120957	185.350299
2	14:21:59	12.50	96.130	26.520	11039.000	29.000	96.177739	20.1492363	196.019863	147.027394	7.38435420	230.761069	35	19.3739612	5.98264002	186.957501
2	14:22:14	12.75	97.110	26.410	11078.000	29.000	97.200431	20.3634904	198.104212	148.590789	7.46287469	233.214834	35	19.3739612	6.04625558	188.945487
2	14:22:29	13.00	96.010	26.530	11104.000	29.000	96.085433	20.1298981	195.831733	146.886285	7.37726708	230.539596	35	19.3739612	5.97689819	186.778069
2	14:22:44	13.25	94.280	26.720	11080.000	29.000	94.352367	19.7668209	192.299572	144.236939	7.24420541	226.381419	35	19.3739612	5.86909458	183.409206
2	14:22:59	13.50	95.190	26.620	11068.000	29.000	95.259616	19.9568895	194.148635	145.623855	7.31386235	228.558198	35	19.3739612	5.92552908	185.172784
2	14:23:14	13.75	94.970	26.650	11118.000	29.000	94.986307	19.8996313	193.591604	145.206046	7.29287817	227.902443	35	19.3739612	5.90852817	184.641505
2	14:23:29	14.00	95.860	26.550	11071.000	29.000	95.901150	20.0912910	195.456147	146.604572	7.36311823	230.097445	35	19.3739612	5.96543511	186.419847
2	14:23:44	14.25	95.630	26.570	11071.000	29.000	95.717308	20.0527760	195.081458	146.323531	7.34900312	229.656348	35	19.3739612	5.95399936	186.062480
2	14:23:59	14.50	96.520	26.480	11074.000	29.000	96.548070	20.2268207	196.774634	147.593521	7.41278755	231.649611	35	19.3739612	6.00567609	187.677378
2	14:24:14	14.75	95.520	26.590	11083.000	29.000	95.533903	20.0143528	194.707661	146.043160	7.33492166	229.216302	35	19.3739612	5.94259087	185.705965
2	14:24:29	15.00	97.570	26.370	11065.000	29.000	97.575675	20.4421039	198.868996	149.164426	7.49168522	234.115163	35	19.3739612	6.06959723	189.674913
2	14:24:44	15.25	96.350	26.500	11076.000	29.000	96.362683	20.1879821	196.396797	147.310119	7.39855387	231.204808	35	19.3739612	5.99414428	187.317009
2	14:24:59	15.50	95.660	26.570	11081.000	29.000	95.717308	20.0527760	195.081458	146.323531	7.34900312	229.656348	35	19.3739612	5.95399936	186.062480
2	14:25:14	15.75	96.000	26.530	11089.000	29.000	96.085433	20.1298981	195.831733	146.886285	7.37726708	230.539596	35	19.3739612	5.97689819	186.778069
2	14:25:29	16.00	96.500	26.480	11055.000	29.000	96.548070	20.2268207	196.774634	147.593521	7.41278755	231.649611	35	19.3739612	6.00567609	187.677378
2	14:25:44	16.25	95.460	26.590	11052.000	29.000	95.533903	20.0143528	194.707661	146.043160	7.33492166	229.216302	35	19.3739612	5.94259087	185.705965
2	14:25:59	16.50	95.570	26.580	11107.000	29.000	95.625551	20.0335529	194.894448	146.183262	7.34195819	229.436193	35	19.3739612	5.94829171	185.884116
2	14:26:14	16.75	96.400	26.490	11048.000	29.000	96.455321	20.2073898	196.585603	147.451735	7.40566645	231.427077	35	19.3739612	5.99990673	187.497085
2	14:26:29	17.00	95.180	26.620	11071.000	29.000	95.259616	19.9568895	194.148635	145.623855	7.31386235	228.558198	35	19.3739612	5.92552908	185.172784
2	14:26:44	17.25	96.150	26.520	11091.000	29.000	96.177739	20.1492363	196.019863	147.027394	7.38435420	230.761069	35	19.3739612	5.98264002	186.957501
2	14:26:59	17.50	94.570	26.690	11087.000	29.000	94.623409	19.8236043	192.851983	144.651283	7.26501557	227.031737	35	19.3739612	5.88595451	183.936078
2	14:27:14	17.75	94.860	26.660	11065.000	29.000	94.895420	19.8805906	193.406369	145.067107	7.28590008	227.684378	35	19.3739612	5.90287468	184.464834
2	14:27:29	18.00	95.650	26.570	11094.000	29.000	95.717308	20.0527760	195.081458	146.323531	7.34900312	229.656348	35	19.3739612	5.95399936	186.062480
2	14:27:44	18.25	95.960	26.540	11087.000	29.000	95.993236	20.1105830	195.643828	146.745344	7.37018843	230.318388	35	19.3739612	5.97116323	186.598851
2	14:27:59	18.50	95.960	26.540	11072.000	29.000	95.993236	20.1105830	195.643828	146.745344	7.37018843	230.318388	35	19.3739612	5.97116323	186.598851
2	14:28:14	18.75	94.440	26.710	11100.000	29.000	94.442607	19.7857262	192.483490	144.374890	7.25113389	226.597934	35	19.3739612	5.87470788	183.584621
2	14:28:29	19.00	95.360	26.600	11084.000	29.000	95.442365	19.9951755	194.521097	145.903225	7.32789352	228.996673	35	19.3739612	5.93689683	185.528026
2	14:28:44	19.25	95.090	26.630	11079.000	29.000	95.168404	19.9377807	193.962737	145.484419	7.30685929	228.339353	35	19.3739612	5.91985536	184.995480
2	14:28:59	19.50	97.110	26.410	11075.000	29.000	97.200431	20.3634904	198.104212	148.590789	7.46287469	233.214834	35	19.3739612	6.04625558	188.945487
2	14:29:14	19.75	94.940	26.650	11055.000	29.000	94.986307	19.8996313	193.591604	145.206046	7.29287817	227.902443	35	19.3739612	5.90852817	184.641505
