Chamber	Time/hh:mm:ss	Logtime/min	Oxy/% air sat.	Phase/°	Amp	Temp/°C	% air-sat.	% oxygen	pO2 (hPa)	pO2 (Torr)	cO2 [mg/L]	cO2 [µmol/L]	Salinity	chlorinity	SalCorcO2 [mg/L]	SalCorcO2 [µmol/L]
6	15:19:15	0.00	95.590	26.080	34063.000	32.000	95.657642	20.0402760	193.454574	145.103264	6.98344277	218.232586	35	19.3739612	5.57615036	174.254699
6	15:19:30	0.25	95.380	26.100	34051.000	32.000	95.472086	20.0014019	193.079312	144.821794	6.96989630	217.809260	35	19.3739612	5.56533376	173.916680
6	15:19:45	0.50	95.830	26.060	34090.000	32.000	95.843649	20.0792445	193.830749	145.385419	6.99702214	218.656942	35	19.3739612	5.58699324	174.593539
6	15:20:00	0.75	95.930	26.050	34042.000	32.000	95.936822	20.0987643	194.019178	145.526754	7.00382420	218.869506	35	19.3739612	5.59242456	174.763267
6	15:20:15	1.00	95.040	26.140	34110.000	32.000	95.102320	19.9239360	192.331510	144.260895	6.94290171	216.965678	35	19.3739612	5.54377908	173.243096
6	15:20:30	1.25	96.170	26.020	34124.000	32.000	96.217022	20.1574660	194.585843	145.951788	7.02428002	219.508751	35	19.3739612	5.60875815	175.273692
6	15:20:45	1.50	96.030	26.040	34091.000	32.000	96.030109	20.1183078	194.207837	145.668260	7.01063452	219.082329	35	19.3739612	5.59786248	174.933202
6	15:21:00	1.75	95.140	26.130	34071.000	32.000	95.194593	19.9432673	192.518121	144.400865	6.94963810	217.176191	35	19.3739612	5.54915796	173.411186
6	15:21:15	2.00	94.920	26.150	34138.000	32.000	95.010158	19.9046281	192.145125	144.121094	6.93617347	216.755421	35	19.3739612	5.53840670	173.075209
6	15:21:30	2.25	95.460	26.100	34111.000	32.000	95.472086	20.0014019	193.079312	144.821794	6.96989630	217.809260	35	19.3739612	5.56533376	173.916680
6	15:21:45	2.50	95.360	26.110	34129.000	32.000	95.379476	19.9820002	192.892021	144.681314	6.96313538	217.597981	35	19.3739612	5.55993529	173.747978
6	15:22:00	2.75	94.830	26.160	34120.000	32.000	94.918107	19.8853435	191.958966	143.981463	6.92945338	216.545418	35	19.3739612	5.53304083	172.907526
6	15:22:15	3.00	94.590	26.190	34163.000	32.000	94.642624	19.8276297	191.401838	143.563581	6.90934181	215.916932	35	19.3739612	5.51698212	172.405691
6	15:22:30	3.25	94.820	26.170	34186.000	32.000	94.826168	19.8660823	191.773032	143.842000	6.92274141	216.335669	35	19.3739612	5.52768145	172.740045
6	15:22:45	3.50	95.000	26.150	34168.000	32.000	95.010158	19.9046281	192.145125	144.121094	6.93617347	216.755421	35	19.3739612	5.53840670	173.075209
6	15:23:00	3.75	94.770	26.170	34221.000	32.000	94.826168	19.8660823	191.773032	143.842000	6.92274141	216.335669	35	19.3739612	5.52768145	172.740045
6	15:23:15	4.00	95.530	26.090	34179.000	32.000	95.564808	20.0208272	193.266829	144.962444	6.97666543	218.020795	35	19.3739612	5.57073878	174.085587
6	15:23:30	4.25	94.890	26.160	34228.000	32.000	94.918107	19.8853435	191.958966	143.981463	6.92945338	216.545418	35	19.3739612	5.53304083	172.907526
6	15:23:45	4.50	94.750	26.170	34164.000	32.000	94.826168	19.8660823	191.773032	143.842000	6.92274141	216.335669	35	19.3739612	5.52768145	172.740045
6	15:24:00	4.75	94.560	26.190	34179.000	32.000	94.642624	19.8276297	191.401838	143.563581	6.90934181	215.916932	35	19.3739612	5.51698212	172.405691
6	15:24:15	5.00	95.250	26.120	34282.000	32.000	95.286979	19.9626220	192.704958	144.541004	6.95638265	217.386958	35	19.3739612	5.55454336	173.579480
6	15:24:30	5.25	94.380	26.210	34248.000	32.000	94.459522	19.7892699	191.031540	143.285834	6.89597457	215.499205	35	19.3739612	5.50630862	172.072144
6	15:24:45	5.50	94.580	26.190	34217.000	32.000	94.642624	19.8276297	191.401838	143.563581	6.90934181	215.916932	35	19.3739612	5.51698212	172.405691
6	15:25:00	5.75	94.730	26.180	34261.000	32.000	94.734341	19.8468444	191.587323	143.702707	6.91603756	216.126174	35	19.3739612	5.52232855	172.572767
6	15:25:15	6.00	95.500	26.090	34334.000	32.000	95.564808	20.0208272	193.266829	144.962444	6.97666543	218.020795	35	19.3739612	5.57073878	174.085587
6	15:25:30	6.25	95.310	26.110	34276.000	32.000	95.379476	19.9820002	192.892021	144.681314	6.96313538	217.597981	35	19.3739612	5.55993529	173.747978
6	15:25:45	6.50	94.880	26.160	34313.000	32.000	94.918107	19.8853435	191.958966	143.981463	6.92945338	216.545418	35	19.3739612	5.53304083	172.907526
6	15:26:00	6.75	94.620	26.190	34310.000	32.000	94.642624	19.8276297	191.401838	143.563581	6.90934181	215.916932	35	19.3739612	5.51698212	172.405691
6	15:26:15	7.00	94.150	26.240	34296.000	32.000	94.185698	19.7319038	190.477768	142.870470	6.87598419	214.874506	35	19.3739612	5.49034667	171.573333
6	15:26:30	7.25	95.120	26.130	34342.000	32.000	95.194593	19.9432673	192.518121	144.400865	6.94963810	217.176191	35	19.3739612	5.54915796	173.411186
6	15:26:45	7.50	94.760	26.170	34308.000	32.000	94.826168	19.8660823	191.773032	143.842000	6.92274141	216.335669	35	19.3739612	5.52768145	172.740045
6	15:27:00	7.75	94.140	26.240	34328.000	32.000	94.185698	19.7319038	190.477768	142.870470	6.87598419	214.874506	35	19.3739612	5.49034667	171.573333
6	15:27:15	8.00	94.260	26.230	34329.000	32.000	94.276863	19.7510028	190.662136	143.008758	6.88263960	215.082488	35	19.3739612	5.49566089	171.739403
6	15:27:30	8.25	93.770	26.280	34320.000	32.000	93.822139	19.6557381	189.742519	142.318986	6.84944269	214.045084	35	19.3739612	5.46915377	170.911055
6	15:27:45	8.50	94.290	26.220	34345.000	32.000	94.368137	19.7701248	190.846726	143.147212	6.88930306	215.290721	35	19.3739612	5.50098154	171.905673
6	15:28:00	8.75	94.080	26.250	34373.000	32.000	94.094644	19.7128279	190.293623	142.732350	6.86933680	214.666775	35	19.3739612	5.48503885	171.407464
6	15:28:15	9.00	93.760	26.280	34381.000	32.000	93.822139	19.6557381	189.742519	142.318986	6.84944269	214.045084	35	19.3739612	5.46915377	170.911055
6	15:28:30	9.25	94.500	26.200	34358.000	32.000	94.551018	19.8084382	191.216577	143.424624	6.90265415	215.707942	35	19.3739612	5.51164214	172.238817
6	15:28:45	9.50	93.770	26.280	34395.000	32.000	93.822139	19.6557381	189.742519	142.318986	6.84944269	214.045084	35	19.3739612	5.46915377	170.911055
6	15:29:00	9.75	93.970	26.260	34412.000	32.000	94.003699	19.6937750	190.109700	142.594395	6.86269743	214.459295	35	19.3739612	5.47973743	171.241795
6	15:29:15	10.00	93.770	26.280	34462.000	32.000	93.822139	19.6557381	189.742519	142.318986	6.84944269	214.045084	35	19.3739612	5.46915377	170.911055
6	15:29:30	10.25	94.050	26.250	34400.000	32.000	94.094644	19.7128279	190.293623	142.732350	6.86933680	214.666775	35	19.3739612	5.48503885	171.407464
6	15:29:45	10.50	93.460	26.310	34459.000	32.000	93.550618	19.5988544	189.193404	141.907115	6.82962041	213.425638	35	19.3739612	5.45332605	170.416439
6	15:30:00	10.75	92.870	26.380	34468.000	32.000	92.920870	19.4669222	187.919824	140.951849	6.78364593	211.988935	35	19.3739612	5.41661627	169.269258
6	15:30:15	11.00	93.520	26.310	34479.000	32.000	93.550618	19.5988544	189.193404	141.907115	6.82962041	213.425638	35	19.3739612	5.45332605	170.416439
6	15:30:30	11.25	93.240	26.340	34469.000	32.000	93.280076	19.5421759	188.646270	141.496730	6.80986964	212.808426	35	19.3739612	5.43755542	169.923607
6	15:30:45	11.50	93.780	26.280	34496.000	32.000	93.822139	19.6557381	189.742519	142.318986	6.84944269	214.045084	35	19.3739612	5.46915377	170.911055
6	15:31:00	11.75	93.000	26.370	34468.000	32.000	93.010509	19.4857017	188.101108	141.087823	6.79019003	212.193439	35	19.3739612	5.42184162	169.432551
6	15:31:15	12.00	93.770	26.280	34522.000	32.000	93.822139	19.6557381	189.742519	142.318986	6.84944269	214.045084	35	19.3739612	5.46915377	170.911055
6	15:31:30	12.25	93.150	26.350	34491.000	32.000	93.190112	19.5233285	188.464331	141.360264	6.80330188	212.603184	35	19.3739612	5.43231118	169.759724
6	15:31:45	12.50	93.310	26.330	34528.000	32.000	93.370148	19.5610460	188.828429	141.633360	6.81644530	213.013916	35	19.3739612	5.44280596	170.087686
6	15:32:00	12.75	93.140	26.350	34544.000	32.000	93.190112	19.5233285	188.464331	141.360264	6.80330188	212.603184	35	19.3739612	5.43231118	169.759724
6	15:32:15	13.00	92.290	26.450	34582.000	32.000	92.296397	19.3360952	186.656914	140.004586	6.73805662	210.564269	35	19.3739612	5.38021404	168.131689
6	15:32:30	13.25	93.120	26.350	34604.000	32.000	93.190112	19.5233285	188.464331	141.360264	6.80330188	212.603184	35	19.3739612	5.43231118	169.759724
6	15:32:45	13.50	92.610	26.410	34595.000	32.000	92.652596	19.4107188	187.377277	140.544904	6.76406073	211.376898	35	19.3739612	5.40097785	168.780558
6	15:33:00	13.75	93.040	26.360	34641.000	32.000	93.100257	19.5045038	188.282610	141.223962	6.79674201	212.398188	35	19.3739612	5.42707325	169.596039
6	15:33:15	14.00	92.890	26.380	34585.000	32.000	92.920870	19.4669222	187.919824	140.951849	6.78364593	211.988935	35	19.3739612	5.41661627	169.269258
6	15:33:30	14.25	92.560	26.420	34612.000	32.000	92.563386	19.3920293	187.196862	140.409581	6.75754799	211.173375	35	19.3739612	5.39577755	168.618048
6	15:33:45	14.50	93.270	26.340	34628.000	32.000	93.280076	19.5421759	188.646270	141.496730	6.80986964	212.808426	35	19.3739612	5.43755542	169.923607
6	15:34:00	14.75	92.670	26.400	34617.000	32.000	92.741913	19.4294308	187.557909	140.680389	6.77058129	211.580665	35	19.3739612	5.40618439	168.943262
6	15:34:15	15.00	93.060	26.360	34637.000	32.000	93.100257	19.5045038	188.282610	141.223962	6.79674201	212.398188	35	19.3739612	5.42707325	169.596039
6	15:34:30	15.25	92.680	26.400	34672.000	32.000	92.741913	19.4294308	187.557909	140.680389	6.77058129	211.580665	35	19.3739612	5.40618439	168.943262
6	15:34:45	15.50	92.990	26.370	34669.000	32.000	93.010509	19.4857017	188.101108	141.087823	6.79019003	212.193439	35	19.3739612	5.42184162	169.432551
6	15:35:00	15.75	93.280	26.330	34647.000	32.000	93.370148	19.5610460	188.828429	141.633360	6.81644530	213.013916	35	19.3739612	5.44280596	170.087686
6	15:35:15	16.00	92.700	26.400	34704.000	32.000	92.741913	19.4294308	187.557909	140.680389	6.77058129	211.580665	35	19.3739612	5.40618439	168.943262
6	15:35:30	16.25	93.050	26.360	34718.000	32.000	93.100257	19.5045038	188.282610	141.223962	6.79674201	212.398188	35	19.3739612	5.42707325	169.596039
6	15:35:45	16.50	92.260	26.450	34766.000	32.000	92.296397	19.3360952	186.656914	140.004586	6.73805662	210.564269	35	19.3739612	5.38021404	168.131689
6	15:36:00	16.75	91.880	26.490	34755.000	32.000	91.941903	19.2618288	185.939998	139.466853	6.71217695	209.755530	35	19.3739612	5.35954961	167.485925
6	15:36:15	17.00	92.470	26.430	34797.000	32.000	92.474283	19.3733623	187.016663	140.274421	6.75104307	210.970096	35	19.3739612	5.39058349	168.455734
6	15:36:30	17.25	92.230	26.450	34751.000	32.000	92.296397	19.3360952	186.656914	140.004586	6.73805662	210.564269	35	19.3739612	5.38021404	168.131689
6	15:36:45	17.50	91.480	26.540	34788.000	32.000	91.501167	19.1694946	185.048669	138.798300	6.68000122	208.750038	35	19.3739612	5.33385788	166.683059
6	15:37:00	17.75	92.340	26.440	34771.000	32.000	92.385287	19.3547176	186.836680	140.139422	6.74454595	210.767061	35	19.3739612	5.38539566	168.293614
6	15:37:15	18.00	91.480	26.540	34787.000	32.000	91.501167	19.1694946	185.048669	138.798300	6.68000122	208.750038	35	19.3739612	5.33385788	166.683059
6	15:37:30	18.25	92.360	26.440	34755.000	32.000	92.385287	19.3547176	186.836680	140.139422	6.74454595	210.767061	35	19.3739612	5.38539566	168.293614
6	15:37:45	18.50	91.630	26.520	34800.000	32.000	91.677145	19.2063620	185.404561	139.065241	6.69284841	209.151513	35	19.3739612	5.34411613	167.003629
6	15:38:00	18.75	92.590	26.410	34747.000	32.000	92.652596	19.4107188	187.377277	140.544904	6.76406073	211.376898	35	19.3739612	5.40097785	168.780558
6	15:38:15	19.00	90.950	26.600	34790.000	32.000	90.975750	19.0594197	183.986085	138.001294	6.64164339	207.551356	35	19.3739612	5.30322986	165.725933
6	15:38:30	19.25	91.690	26.510	34831.000	32.000	91.765292	19.2248288	185.582826	139.198952	6.69928355	209.352611	35	19.3739612	5.34925446	167.164202
6	15:38:45	19.50	91.470	26.540	34846.000	32.000	91.501167	19.1694946	185.048669	138.798300	6.68000122	208.750038	35	19.3739612	5.33385788	166.683059
6	15:39:00	19.75	91.840	26.500	34862.000	32.000	91.853545	19.2433177	185.761305	139.332822	6.70572639	209.553950	35	19.3739612	5.35439895	167.324967
6	15:39:15	20.00	91.420	26.540	34901.000	32.000	91.501167	19.1694946	185.048669	138.798300	6.68000122	208.750038	35	19.3739612	5.33385788	166.683059
6	15:39:30	20.25	91.830	26.500	34875.000	32.000	91.853545	19.2433177	185.761305	139.332822	6.70572639	209.553950	35	19.3739612	5.35439895	167.324967
