Chamber	Time/hh:mm:ss	Logtime/min	Oxy/% air sat.	Phase/°	Amp	Temp/°C	% air-sat.	% oxygen	pO2 (hPa)	pO2 (Torr)	cO2 [mg/L]	cO2 [µmol/L]	Salinity	chlorinity	SalCorcO2 [mg/L]	SalCorcO2 [µmol/L]
7	15:52:55	0.00	93.460	26.320	29639.000	32.000	93.460329	19.5799388	189.010806	141.770155	6.82302889	213.219653	35	19.3739612	5.44806284	170.251964
7	15:53:02	0.11	92.500	26.420	29663.000	32.000	92.563386	19.3920293	187.196862	140.409581	6.75754799	211.173375	35	19.3739612	5.39577755	168.618048
7	15:53:17	0.36	92.950	26.370	29680.000	32.000	93.010509	19.4857017	188.101108	141.087823	6.79019003	212.193439	35	19.3739612	5.42184162	169.432551
7	15:53:32	0.61	92.910	26.380	29650.000	32.000	92.920870	19.4669222	187.919824	140.951849	6.78364593	211.988935	35	19.3739612	5.41661627	169.269258
7	15:53:47	0.86	92.940	26.370	29697.000	32.000	93.010509	19.4857017	188.101108	141.087823	6.79019003	212.193439	35	19.3739612	5.42184162	169.432551
7	15:54:02	1.11	93.320	26.330	29680.000	32.000	93.370148	19.5610460	188.828429	141.633360	6.81644530	213.013916	35	19.3739612	5.44280596	170.087686
7	15:54:17	1.36	92.750	26.390	29690.000	32.000	92.831337	19.4481652	187.738758	140.816038	6.77710968	211.784678	35	19.3739612	5.41139720	169.106162
7	15:54:32	1.61	91.900	26.490	29697.000	32.000	91.941903	19.2618288	185.939998	139.466853	6.71217695	209.755530	35	19.3739612	5.35954961	167.485925
7	15:54:47	1.86	92.040	26.470	29718.000	32.000	92.118938	19.2989175	186.298026	139.735397	6.72510128	210.159415	35	19.3739612	5.36986944	167.808420
7	15:55:02	2.11	92.570	26.410	29723.000	32.000	92.652596	19.4107188	187.377277	140.544904	6.76406073	211.376898	35	19.3739612	5.40097785	168.780558
7	15:55:17	2.36	92.310	26.440	29720.000	32.000	92.385287	19.3547176	186.836680	140.139422	6.74454595	210.767061	35	19.3739612	5.38539566	168.293614
7	15:55:32	2.61	92.860	26.380	29707.000	32.000	92.920870	19.4669222	187.919824	140.951849	6.78364593	211.988935	35	19.3739612	5.41661627	169.269258
7	15:55:47	2.86	92.670	26.400	29740.000	32.000	92.741913	19.4294308	187.557909	140.680389	6.77058129	211.580665	35	19.3739612	5.40618439	168.943262
7	15:56:02	3.11	92.130	26.460	29741.000	32.000	92.207614	19.3174952	186.477362	139.869911	6.73157506	210.361721	35	19.3739612	5.37503864	167.969958
7	15:56:17	3.36	92.320	26.440	29736.000	32.000	92.385287	19.3547176	186.836680	140.139422	6.74454595	210.767061	35	19.3739612	5.38539566	168.293614
7	15:56:32	3.61	92.100	26.470	29767.000	32.000	92.118938	19.2989175	186.298026	139.735397	6.72510128	210.159415	35	19.3739612	5.36986944	167.808420
7	15:56:47	3.86	91.870	26.490	29754.000	32.000	91.941903	19.2618288	185.939998	139.466853	6.71217695	209.755530	35	19.3739612	5.35954961	167.485925
7	15:57:02	4.11	92.090	26.470	29754.000	32.000	92.118938	19.2989175	186.298026	139.735397	6.72510128	210.159415	35	19.3739612	5.36986944	167.808420
7	15:57:17	4.36	92.220	26.450	29768.000	32.000	92.296397	19.3360952	186.656914	140.004586	6.73805662	210.564269	35	19.3739612	5.38021404	168.131689
7	15:57:32	4.61	92.150	26.460	29747.000	32.000	92.207614	19.3174952	186.477362	139.869911	6.73157506	210.361721	35	19.3739612	5.37503864	167.969958
7	15:57:47	4.86	91.610	26.520	29828.000	32.000	91.677145	19.2063620	185.404561	139.065241	6.69284841	209.151513	35	19.3739612	5.34411613	167.003629
7	15:58:02	5.11	92.670	26.400	29772.000	32.000	92.741913	19.4294308	187.557909	140.680389	6.77058129	211.580665	35	19.3739612	5.40618439	168.943262
7	15:58:17	5.36	91.970	26.480	29804.000	32.000	92.030368	19.2803620	186.118905	139.601045	6.71863524	209.957351	35	19.3739612	5.36470643	167.647076
7	15:58:32	5.61	91.580	26.530	29754.000	32.000	91.589104	19.1879172	185.226509	138.931691	6.68642097	208.950655	35	19.3739612	5.33898393	166.843248
7	15:58:47	5.86	92.000	26.480	29810.000	32.000	92.030368	19.2803620	186.118905	139.601045	6.71863524	209.957351	35	19.3739612	5.36470643	167.647076
7	15:59:02	6.11	91.630	26.520	29803.000	32.000	91.677145	19.2063620	185.404561	139.065241	6.69284841	209.151513	35	19.3739612	5.34411613	167.003629
7	15:59:17	6.36	91.300	26.560	29847.000	32.000	91.325610	19.1327152	184.693628	138.531996	6.66718471	208.349522	35	19.3739612	5.32362413	166.363254
7	15:59:32	6.61	91.500	26.540	29833.000	32.000	91.501167	19.1694946	185.048669	138.798300	6.68000122	208.750038	35	19.3739612	5.33385788	166.683059
7	15:59:47	6.86	91.900	26.490	29843.000	32.000	91.941903	19.2618288	185.939998	139.466853	6.71217695	209.755530	35	19.3739612	5.35954961	167.485925
7	16:00:02	7.11	91.420	26.540	29840.000	32.000	91.501167	19.1694946	185.048669	138.798300	6.68000122	208.750038	35	19.3739612	5.33385788	166.683059
7	16:00:17	7.36	91.710	26.510	29899.000	32.000	91.765292	19.2248288	185.582826	139.198952	6.69928355	209.352611	35	19.3739612	5.34925446	167.164202
7	16:00:32	7.61	91.370	26.550	29864.000	32.000	91.413336	19.1510939	184.871042	138.665068	6.67358913	208.549660	35	19.3739612	5.32873795	166.523061
7	16:00:47	7.86	90.870	26.610	29884.000	32.000	90.888546	19.0411505	183.809727	137.869014	6.63527710	207.352409	35	19.3739612	5.29814649	165.567078
7	16:01:02	8.11	91.950	26.480	29907.000	32.000	92.030368	19.2803620	186.118905	139.601045	6.71863524	209.957351	35	19.3739612	5.36470643	167.647076
7	16:01:17	8.36	91.350	26.550	29928.000	32.000	91.413336	19.1510939	184.871042	138.665068	6.67358913	208.549660	35	19.3739612	5.32873795	166.523061
7	16:01:32	8.61	91.120	26.580	29895.000	32.000	91.150471	19.0960237	184.339434	138.266328	6.65439880	207.949963	35	19.3739612	5.31341482	166.044213
7	16:01:47	8.86	91.230	26.570	29916.000	32.000	91.237988	19.1143585	184.516425	138.399083	6.66078794	208.149623	35	19.3739612	5.31851643	166.203638
7	16:02:02	9.11	90.380	26.660	29898.000	32.000	90.454083	18.9501303	182.931083	137.209975	6.60355928	206.361227	35	19.3739612	5.27282040	164.775637
7	16:02:17	9.36	91.180	26.570	29923.000	32.000	91.237988	19.1143585	184.516425	138.399083	6.66078794	208.149623	35	19.3739612	5.31851643	166.203638
7	16:02:32	9.61	90.860	26.610	29969.000	32.000	90.888546	19.0411505	183.809727	137.869014	6.63527710	207.352409	35	19.3739612	5.29814649	165.567078
7	16:02:47	9.86	90.810	26.610	29925.000	32.000	90.888546	19.0411505	183.809727	137.869014	6.63527710	207.352409	35	19.3739612	5.29814649	165.567078
7	16:03:02	10.11	91.580	26.530	29942.000	32.000	91.589104	19.1879172	185.226509	138.931691	6.68642097	208.950655	35	19.3739612	5.33898393	166.843248
7	16:03:17	10.36	90.570	26.640	29976.000	32.000	90.627558	18.9864733	183.281912	137.473119	6.61622372	206.756991	35	19.3739612	5.28293272	165.091648
7	16:03:32	10.61	91.260	26.560	29976.000	32.000	91.325610	19.1327152	184.693628	138.531996	6.66718471	208.349522	35	19.3739612	5.32362413	166.363254
7	16:03:47	10.86	90.260	26.680	30016.000	32.000	90.281021	18.9138739	182.581089	136.947457	6.59092497	205.966405	35	19.3739612	5.26273213	164.460379
7	16:04:02	11.11	90.430	26.660	29963.000	32.000	90.454083	18.9501303	182.931083	137.209975	6.60355928	206.361227	35	19.3739612	5.27282040	164.775637
7	16:04:17	11.36	90.940	26.600	29996.000	32.000	90.975750	19.0594197	183.986085	138.001294	6.64164339	207.551356	35	19.3739612	5.30322986	165.725933
7	16:04:32	11.61	91.230	26.570	30005.000	32.000	91.237988	19.1143585	184.516425	138.399083	6.66078794	208.149623	35	19.3739612	5.31851643	166.203638
7	16:04:47	11.86	90.640	26.630	30027.000	32.000	90.714450	19.0046773	183.457641	137.604927	6.62256728	206.955227	35	19.3739612	5.28799793	165.249935
7	16:05:02	12.11	90.460	26.650	30034.000	32.000	90.540768	18.9682910	183.106393	137.341469	6.60988773	206.558992	35	19.3739612	5.27787355	164.933548
7	16:05:17	12.36	90.180	26.690	30061.000	32.000	90.194644	18.8957780	182.406404	136.816432	6.58461909	205.769346	35	19.3739612	5.25769700	164.303031
7	16:05:32	12.61	90.970	26.600	30026.000	32.000	90.975750	19.0594197	183.986085	138.001294	6.64164339	207.551356	35	19.3739612	5.30322986	165.725933
7	16:05:47	12.86	90.540	26.650	30039.000	32.000	90.540768	18.9682910	183.106393	137.341469	6.60988773	206.558992	35	19.3739612	5.27787355	164.933548
7	16:06:02	13.11	90.890	26.600	30051.000	32.000	90.975750	19.0594197	183.986085	138.001294	6.64164339	207.551356	35	19.3739612	5.30322986	165.725933
7	16:06:17	13.36	90.980	26.590	30090.000	32.000	91.063059	19.0777108	184.162654	138.133732	6.64801729	207.750540	35	19.3739612	5.30831930	165.884978
7	16:06:32	13.61	90.730	26.620	30073.000	32.000	90.801446	19.0229030	183.633579	137.736892	6.62891840	207.153700	35	19.3739612	5.29306919	165.408412
7	16:06:47	13.86	90.470	26.650	30098.000	32.000	90.540768	18.9682910	183.106393	137.341469	6.60988773	206.558992	35	19.3739612	5.27787355	164.933548
7	16:07:02	14.11	89.960	26.710	30085.000	32.000	90.022199	18.8596507	182.057657	136.554850	6.57202981	205.375932	35	19.3739612	5.24764470	163.988897
7	16:07:17	14.36	90.180	26.690	30089.000	32.000	90.194644	18.8957780	182.406404	136.816432	6.58461909	205.769346	35	19.3739612	5.25769700	164.303031
7	16:07:32	14.61	89.660	26.750	30093.000	32.000	89.678537	18.7876535	181.362647	136.033548	6.54694090	204.591903	35	19.3739612	5.22761166	163.362865
7	16:07:47	14.86	90.470	26.650	30128.000	32.000	90.540768	18.9682910	183.106393	137.341469	6.60988773	206.558992	35	19.3739612	5.27787355	164.933548
7	16:08:02	15.11	90.220	26.680	30117.000	32.000	90.281021	18.9138739	182.581089	136.947457	6.59092497	205.966405	35	19.3739612	5.26273213	164.460379
7	16:08:17	15.36	90.400	26.660	30135.000	32.000	90.454083	18.9501303	182.931083	137.209975	6.60355928	206.361227	35	19.3739612	5.27282040	164.775637
7	16:08:32	15.61	89.740	26.740	30142.000	32.000	89.764299	18.8056207	181.536090	136.163641	6.55320195	204.787561	35	19.3739612	5.23261100	163.519094
7	16:08:47	15.86	90.080	26.700	30165.000	32.000	90.108370	18.8777036	182.231927	136.685563	6.57832070	205.572522	35	19.3739612	5.25266786	164.145871
7	16:09:02	16.11	90.340	26.670	30175.000	32.000	90.367500	18.9319913	182.755982	137.078638	6.59723836	206.163699	35	19.3739612	5.26777326	164.617914
7	16:09:17	16.36	89.950	26.710	30159.000	32.000	90.022199	18.8596507	182.057657	136.554850	6.57202981	205.375932	35	19.3739612	5.24764470	163.988897
7	16:09:32	16.61	89.830	26.730	30150.000	32.000	89.850164	18.8236093	181.709739	136.293889	6.55947044	204.983451	35	19.3739612	5.23761628	163.675509
7	16:09:47	16.86	89.190	26.800	30189.000	32.000	89.251248	18.6981366	180.498514	135.385393	6.51574691	203.617091	35	19.3739612	5.20270384	162.584495
7	16:10:02	17.11	89.750	26.740	30182.000	32.000	89.764299	18.8056207	181.536090	136.163641	6.55320195	204.787561	35	19.3739612	5.23261100	163.519094
7	16:10:17	17.36	89.550	26.760	30196.000	32.000	89.592876	18.7697076	181.189410	135.903609	6.54068728	204.396478	35	19.3739612	5.22261827	163.206821
7	16:10:32	17.61	89.510	26.760	30225.000	32.000	89.592876	18.7697076	181.189410	135.903609	6.54068728	204.396478	35	19.3739612	5.22261827	163.206821
7	16:10:47	17.86	89.570	26.760	30202.000	32.000	89.592876	18.7697076	181.189410	135.903609	6.54068728	204.396478	35	19.3739612	5.22261827	163.206821
7	16:11:02	18.11	89.730	26.740	30269.000	32.000	89.764299	18.8056207	181.536090	136.163641	6.55320195	204.787561	35	19.3739612	5.23261100	163.519094
7	16:11:17	18.36	89.940	26.710	30256.000	32.000	90.022199	18.8596507	182.057657	136.554850	6.57202981	205.375932	35	19.3739612	5.24764470	163.988897
7	16:11:32	18.61	89.620	26.750	30221.000	32.000	89.678537	18.7876535	181.362647	136.033548	6.54694090	204.591903	35	19.3739612	5.22761166	163.362865
7	16:11:47	18.86	89.690	26.740	30268.000	32.000	89.764299	18.8056207	181.536090	136.163641	6.55320195	204.787561	35	19.3739612	5.23261100	163.519094
7	16:12:02	19.11	89.820	26.730	30249.000	32.000	89.850164	18.8236093	181.709739	136.293889	6.55947044	204.983451	35	19.3739612	5.23761628	163.675509
