Chamber	Time/hh:mm:ss	Logtime/min	Oxy/% air sat.	Phase/°	Amp	Temp/°C	% air-sat.	% oxygen	pO2 (hPa)	pO2 (Torr)	cO2 [mg/L]	cO2 [µmol/L]	Salinity	chlorinity	SalCorcO2 [mg/L]	SalCorcO2 [µmol/L]
4	15:52:56	0.00	92.550	26.420	31362.000	32.000	92.563386	19.3920293	187.196862	140.409581	6.75754799	211.173375	35	19.3739612	5.39577755	168.618048
4	15:53:11	0.25	93.290	26.330	31338.000	32.000	93.370148	19.5610460	188.828429	141.633360	6.81644530	213.013916	35	19.3739612	5.44280596	170.087686
4	15:53:26	0.50	93.030	26.360	31271.000	32.000	93.100257	19.5045038	188.282610	141.223962	6.79674201	212.398188	35	19.3739612	5.42707325	169.596039
4	15:53:41	0.75	93.370	26.330	31219.000	32.000	93.370148	19.5610460	188.828429	141.633360	6.81644530	213.013916	35	19.3739612	5.44280596	170.087686
4	15:53:56	1.00	93.380	26.320	31198.000	32.000	93.460329	19.5799388	189.010806	141.770155	6.82302889	213.219653	35	19.3739612	5.44806284	170.251964
4	15:54:11	1.25	92.860	26.380	31218.000	32.000	92.920870	19.4669222	187.919824	140.951849	6.78364593	211.988935	35	19.3739612	5.41661627	169.269258
4	15:54:26	1.50	93.690	26.290	31178.000	32.000	93.731523	19.6367540	189.559260	142.181530	6.84282730	213.838353	35	19.3739612	5.46387150	170.745984
4	15:54:41	1.75	92.410	26.430	31135.000	32.000	92.474283	19.3733623	187.016663	140.274421	6.75104307	210.970096	35	19.3739612	5.39058349	168.455734
4	15:54:56	2.00	92.990	26.370	31127.000	32.000	93.010509	19.4857017	188.101108	141.087823	6.79019003	212.193439	35	19.3739612	5.42184162	169.432551
4	15:55:11	2.25	92.310	26.440	31099.000	32.000	92.385287	19.3547176	186.836680	140.139422	6.74454595	210.767061	35	19.3739612	5.38539566	168.293614
4	15:55:26	2.50	92.560	26.420	31106.000	32.000	92.563386	19.3920293	187.196862	140.409581	6.75754799	211.173375	35	19.3739612	5.39577755	168.618048
4	15:55:41	2.75	92.310	26.440	31087.000	32.000	92.385287	19.3547176	186.836680	140.139422	6.74454595	210.767061	35	19.3739612	5.38539566	168.293614
4	15:55:56	3.00	92.430	26.430	31081.000	32.000	92.474283	19.3733623	187.016663	140.274421	6.75104307	210.970096	35	19.3739612	5.39058349	168.455734
4	15:56:11	3.25	92.710	26.400	31092.000	32.000	92.741913	19.4294308	187.557909	140.680389	6.77058129	211.580665	35	19.3739612	5.40618439	168.943262
4	15:56:26	3.50	91.930	26.490	31100.000	32.000	91.941903	19.2618288	185.939998	139.466853	6.71217695	209.755530	35	19.3739612	5.35954961	167.485925
4	15:56:41	3.75	92.500	26.420	31067.000	32.000	92.563386	19.3920293	187.196862	140.409581	6.75754799	211.173375	35	19.3739612	5.39577755	168.618048
4	15:56:56	4.00	92.530	26.420	31050.000	32.000	92.563386	19.3920293	187.196862	140.409581	6.75754799	211.173375	35	19.3739612	5.39577755	168.618048
4	15:57:11	4.25	92.460	26.430	31015.000	32.000	92.474283	19.3733623	187.016663	140.274421	6.75104307	210.970096	35	19.3739612	5.39058349	168.455734
4	15:57:26	4.50	92.390	26.430	31028.000	32.000	92.474283	19.3733623	187.016663	140.274421	6.75104307	210.970096	35	19.3739612	5.39058349	168.455734
4	15:57:41	4.75	92.460	26.430	31046.000	32.000	92.474283	19.3733623	187.016663	140.274421	6.75104307	210.970096	35	19.3739612	5.39058349	168.455734
4	15:57:56	5.00	92.740	26.400	31014.000	32.000	92.741913	19.4294308	187.557909	140.680389	6.77058129	211.580665	35	19.3739612	5.40618439	168.943262
4	15:58:11	5.25	91.990	26.480	31009.000	32.000	92.030368	19.2803620	186.118905	139.601045	6.71863524	209.957351	35	19.3739612	5.36470643	167.647076
4	15:58:26	5.50	91.930	26.490	31076.000	32.000	91.941903	19.2618288	185.939998	139.466853	6.71217695	209.755530	35	19.3739612	5.35954961	167.485925
4	15:58:41	5.75	92.590	26.410	31027.000	32.000	92.652596	19.4107188	187.377277	140.544904	6.76406073	211.376898	35	19.3739612	5.40097785	168.780558
4	15:58:56	6.00	92.210	26.450	30997.000	32.000	92.296397	19.3360952	186.656914	140.004586	6.73805662	210.564269	35	19.3739612	5.38021404	168.131689
4	15:59:11	6.25	91.730	26.510	31002.000	32.000	91.765292	19.2248288	185.582826	139.198952	6.69928355	209.352611	35	19.3739612	5.34925446	167.164202
4	15:59:26	6.50	92.340	26.440	30990.000	32.000	92.385287	19.3547176	186.836680	140.139422	6.74454595	210.767061	35	19.3739612	5.38539566	168.293614
4	15:59:41	6.75	92.490	26.420	30982.000	32.000	92.563386	19.3920293	187.196862	140.409581	6.75754799	211.173375	35	19.3739612	5.39577755	168.618048
4	15:59:56	7.00	92.650	26.410	30969.000	32.000	92.652596	19.4107188	187.377277	140.544904	6.76406073	211.376898	35	19.3739612	5.40097785	168.780558
4	16:00:11	7.25	91.800	26.500	30958.000	32.000	91.853545	19.2433177	185.761305	139.332822	6.70572639	209.553950	35	19.3739612	5.35439895	167.324967
4	16:00:26	7.50	92.080	26.470	30980.000	32.000	92.118938	19.2989175	186.298026	139.735397	6.72510128	210.159415	35	19.3739612	5.36986944	167.808420
4	16:00:41	7.75	91.610	26.520	30959.000	32.000	91.677145	19.2063620	185.404561	139.065241	6.69284841	209.151513	35	19.3739612	5.34411613	167.003629
4	16:00:56	8.00	91.820	26.500	30964.000	32.000	91.853545	19.2433177	185.761305	139.332822	6.70572639	209.553950	35	19.3739612	5.35439895	167.324967
4	16:01:11	8.25	91.800	26.500	31012.000	32.000	91.853545	19.2433177	185.761305	139.332822	6.70572639	209.553950	35	19.3739612	5.35439895	167.324967
4	16:01:26	8.50	91.190	26.570	30918.000	32.000	91.237988	19.1143585	184.516425	138.399083	6.66078794	208.149623	35	19.3739612	5.31851643	166.203638
4	16:01:41	8.75	92.080	26.470	30929.000	32.000	92.118938	19.2989175	186.298026	139.735397	6.72510128	210.159415	35	19.3739612	5.36986944	167.808420
4	16:01:56	9.00	91.130	26.580	30940.000	32.000	91.150471	19.0960237	184.339434	138.266328	6.65439880	207.949963	35	19.3739612	5.31341482	166.044213
4	16:02:11	9.25	91.990	26.480	30976.000	32.000	92.030368	19.2803620	186.118905	139.601045	6.71863524	209.957351	35	19.3739612	5.36470643	167.647076
4	16:02:26	9.50	91.800	26.500	30941.000	32.000	91.853545	19.2433177	185.761305	139.332822	6.70572639	209.553950	35	19.3739612	5.35439895	167.324967
4	16:02:41	9.75	91.910	26.490	30945.000	32.000	91.941903	19.2618288	185.939998	139.466853	6.71217695	209.755530	35	19.3739612	5.35954961	167.485925
4	16:02:56	10.00	91.510	26.530	30920.000	32.000	91.589104	19.1879172	185.226509	138.931691	6.68642097	208.950655	35	19.3739612	5.33898393	166.843248
4	16:03:11	10.25	91.430	26.540	30978.000	32.000	91.501167	19.1694946	185.048669	138.798300	6.68000122	208.750038	35	19.3739612	5.33385788	166.683059
4	16:03:26	10.50	91.740	26.510	30922.000	32.000	91.765292	19.2248288	185.582826	139.198952	6.69928355	209.352611	35	19.3739612	5.34925446	167.164202
4	16:03:41	10.75	91.590	26.520	30976.000	32.000	91.677145	19.2063620	185.404561	139.065241	6.69284841	209.151513	35	19.3739612	5.34411613	167.003629
4	16:03:56	11.00	91.780	26.500	30968.000	32.000	91.853545	19.2433177	185.761305	139.332822	6.70572639	209.553950	35	19.3739612	5.35439895	167.324967
4	16:04:11	11.25	91.690	26.510	30975.000	32.000	91.765292	19.2248288	185.582826	139.198952	6.69928355	209.352611	35	19.3739612	5.34925446	167.164202
4	16:04:26	11.50	92.030	26.470	30930.000	32.000	92.118938	19.2989175	186.298026	139.735397	6.72510128	210.159415	35	19.3739612	5.36986944	167.808420
4	16:04:41	11.75	92.050	26.470	30941.000	32.000	92.118938	19.2989175	186.298026	139.735397	6.72510128	210.159415	35	19.3739612	5.36986944	167.808420
4	16:04:56	12.00	91.090	26.580	30933.000	32.000	91.150471	19.0960237	184.339434	138.266328	6.65439880	207.949963	35	19.3739612	5.31341482	166.044213
4	16:05:11	12.25	91.930	26.490	30970.000	32.000	91.941903	19.2618288	185.939998	139.466853	6.71217695	209.755530	35	19.3739612	5.35954961	167.485925
4	16:05:26	12.50	91.430	26.540	30950.000	32.000	91.501167	19.1694946	185.048669	138.798300	6.68000122	208.750038	35	19.3739612	5.33385788	166.683059
4	16:05:41	12.75	91.450	26.540	30955.000	32.000	91.501167	19.1694946	185.048669	138.798300	6.68000122	208.750038	35	19.3739612	5.33385788	166.683059
4	16:05:56	13.00	91.670	26.520	30947.000	32.000	91.677145	19.2063620	185.404561	139.065241	6.69284841	209.151513	35	19.3739612	5.34411613	167.003629
4	16:06:11	13.25	92.080	26.470	30918.000	32.000	92.118938	19.2989175	186.298026	139.735397	6.72510128	210.159415	35	19.3739612	5.36986944	167.808420
4	16:06:26	13.50	91.880	26.490	30938.000	32.000	91.941903	19.2618288	185.939998	139.466853	6.71217695	209.755530	35	19.3739612	5.35954961	167.485925
4	16:06:41	13.75	90.760	26.620	30886.000	32.000	90.801446	19.0229030	183.633579	137.736892	6.62891840	207.153700	35	19.3739612	5.29306919	165.408412
4	16:06:56	14.00	92.060	26.470	30946.000	32.000	92.118938	19.2989175	186.298026	139.735397	6.72510128	210.159415	35	19.3739612	5.36986944	167.808420
4	16:07:11	14.25	91.270	26.560	30939.000	32.000	91.325610	19.1327152	184.693628	138.531996	6.66718471	208.349522	35	19.3739612	5.32362413	166.363254
4	16:07:26	14.50	91.330	26.550	30911.000	32.000	91.413336	19.1510939	184.871042	138.665068	6.67358913	208.549660	35	19.3739612	5.32873795	166.523061
4	16:07:41	14.75	91.420	26.540	30908.000	32.000	91.501167	19.1694946	185.048669	138.798300	6.68000122	208.750038	35	19.3739612	5.33385788	166.683059
4	16:07:56	15.00	91.650	26.520	30899.000	32.000	91.677145	19.2063620	185.404561	139.065241	6.69284841	209.151513	35	19.3739612	5.34411613	167.003629
4	16:08:11	15.25	91.010	26.590	30920.000	32.000	91.063059	19.0777108	184.162654	138.133732	6.64801729	207.750540	35	19.3739612	5.30831930	165.884978
4	16:08:26	15.50	91.410	26.550	30933.000	32.000	91.413336	19.1510939	184.871042	138.665068	6.67358913	208.549660	35	19.3739612	5.32873795	166.523061
4	16:08:41	15.75	91.500	26.540	30928.000	32.000	91.501167	19.1694946	185.048669	138.798300	6.68000122	208.750038	35	19.3739612	5.33385788	166.683059
4	16:08:56	16.00	91.420	26.540	30945.000	32.000	91.501167	19.1694946	185.048669	138.798300	6.68000122	208.750038	35	19.3739612	5.33385788	166.683059
4	16:09:11	16.25	90.340	26.670	30910.000	32.000	90.367500	18.9319913	182.755982	137.078638	6.59723836	206.163699	35	19.3739612	5.26777326	164.617914
4	16:09:26	16.50	91.010	26.590	30915.000	32.000	91.063059	19.0777108	184.162654	138.133732	6.64801729	207.750540	35	19.3739612	5.30831930	165.884978
4	16:09:41	16.75	90.480	26.650	30918.000	32.000	90.540768	18.9682910	183.106393	137.341469	6.60988773	206.558992	35	19.3739612	5.27787355	164.933548
4	16:09:56	17.00	91.640	26.520	30928.000	32.000	91.677145	19.2063620	185.404561	139.065241	6.69284841	209.151513	35	19.3739612	5.34411613	167.003629
4	16:10:11	17.25	90.560	26.640	30898.000	32.000	90.627558	18.9864733	183.281912	137.473119	6.61622372	206.756991	35	19.3739612	5.28293272	165.091648
4	16:10:26	17.50	90.460	26.650	30942.000	32.000	90.540768	18.9682910	183.106393	137.341469	6.60988773	206.558992	35	19.3739612	5.27787355	164.933548
4	16:10:41	17.75	90.940	26.600	30868.000	32.000	90.975750	19.0594197	183.986085	138.001294	6.64164339	207.551356	35	19.3739612	5.30322986	165.725933
4	16:10:56	18.00	90.980	26.590	30926.000	32.000	91.063059	19.0777108	184.162654	138.133732	6.64801729	207.750540	35	19.3739612	5.30831930	165.884978
4	16:11:11	18.25	91.230	26.570	30907.000	32.000	91.237988	19.1143585	184.516425	138.399083	6.66078794	208.149623	35	19.3739612	5.31851643	166.203638
4	16:11:26	18.50	90.530	26.650	30951.000	32.000	90.540768	18.9682910	183.106393	137.341469	6.60988773	206.558992	35	19.3739612	5.27787355	164.933548
4	16:11:41	18.75	90.740	26.620	30941.000	32.000	90.801446	19.0229030	183.633579	137.736892	6.62891840	207.153700	35	19.3739612	5.29306919	165.408412
4	16:11:56	19.00	91.170	26.570	30958.000	32.000	91.237988	19.1143585	184.516425	138.399083	6.66078794	208.149623	35	19.3739612	5.31851643	166.203638
