Chamber	Time/hh:mm:ss	Logtime/min	Oxy/% air sat.	Phase/°	Amp	Temp/°C	% air-sat.	% oxygen	pO2 (hPa)	pO2 (Torr)	cO2 [mg/L]	cO2 [µmol/L]	Salinity	chlorinity	SalCorcO2 [mg/L]	SalCorcO2 [µmol/L]
6	13:35:37	0.00	96.060	26.530	34854.000	29.000	96.085433	20.1298981	195.831733	146.886285	7.37726708	230.539596	35	19.3739612	5.97689819	186.778069
6	13:35:52	0.25	96.480	26.480	34764.000	29.000	96.548070	20.2268207	196.774634	147.593521	7.41278755	231.649611	35	19.3739612	6.00567609	187.677378
6	13:36:07	0.50	96.380	26.490	34818.000	29.000	96.455321	20.2073898	196.585603	147.451735	7.40566645	231.427077	35	19.3739612	5.99990673	187.497085
6	13:36:22	0.75	95.010	26.640	34826.000	29.000	95.077301	19.9186946	193.777060	145.345150	7.29986457	228.120768	35	19.3739612	5.91418839	184.818387
6	13:36:37	1.00	95.960	26.540	34841.000	29.000	95.993236	20.1105830	195.643828	146.745344	7.37018843	230.318388	35	19.3739612	5.97116323	186.598851
6	13:36:52	1.25	95.910	26.540	34841.000	29.000	95.993236	20.1105830	195.643828	146.745344	7.37018843	230.318388	35	19.3739612	5.97116323	186.598851
6	13:37:07	1.50	95.700	26.570	34809.000	29.000	95.717308	20.0527760	195.081458	146.323531	7.34900312	229.656348	35	19.3739612	5.95399936	186.062480
6	13:37:22	1.75	95.730	26.560	34829.000	29.000	95.809174	20.0720220	195.268691	146.463967	7.35605646	229.876764	35	19.3739612	5.95971382	186.241057
6	13:37:37	2.00	95.720	26.560	34828.000	29.000	95.809174	20.0720220	195.268691	146.463967	7.35605646	229.876764	35	19.3739612	5.95971382	186.241057
6	13:37:52	2.25	95.340	26.610	34838.000	29.000	95.350936	19.9760211	194.334755	145.763456	7.32087375	228.777305	35	19.3739612	5.93120957	185.350299
6	13:38:07	2.50	96.110	26.520	34848.000	29.000	96.177739	20.1492363	196.019863	147.027394	7.38435420	230.761069	35	19.3739612	5.98264002	186.957501
6	13:38:22	2.75	94.790	26.670	34875.000	29.000	94.804642	19.8615726	193.221354	144.928334	7.27893030	227.466572	35	19.3739612	5.89722791	184.288372
6	13:38:37	3.00	95.460	26.590	34879.000	29.000	95.533903	20.0143528	194.707661	146.043160	7.33492166	229.216302	35	19.3739612	5.94259087	185.705965
6	13:38:52	3.25	94.870	26.660	34879.000	29.000	94.895420	19.8805906	193.406369	145.067107	7.28590008	227.684378	35	19.3739612	5.90287468	184.464834
6	13:39:07	3.50	95.620	26.580	34875.000	29.000	95.625551	20.0335529	194.894448	146.183262	7.34195819	229.436193	35	19.3739612	5.94829171	185.884116
6	13:39:22	3.75	95.210	26.620	34922.000	29.000	95.259616	19.9568895	194.148635	145.623855	7.31386235	228.558198	35	19.3739612	5.92552908	185.172784
6	13:39:37	4.00	95.270	26.610	34908.000	29.000	95.350936	19.9760211	194.334755	145.763456	7.32087375	228.777305	35	19.3739612	5.93120957	185.350299
6	13:39:52	4.25	95.300	26.610	34890.000	29.000	95.350936	19.9760211	194.334755	145.763456	7.32087375	228.777305	35	19.3739612	5.93120957	185.350299
6	13:40:07	4.50	95.180	26.620	34959.000	29.000	95.259616	19.9568895	194.148635	145.623855	7.31386235	228.558198	35	19.3739612	5.92552908	185.172784
6	13:40:22	4.75	93.930	26.760	34955.000	29.000	93.992476	19.6914237	191.566078	143.686772	7.21657362	225.517926	35	19.3739612	5.84670792	182.709622
6	13:40:37	5.00	94.880	26.660	34973.000	29.000	94.895420	19.8805906	193.406369	145.067107	7.28590008	227.684378	35	19.3739612	5.90287468	184.464834
6	13:40:52	5.25	95.670	26.570	34968.000	29.000	95.717308	20.0527760	195.081458	146.323531	7.34900312	229.656348	35	19.3739612	5.95399936	186.062480
6	13:41:07	5.50	94.850	26.660	34952.000	29.000	94.895420	19.8805906	193.406369	145.067107	7.28590008	227.684378	35	19.3739612	5.90287468	184.464834
6	13:41:22	5.75	95.120	26.630	35000.000	29.000	95.168404	19.9377807	193.962737	145.484419	7.30685929	228.339353	35	19.3739612	5.91985536	184.995480
6	13:41:37	6.00	95.490	26.590	34975.000	29.000	95.533903	20.0143528	194.707661	146.043160	7.33492166	229.216302	35	19.3739612	5.94259087	185.705965
6	13:41:52	6.25	94.900	26.650	35004.000	29.000	94.986307	19.8996313	193.591604	145.206046	7.29287817	227.902443	35	19.3739612	5.90852817	184.641505
6	13:42:07	6.50	94.810	26.660	35029.000	29.000	94.895420	19.8805906	193.406369	145.067107	7.28590008	227.684378	35	19.3739612	5.90287468	184.464834
6	13:42:22	6.75	94.080	26.750	35024.000	29.000	94.082289	19.7102395	191.749125	143.824069	7.22346928	225.733415	35	19.3739612	5.85229462	182.884207
6	13:42:37	7.00	94.450	26.700	35074.000	29.000	94.532955	19.8046540	192.667627	144.513004	7.25807061	226.814706	35	19.3739612	5.88032785	183.760245
6	13:42:52	7.25	94.530	26.700	35070.000	29.000	94.532955	19.8046540	192.667627	144.513004	7.25807061	226.814706	35	19.3739612	5.88032785	183.760245
6	13:43:07	7.50	94.840	26.660	35044.000	29.000	94.895420	19.8805906	193.406369	145.067107	7.28590008	227.684378	35	19.3739612	5.90287468	184.464834
6	13:43:22	7.75	94.140	26.740	35086.000	29.000	94.172208	19.7290775	191.932389	143.961529	7.23037312	225.949160	35	19.3739612	5.85788796	183.058999
6	13:43:37	8.00	94.080	26.750	35095.000	29.000	94.082289	19.7102395	191.749125	143.824069	7.22346928	225.733415	35	19.3739612	5.85229462	182.884207
6	13:43:52	8.25	94.140	26.740	35133.000	29.000	94.172208	19.7290775	191.932389	143.961529	7.23037312	225.949160	35	19.3739612	5.85788796	183.058999
6	13:44:07	8.50	94.010	26.750	35108.000	29.000	94.082289	19.7102395	191.749125	143.824069	7.22346928	225.733415	35	19.3739612	5.85229462	182.884207
6	13:44:22	8.75	93.670	26.790	35147.000	29.000	93.723676	19.6351102	191.018237	143.275856	7.19593566	224.872990	35	19.3739612	5.82998750	182.187109
6	13:44:37	9.00	94.870	26.660	35120.000	29.000	94.895420	19.8805906	193.406369	145.067107	7.28590008	227.684378	35	19.3739612	5.90287468	184.464834
6	13:44:52	9.25	94.430	26.710	35135.000	29.000	94.442607	19.7857262	192.483490	144.374890	7.25113389	226.597934	35	19.3739612	5.87470788	183.584621
6	13:45:07	9.50	93.880	26.770	35166.000	29.000	93.902770	19.6726303	191.383247	143.549637	7.20968615	225.302692	35	19.3739612	5.84112784	182.535245
6	13:45:22	9.75	94.200	26.730	35181.000	29.000	94.262234	19.7479380	192.115872	144.099152	7.23728516	226.165161	35	19.3739612	5.86348795	183.233998
6	13:45:37	10.00	94.260	26.730	35216.000	29.000	94.262234	19.7479380	192.115872	144.099152	7.23728516	226.165161	35	19.3739612	5.86348795	183.233998
6	13:45:52	10.25	94.610	26.690	35185.000	29.000	94.623409	19.8236043	192.851983	144.651283	7.26501557	227.031737	35	19.3739612	5.88595451	183.936078
6	13:46:07	10.50	93.700	26.790	35223.000	29.000	93.723676	19.6351102	191.018237	143.275856	7.19593566	224.872990	35	19.3739612	5.82998750	182.187109
6	13:46:22	10.75	93.020	26.860	35206.000	29.000	93.100180	19.5044876	189.747488	142.322714	7.14806471	223.377022	35	19.3739612	5.79120351	180.975110
6	13:46:37	11.00	93.020	26.860	35219.000	29.000	93.100180	19.5044876	189.747488	142.322714	7.14806471	223.377022	35	19.3739612	5.79120351	180.975110
6	13:46:52	11.25	93.920	26.760	35242.000	29.000	93.992476	19.6914237	191.566078	143.686772	7.21657362	225.517926	35	19.3739612	5.84670792	182.709622
6	13:47:07	11.50	93.520	26.810	35250.000	29.000	93.545007	19.5976789	190.654091	143.002723	7.18221774	224.444304	35	19.3739612	5.81887354	181.839798
6	13:47:22	11.75	93.590	26.800	35222.000	29.000	93.634289	19.6163834	190.836056	143.139209	7.18907264	224.658520	35	19.3739612	5.82442723	182.013351
6	13:47:37	12.00	93.450	26.820	35184.000	29.000	93.455831	19.5789965	190.472341	142.866399	7.17537095	224.230342	35	19.3739612	5.81332643	181.666451
6	13:47:52	12.25	93.610	26.800	35287.000	29.000	93.634289	19.6163834	190.836056	143.139209	7.18907264	224.658520	35	19.3739612	5.82442723	182.013351
6	13:48:07	12.50	93.760	26.780	35258.000	29.000	93.813170	19.6538591	191.200634	143.412666	7.20280683	225.087713	35	19.3739612	5.83555437	182.361074
6	13:48:22	12.75	93.070	26.860	35260.000	29.000	93.100180	19.5044876	189.747488	142.322714	7.14806471	223.377022	35	19.3739612	5.79120351	180.975110
6	13:48:37	13.00	93.650	26.790	35301.000	29.000	93.723676	19.6351102	191.018237	143.275856	7.19593566	224.872990	35	19.3739612	5.82998750	182.187109
6	13:48:52	13.25	93.180	26.850	35334.000	29.000	93.188935	19.5230818	189.928380	142.458394	7.15487916	223.589974	35	19.3739612	5.79672443	181.147638
6	13:49:07	13.50	93.250	26.840	35321.000	29.000	93.277795	19.5416980	190.109486	142.594235	7.16170167	223.803177	35	19.3739612	5.80225188	181.320371
6	13:49:22	13.75	92.750	26.890	35337.000	29.000	92.834543	19.4488368	189.206095	141.916634	7.12766963	222.739676	35	19.3739612	5.77467987	180.458746
6	13:49:37	14.00	93.480	26.810	35314.000	29.000	93.545007	19.5976789	190.654091	143.002723	7.18221774	224.444304	35	19.3739612	5.81887354	181.839798
6	13:49:52	14.25	93.010	26.870	35369.000	29.000	93.011529	19.4859154	189.566810	142.187194	7.14125831	223.164322	35	19.3739612	5.78568912	180.802785
6	13:50:07	14.50	93.260	26.840	35366.000	29.000	93.277795	19.5416980	190.109486	142.594235	7.16170167	223.803177	35	19.3739612	5.80225188	181.320371
6	13:50:22	14.75	93.140	26.850	35386.000	29.000	93.188935	19.5230818	189.928380	142.458394	7.15487916	223.589974	35	19.3739612	5.79672443	181.147638
6	13:50:37	15.00	93.380	26.820	35398.000	29.000	93.455831	19.5789965	190.472341	142.866399	7.17537095	224.230342	35	19.3739612	5.81332643	181.666451
6	13:50:52	15.25	92.830	26.890	35377.000	29.000	92.834543	19.4488368	189.206095	141.916634	7.12766963	222.739676	35	19.3739612	5.77467987	180.458746
6	13:51:07	15.50	92.690	26.900	35403.000	29.000	92.746207	19.4303303	189.026056	141.781594	7.12088732	222.527729	35	19.3739612	5.76918499	180.287031
6	13:51:22	15.75	93.360	26.830	35428.000	29.000	93.366760	19.5603362	190.290806	142.730236	7.16853227	224.016633	35	19.3739612	5.80778588	181.493309
6	13:51:37	16.00	93.450	26.820	35419.000	29.000	93.455831	19.5789965	190.472341	142.866399	7.17537095	224.230342	35	19.3739612	5.81332643	181.666451
6	13:51:52	16.25	92.520	26.920	35420.000	29.000	92.569847	19.3933829	188.666617	141.511991	7.10734670	222.104585	35	19.3739612	5.75821469	179.944209
6	13:52:07	16.50	92.780	26.890	35442.000	29.000	92.834543	19.4488368	189.206095	141.916634	7.12766963	222.739676	35	19.3739612	5.77467987	180.458746
6	13:52:22	16.75	92.560	26.920	35482.000	29.000	92.569847	19.3933829	188.666617	141.511991	7.10734670	222.104585	35	19.3739612	5.75821469	179.944209
6	13:52:37	17.00	92.520	26.920	35461.000	29.000	92.569847	19.3933829	188.666617	141.511991	7.10734670	222.104585	35	19.3739612	5.75821469	179.944209
6	13:52:52	17.25	92.810	26.890	35438.000	29.000	92.834543	19.4488368	189.206095	141.916634	7.12766963	222.739676	35	19.3739612	5.77467987	180.458746
6	13:53:07	17.50	92.260	26.950	35455.000	29.000	92.306086	19.3381250	188.129046	141.108778	7.08709561	221.471738	35	19.3739612	5.74180771	179.431491
6	13:53:22	17.75	93.050	26.860	35562.000	29.000	93.100180	19.5044876	189.747488	142.322714	7.14806471	223.377022	35	19.3739612	5.79120351	180.975110
6	13:53:37	18.00	91.990	26.980	35517.000	29.000	92.043256	19.2830622	187.593373	140.706990	7.06691604	220.841126	35	19.3739612	5.72545866	178.920583
6	13:53:52	18.25	92.020	26.980	35518.000	29.000	92.043256	19.2830622	187.593373	140.706990	7.06691604	220.841126	35	19.3739612	5.72545866	178.920583
6	13:54:07	18.50	92.880	26.880	35514.000	29.000	92.922984	19.4673651	189.386346	142.051834	7.13445995	222.951874	35	19.3739612	5.78018124	180.630664
6	13:54:22	18.75	92.410	26.930	35495.000	29.000	92.481823	19.3749418	188.487215	141.377428	7.10058838	221.893387	35	19.3739612	5.75273924	179.773101
6	13:54:37	19.00	92.230	26.950	35536.000	29.000	92.306086	19.3381250	188.129046	141.108778	7.08709561	221.471738	35	19.3739612	5.74180771	179.431491
6	13:54:52	19.25	91.890	26.990	35563.000	29.000	91.955853	19.2647511	187.415236	140.573375	7.06020535	220.631417	35	19.3739612	5.72002181	178.750681
6	13:55:07	19.50	91.950	26.990	35597.000	29.000	91.955853	19.2647511	187.415236	140.573375	7.06020535	220.631417	35	19.3739612	5.72002181	178.750681
6	13:55:22	19.75	92.190	26.960	35600.000	29.000	92.218373	19.3197491	187.950278	140.974691	7.08036116	221.261286	35	19.3739612	5.73635160	179.260987
6	13:55:37	20.00	91.720	27.010	35548.000	29.000	91.781354	19.2281937	187.059590	140.306618	7.04680765	220.212739	35	19.3739612	5.70916729	178.411478
6	13:55:52	20.25	91.530	27.030	35602.000	29.000	91.607266	19.1917221	186.704780	140.040488	7.03344145	219.795045	35	19.3739612	5.69833829	178.073072
