Chamber	Time/hh:mm:ss	Logtime/min	Oxy/% air sat.	Phase/°	Amp	Temp/°C	% air-sat.	% oxygen	pO2 (hPa)	pO2 (Torr)	cO2 [mg/L]	cO2 [µmol/L]	Salinity	chlorinity	SalCorcO2 [mg/L]	SalCorcO2 [µmol/L]
4	14:09:33	0.00	93.600	26.800	33080.000	29.000	93.634289	19.6163834	190.836056	143.139209	7.18907264	224.658520	35	19.3739612	5.82442723	182.013351
4	14:09:48	0.25	93.430	26.820	33058.000	29.000	93.455831	19.5789965	190.472341	142.866399	7.17537095	224.230342	35	19.3739612	5.81332643	181.666451
4	14:10:03	0.50	93.770	26.780	33079.000	29.000	93.813170	19.6538591	191.200634	143.412666	7.20280683	225.087713	35	19.3739612	5.83555437	182.361074
4	14:10:18	0.75	93.260	26.840	33105.000	29.000	93.277795	19.5416980	190.109486	142.594235	7.16170167	223.803177	35	19.3739612	5.80225188	181.320371
4	14:10:33	1.00	93.250	26.840	33045.000	29.000	93.277795	19.5416980	190.109486	142.594235	7.16170167	223.803177	35	19.3739612	5.80225188	181.320371
4	14:10:48	1.25	93.410	26.820	33053.000	29.000	93.455831	19.5789965	190.472341	142.866399	7.17537095	224.230342	35	19.3739612	5.81332643	181.666451
4	14:11:03	1.50	93.150	26.850	33063.000	29.000	93.188935	19.5230818	189.928380	142.458394	7.15487916	223.589974	35	19.3739612	5.79672443	181.147638
4	14:11:18	1.75	92.840	26.880	33094.000	29.000	92.922984	19.4673651	189.386346	142.051834	7.13445995	222.951874	35	19.3739612	5.78018124	180.630664
4	14:11:33	2.00	93.260	26.840	33051.000	29.000	93.277795	19.5416980	190.109486	142.594235	7.16170167	223.803177	35	19.3739612	5.80225188	181.320371
4	14:11:48	2.25	93.380	26.820	33007.000	29.000	93.455831	19.5789965	190.472341	142.866399	7.17537095	224.230342	35	19.3739612	5.81332643	181.666451
4	14:12:03	2.50	93.050	26.860	32999.000	29.000	93.100180	19.5044876	189.747488	142.322714	7.14806471	223.377022	35	19.3739612	5.79120351	180.975110
4	14:12:18	2.75	93.060	26.860	33077.000	29.000	93.100180	19.5044876	189.747488	142.322714	7.14806471	223.377022	35	19.3739612	5.79120351	180.975110
4	14:12:33	3.00	93.350	26.830	33000.000	29.000	93.366760	19.5603362	190.290806	142.730236	7.16853227	224.016633	35	19.3739612	5.80778588	181.493309
4	14:12:48	3.25	92.190	26.960	33055.000	29.000	92.218373	19.3197491	187.950278	140.974691	7.08036116	221.261286	35	19.3739612	5.73635160	179.260987
4	14:13:03	3.50	93.140	26.850	33078.000	29.000	93.188935	19.5230818	189.928380	142.458394	7.15487916	223.589974	35	19.3739612	5.79672443	181.147638
4	14:13:18	3.75	93.750	26.780	33066.000	29.000	93.813170	19.6538591	191.200634	143.412666	7.20280683	225.087713	35	19.3739612	5.83555437	182.361074
4	14:13:33	4.00	93.310	26.830	33037.000	29.000	93.366760	19.5603362	190.290806	142.730236	7.16853227	224.016633	35	19.3739612	5.80778588	181.493309
4	14:13:48	4.25	93.580	26.800	33060.000	29.000	93.634289	19.6163834	190.836056	143.139209	7.18907264	224.658520	35	19.3739612	5.82442723	182.013351
4	14:14:03	4.50	92.890	26.880	33051.000	29.000	92.922984	19.4673651	189.386346	142.051834	7.13445995	222.951874	35	19.3739612	5.78018124	180.630664
4	14:14:18	4.75	93.100	26.850	33058.000	29.000	93.188935	19.5230818	189.928380	142.458394	7.15487916	223.589974	35	19.3739612	5.79672443	181.147638
4	14:14:33	5.00	92.920	26.880	33049.000	29.000	92.922984	19.4673651	189.386346	142.051834	7.13445995	222.951874	35	19.3739612	5.78018124	180.630664
4	14:14:48	5.25	93.270	26.840	33043.000	29.000	93.277795	19.5416980	190.109486	142.594235	7.16170167	223.803177	35	19.3739612	5.80225188	181.320371
4	14:15:03	5.50	93.020	26.860	33021.000	29.000	93.100180	19.5044876	189.747488	142.322714	7.14806471	223.377022	35	19.3739612	5.79120351	180.975110
4	14:15:18	5.75	92.820	26.890	33093.000	29.000	92.834543	19.4488368	189.206095	141.916634	7.12766963	222.739676	35	19.3739612	5.77467987	180.458746
4	14:15:33	6.00	92.790	26.890	33073.000	29.000	92.834543	19.4488368	189.206095	141.916634	7.12766963	222.739676	35	19.3739612	5.77467987	180.458746
4	14:15:48	6.25	92.550	26.920	33018.000	29.000	92.569847	19.3933829	188.666617	141.511991	7.10734670	222.104585	35	19.3739612	5.75821469	179.944209
4	14:16:03	6.50	91.840	27.000	33073.000	29.000	91.868552	19.2464616	187.237308	140.439918	7.05350255	220.421955	35	19.3739612	5.71459135	178.580980
4	14:16:18	6.75	92.580	26.910	33075.000	29.000	92.657975	19.4118457	188.846231	141.646713	7.11411301	222.316032	35	19.3739612	5.76369660	180.115519
4	14:16:33	7.00	92.630	26.910	33041.000	29.000	92.657975	19.4118457	188.846231	141.646713	7.11411301	222.316032	35	19.3739612	5.76369660	180.115519
4	14:16:48	7.25	92.330	26.940	33079.000	29.000	92.393902	19.3565225	188.308025	141.243024	7.09383802	221.682438	35	19.3739612	5.74727025	179.602195
4	14:17:03	7.50	92.930	26.870	33010.000	29.000	93.011529	19.4859154	189.566810	142.187194	7.14125831	223.164322	35	19.3739612	5.78568912	180.802785
4	14:17:18	7.75	92.580	26.910	33055.000	29.000	92.657975	19.4118457	188.846231	141.646713	7.11411301	222.316032	35	19.3739612	5.76369660	180.115519
4	14:17:33	8.00	92.190	26.960	33067.000	29.000	92.218373	19.3197491	187.950278	140.974691	7.08036116	221.261286	35	19.3739612	5.73635160	179.260987
4	14:17:48	8.25	92.280	26.950	33023.000	29.000	92.306086	19.3381250	188.129046	141.108778	7.08709561	221.471738	35	19.3739612	5.74180771	179.431491
4	14:18:03	8.50	92.950	26.870	33060.000	29.000	93.011529	19.4859154	189.566810	142.187194	7.14125831	223.164322	35	19.3739612	5.78568912	180.802785
4	14:18:18	8.75	92.420	26.930	33054.000	29.000	92.481823	19.3749418	188.487215	141.377428	7.10058838	221.893387	35	19.3739612	5.75273924	179.773101
4	14:18:33	9.00	92.030	26.980	33001.000	29.000	92.043256	19.2830622	187.593373	140.706990	7.06691604	220.841126	35	19.3739612	5.72545866	178.920583
4	14:18:48	9.25	92.220	26.950	33014.000	29.000	92.306086	19.3381250	188.129046	141.108778	7.08709561	221.471738	35	19.3739612	5.74180771	179.431491
4	14:19:03	9.50	92.600	26.910	33072.000	29.000	92.657975	19.4118457	188.846231	141.646713	7.11411301	222.316032	35	19.3739612	5.76369660	180.115519
4	14:19:18	9.75	92.410	26.930	33083.000	29.000	92.481823	19.3749418	188.487215	141.377428	7.10058838	221.893387	35	19.3739612	5.75273924	179.773101
4	14:19:33	10.00	92.330	26.940	33108.000	29.000	92.393902	19.3565225	188.308025	141.243024	7.09383802	221.682438	35	19.3739612	5.74727025	179.602195
4	14:19:48	10.25	92.300	26.950	33073.000	29.000	92.306086	19.3381250	188.129046	141.108778	7.08709561	221.471738	35	19.3739612	5.74180771	179.431491
4	14:20:03	10.50	91.790	27.000	33058.000	29.000	91.868552	19.2464616	187.237308	140.439918	7.05350255	220.421955	35	19.3739612	5.71459135	178.580980
4	14:20:18	10.75	92.370	26.940	33046.000	29.000	92.393902	19.3565225	188.308025	141.243024	7.09383802	221.682438	35	19.3739612	5.74727025	179.602195
4	14:20:33	11.00	91.790	27.000	33085.000	29.000	91.868552	19.2464616	187.237308	140.439918	7.05350255	220.421955	35	19.3739612	5.71459135	178.580980
4	14:20:48	11.25	91.990	26.980	33064.000	29.000	92.043256	19.2830622	187.593373	140.706990	7.06691604	220.841126	35	19.3739612	5.72545866	178.920583
4	14:21:03	11.50	91.310	27.060	33082.000	29.000	91.346899	19.1371754	186.174128	139.642465	7.01345101	219.170344	35	19.3739612	5.68214248	177.566952
4	14:21:18	11.75	92.020	26.980	33088.000	29.000	92.043256	19.2830622	187.593373	140.706990	7.06691604	220.841126	35	19.3739612	5.72545866	178.920583
4	14:21:33	12.00	92.030	26.980	33099.000	29.000	92.043256	19.2830622	187.593373	140.706990	7.06691604	220.841126	35	19.3739612	5.72545866	178.920583
4	14:21:48	12.25	92.070	26.970	33070.000	29.000	92.130763	19.3013948	187.771720	140.840761	7.07363464	221.051082	35	19.3739612	5.73090192	179.090685
4	14:22:03	12.50	91.840	27.000	33076.000	29.000	91.868552	19.2464616	187.237308	140.439918	7.05350255	220.421955	35	19.3739612	5.71459135	178.580980
4	14:22:18	12.75	91.520	27.030	33051.000	29.000	91.607266	19.1917221	186.704780	140.040488	7.03344145	219.795045	35	19.3739612	5.69833829	178.073072
4	14:22:33	13.00	91.770	27.010	33027.000	29.000	91.781354	19.2281937	187.059590	140.306618	7.04680765	220.212739	35	19.3739612	5.70916729	178.411478
4	14:22:48	13.25	91.330	27.060	33062.000	29.000	91.346899	19.1371754	186.174128	139.642465	7.01345101	219.170344	35	19.3739612	5.68214248	177.566952
4	14:23:03	13.50	92.420	26.930	33066.000	29.000	92.481823	19.3749418	188.487215	141.377428	7.10058838	221.893387	35	19.3739612	5.75273924	179.773101
4	14:23:18	13.75	91.820	27.000	33064.000	29.000	91.868552	19.2464616	187.237308	140.439918	7.05350255	220.421955	35	19.3739612	5.71459135	178.580980
4	14:23:33	14.00	91.080	27.090	33051.000	29.000	91.087449	19.0828207	185.645343	139.245843	6.99353091	218.547841	35	19.3739612	5.66600365	177.062614
4	14:23:48	14.25	91.290	27.060	33078.000	29.000	91.346899	19.1371754	186.174128	139.642465	7.01345101	219.170344	35	19.3739612	5.68214248	177.566952
4	14:24:03	14.50	91.920	26.990	33085.000	29.000	91.955853	19.2647511	187.415236	140.573375	7.06020535	220.631417	35	19.3739612	5.72002181	178.750681
4	14:24:18	14.75	91.400	27.050	33088.000	29.000	91.433586	19.1553363	186.350804	139.774984	7.02010666	219.378333	35	19.3739612	5.68753474	177.735461
4	14:24:33	15.00	92.130	26.970	33140.000	29.000	92.130763	19.3013948	187.771720	140.840761	7.07363464	221.051082	35	19.3739612	5.73090192	179.090685
4	14:24:48	15.25	91.470	27.040	33092.000	29.000	91.520375	19.1735185	186.527688	139.907658	7.02677013	219.586567	35	19.3739612	5.69293334	177.904167
4	14:25:03	15.50	91.700	27.010	33081.000	29.000	91.781354	19.2281937	187.059590	140.306618	7.04680765	220.212739	35	19.3739612	5.70916729	178.411478
4	14:25:18	15.75	91.690	27.020	33113.000	29.000	91.694259	19.2099472	186.882080	140.173475	7.04012062	220.003769	35	19.3739612	5.70374961	178.242175
4	14:25:33	16.00	91.980	26.980	33127.000	29.000	92.043256	19.2830622	187.593373	140.706990	7.06691604	220.841126	35	19.3739612	5.72545866	178.920583
4	14:25:48	16.25	90.900	27.110	33117.000	29.000	90.914990	19.0466904	185.293853	138.982203	6.98028976	218.134055	35	19.3739612	5.65527597	176.727374
4	14:26:03	16.50	91.530	27.030	33096.000	29.000	91.607266	19.1917221	186.704780	140.040488	7.03344145	219.795045	35	19.3739612	5.69833829	178.073072
4	14:26:18	16.75	91.470	27.040	33156.000	29.000	91.520375	19.1735185	186.527688	139.907658	7.02677013	219.586567	35	19.3739612	5.69293334	177.904167
4	14:26:33	17.00	91.790	27.000	33100.000	29.000	91.868552	19.2464616	187.237308	140.439918	7.05350255	220.421955	35	19.3739612	5.71459135	178.580980
4	14:26:48	17.25	91.080	27.090	33107.000	29.000	91.087449	19.0828207	185.645343	139.245843	6.99353091	218.547841	35	19.3739612	5.66600365	177.062614
4	14:27:03	17.50	91.930	26.990	33100.000	29.000	91.955853	19.2647511	187.415236	140.573375	7.06020535	220.631417	35	19.3739612	5.72002181	178.750681
4	14:27:18	17.75	91.360	27.050	33137.000	29.000	91.433586	19.1553363	186.350804	139.774984	7.02010666	219.378333	35	19.3739612	5.68753474	177.735461
4	14:27:33	18.00	90.760	27.120	33116.000	29.000	90.828912	19.0286570	185.118417	138.850615	6.97368084	217.927526	35	19.3739612	5.64992157	176.560049
4	14:27:48	18.25	90.690	27.130	33151.000	29.000	90.742934	19.0106447	184.943187	138.719181	6.96707965	217.721239	35	19.3739612	5.64457344	176.392920
4	14:28:03	18.50	90.320	27.170	33120.000	29.000	90.400031	18.9388065	184.244315	138.194983	6.94075216	216.898505	35	19.3739612	5.62324348	175.726359
4	14:28:18	18.75	91.670	27.020	33149.000	29.000	91.694259	19.2099472	186.882080	140.173475	7.04012062	220.003769	35	19.3739612	5.70374961	178.242175
4	14:28:33	19.00	91.230	27.070	33119.000	29.000	91.260314	19.1190359	185.997659	139.510103	7.00680317	218.962599	35	19.3739612	5.67675655	177.398642
4	14:28:48	19.25	91.410	27.050	33152.000	29.000	91.433586	19.1553363	186.350804	139.774984	7.02010666	219.378333	35	19.3739612	5.68753474	177.735461
4	14:29:03	19.50	91.160	27.080	33194.000	29.000	91.173831	19.1009176	185.821398	139.377895	7.00016314	218.755098	35	19.3739612	5.67137695	177.230530
4	14:29:18	19.75	89.960	27.220	33173.000	29.000	89.973654	18.8494805	183.375316	137.543178	6.90801570	215.875491	35	19.3739612	5.59672113	174.897535
