Chamber	Time/hh:mm:ss	Logtime/min	Oxy/% air sat.	Phase/°	Amp	Temp/°C	% air-sat.	% oxygen	pO2 (hPa)	pO2 (Torr)	cO2 [mg/L]	cO2 [µmol/L]	Salinity	chlorinity	SalCorcO2 [mg/L]	SalCorcO2 [µmol/L]
8	14:09:27	0.00	93.920	26.760	27725.000	29.000	93.992476	19.6914237	191.566078	143.686772	7.21657362	225.517926	35	19.3739612	5.84670792	182.709622
8	14:09:41	0.24	93.690	26.790	27707.000	29.000	93.723676	19.6351102	191.018237	143.275856	7.19593566	224.872990	35	19.3739612	5.82998750	182.187109
8	14:09:56	0.49	93.610	26.800	27724.000	29.000	93.634289	19.6163834	190.836056	143.139209	7.18907264	224.658520	35	19.3739612	5.82442723	182.013351
8	14:10:11	0.74	94.100	26.740	27768.000	29.000	94.172208	19.7290775	191.932389	143.961529	7.23037312	225.949160	35	19.3739612	5.85788796	183.058999
8	14:10:26	0.99	93.440	26.820	27797.000	29.000	93.455831	19.5789965	190.472341	142.866399	7.17537095	224.230342	35	19.3739612	5.81332643	181.666451
8	14:10:41	1.24	93.600	26.800	27755.000	29.000	93.634289	19.6163834	190.836056	143.139209	7.18907264	224.658520	35	19.3739612	5.82442723	182.013351
8	14:10:56	1.49	93.400	26.820	27759.000	29.000	93.455831	19.5789965	190.472341	142.866399	7.17537095	224.230342	35	19.3739612	5.81332643	181.666451
8	14:11:11	1.74	93.510	26.810	27758.000	29.000	93.545007	19.5976789	190.654091	143.002723	7.18221774	224.444304	35	19.3739612	5.81887354	181.839798
8	14:11:26	1.99	94.010	26.750	27793.000	29.000	94.082289	19.7102395	191.749125	143.824069	7.22346928	225.733415	35	19.3739612	5.85229462	182.884207
8	14:11:41	2.24	93.240	26.840	27766.000	29.000	93.277795	19.5416980	190.109486	142.594235	7.16170167	223.803177	35	19.3739612	5.80225188	181.320371
8	14:11:56	2.49	93.360	26.830	27776.000	29.000	93.366760	19.5603362	190.290806	142.730236	7.16853227	224.016633	35	19.3739612	5.80778588	181.493309
8	14:12:11	2.74	93.820	26.770	27761.000	29.000	93.902770	19.6726303	191.383247	143.549637	7.20968615	225.302692	35	19.3739612	5.84112784	182.535245
8	14:12:26	2.99	93.510	26.810	27769.000	29.000	93.545007	19.5976789	190.654091	143.002723	7.18221774	224.444304	35	19.3739612	5.81887354	181.839798
8	14:12:41	3.24	93.740	26.780	27777.000	29.000	93.813170	19.6538591	191.200634	143.412666	7.20280683	225.087713	35	19.3739612	5.83555437	182.361074
8	14:12:56	3.49	93.260	26.840	27756.000	29.000	93.277795	19.5416980	190.109486	142.594235	7.16170167	223.803177	35	19.3739612	5.80225188	181.320371
8	14:13:11	3.74	93.430	26.820	27781.000	29.000	93.455831	19.5789965	190.472341	142.866399	7.17537095	224.230342	35	19.3739612	5.81332643	181.666451
8	14:13:26	3.99	93.400	26.820	27801.000	29.000	93.455831	19.5789965	190.472341	142.866399	7.17537095	224.230342	35	19.3739612	5.81332643	181.666451
8	14:13:41	4.24	93.290	26.830	27808.000	29.000	93.366760	19.5603362	190.290806	142.730236	7.16853227	224.016633	35	19.3739612	5.80778588	181.493309
8	14:13:56	4.49	92.840	26.880	27794.000	29.000	92.922984	19.4673651	189.386346	142.051834	7.13445995	222.951874	35	19.3739612	5.78018124	180.630664
8	14:14:11	4.74	93.140	26.850	27802.000	29.000	93.188935	19.5230818	189.928380	142.458394	7.15487916	223.589974	35	19.3739612	5.79672443	181.147638
8	14:14:26	4.99	93.010	26.870	27834.000	29.000	93.011529	19.4859154	189.566810	142.187194	7.14125831	223.164322	35	19.3739612	5.78568912	180.802785
8	14:14:41	5.24	93.560	26.800	27833.000	29.000	93.634289	19.6163834	190.836056	143.139209	7.18907264	224.658520	35	19.3739612	5.82442723	182.013351
8	14:14:56	5.49	92.870	26.880	27821.000	29.000	92.922984	19.4673651	189.386346	142.051834	7.13445995	222.951874	35	19.3739612	5.78018124	180.630664
8	14:15:11	5.74	93.070	26.860	27834.000	29.000	93.100180	19.5044876	189.747488	142.322714	7.14806471	223.377022	35	19.3739612	5.79120351	180.975110
8	14:15:26	5.99	93.270	26.840	27853.000	29.000	93.277795	19.5416980	190.109486	142.594235	7.16170167	223.803177	35	19.3739612	5.80225188	181.320371
8	14:15:41	6.24	92.240	26.950	27871.000	29.000	92.306086	19.3381250	188.129046	141.108778	7.08709561	221.471738	35	19.3739612	5.74180771	179.431491
8	14:15:56	6.49	92.970	26.870	27852.000	29.000	93.011529	19.4859154	189.566810	142.187194	7.14125831	223.164322	35	19.3739612	5.78568912	180.802785
8	14:16:11	6.74	93.530	26.810	27888.000	29.000	93.545007	19.5976789	190.654091	143.002723	7.18221774	224.444304	35	19.3739612	5.81887354	181.839798
8	14:16:26	6.99	92.430	26.930	27891.000	29.000	92.481823	19.3749418	188.487215	141.377428	7.10058838	221.893387	35	19.3739612	5.75273924	179.773101
8	14:16:41	7.24	93.240	26.840	27906.000	29.000	93.277795	19.5416980	190.109486	142.594235	7.16170167	223.803177	35	19.3739612	5.80225188	181.320371
8	14:16:56	7.49	92.860	26.880	27864.000	29.000	92.922984	19.4673651	189.386346	142.051834	7.13445995	222.951874	35	19.3739612	5.78018124	180.630664
8	14:17:11	7.74	92.110	26.970	27879.000	29.000	92.130763	19.3013948	187.771720	140.840761	7.07363464	221.051082	35	19.3739612	5.73090192	179.090685
8	14:17:26	7.99	93.340	26.830	27879.000	29.000	93.366760	19.5603362	190.290806	142.730236	7.16853227	224.016633	35	19.3739612	5.80778588	181.493309
8	14:17:41	8.24	92.340	26.940	27890.000	29.000	92.393902	19.3565225	188.308025	141.243024	7.09383802	221.682438	35	19.3739612	5.74727025	179.602195
8	14:17:56	8.49	91.990	26.980	27928.000	29.000	92.043256	19.2830622	187.593373	140.706990	7.06691604	220.841126	35	19.3739612	5.72545866	178.920583
8	14:18:11	8.74	92.300	26.950	27903.000	29.000	92.306086	19.3381250	188.129046	141.108778	7.08709561	221.471738	35	19.3739612	5.74180771	179.431491
8	14:18:26	8.99	92.250	26.950	27930.000	29.000	92.306086	19.3381250	188.129046	141.108778	7.08709561	221.471738	35	19.3739612	5.74180771	179.431491
8	14:18:41	9.24	92.110	26.970	27951.000	29.000	92.130763	19.3013948	187.771720	140.840761	7.07363464	221.051082	35	19.3739612	5.73090192	179.090685
8	14:18:56	9.49	92.130	26.960	27934.000	29.000	92.218373	19.3197491	187.950278	140.974691	7.08036116	221.261286	35	19.3739612	5.73635160	179.260987
8	14:19:11	9.74	92.030	26.980	27959.000	29.000	92.043256	19.2830622	187.593373	140.706990	7.06691604	220.841126	35	19.3739612	5.72545866	178.920583
8	14:19:26	9.99	92.180	26.960	27973.000	29.000	92.218373	19.3197491	187.950278	140.974691	7.08036116	221.261286	35	19.3739612	5.73635160	179.260987
8	14:19:41	10.24	92.570	26.910	27961.000	29.000	92.657975	19.4118457	188.846231	141.646713	7.11411301	222.316032	35	19.3739612	5.76369660	180.115519
8	14:19:56	10.49	92.350	26.940	27933.000	29.000	92.393902	19.3565225	188.308025	141.243024	7.09383802	221.682438	35	19.3739612	5.74727025	179.602195
8	14:20:11	10.74	92.090	26.970	27945.000	29.000	92.130763	19.3013948	187.771720	140.840761	7.07363464	221.051082	35	19.3739612	5.73090192	179.090685
8	14:20:26	10.99	91.850	27.000	28004.000	29.000	91.868552	19.2464616	187.237308	140.439918	7.05350255	220.421955	35	19.3739612	5.71459135	178.580980
8	14:20:41	11.24	92.290	26.950	27996.000	29.000	92.306086	19.3381250	188.129046	141.108778	7.08709561	221.471738	35	19.3739612	5.74180771	179.431491
8	14:20:56	11.49	92.440	26.930	27971.000	29.000	92.481823	19.3749418	188.487215	141.377428	7.10058838	221.893387	35	19.3739612	5.75273924	179.773101
8	14:21:11	11.74	91.610	27.020	27990.000	29.000	91.694259	19.2099472	186.882080	140.173475	7.04012062	220.003769	35	19.3739612	5.70374961	178.242175
8	14:21:26	11.99	91.810	27.000	27969.000	29.000	91.868552	19.2464616	187.237308	140.439918	7.05350255	220.421955	35	19.3739612	5.71459135	178.580980
8	14:21:41	12.24	91.840	27.000	28029.000	29.000	91.868552	19.2464616	187.237308	140.439918	7.05350255	220.421955	35	19.3739612	5.71459135	178.580980
8	14:21:56	12.49	90.990	27.100	28021.000	29.000	91.001169	19.0647449	185.469495	139.113946	6.98690645	218.340827	35	19.3739612	5.66063667	176.894896
8	14:22:11	12.74	91.930	26.990	28020.000	29.000	91.955853	19.2647511	187.415236	140.573375	7.06020535	220.631417	35	19.3739612	5.72002181	178.750681
8	14:22:26	12.99	91.960	26.980	28022.000	29.000	92.043256	19.2830622	187.593373	140.706990	7.06691604	220.841126	35	19.3739612	5.72545866	178.920583
8	14:22:41	13.24	91.530	27.030	28057.000	29.000	91.607266	19.1917221	186.704780	140.040488	7.03344145	219.795045	35	19.3739612	5.69833829	178.073072
8	14:22:56	13.49	91.850	27.000	28055.000	29.000	91.868552	19.2464616	187.237308	140.439918	7.05350255	220.421955	35	19.3739612	5.71459135	178.580980
8	14:23:11	13.74	91.840	27.000	28000.000	29.000	91.868552	19.2464616	187.237308	140.439918	7.05350255	220.421955	35	19.3739612	5.71459135	178.580980
8	14:23:26	13.99	91.950	26.990	27998.000	29.000	91.955853	19.2647511	187.415236	140.573375	7.06020535	220.631417	35	19.3739612	5.72002181	178.750681
8	14:23:41	14.24	91.680	27.020	28034.000	29.000	91.694259	19.2099472	186.882080	140.173475	7.04012062	220.003769	35	19.3739612	5.70374961	178.242175
8	14:23:56	14.49	92.030	26.980	28048.000	29.000	92.043256	19.2830622	187.593373	140.706990	7.06691604	220.841126	35	19.3739612	5.72545866	178.920583
8	14:24:11	14.74	92.080	26.970	28073.000	29.000	92.130763	19.3013948	187.771720	140.840761	7.07363464	221.051082	35	19.3739612	5.73090192	179.090685
8	14:24:26	14.99	91.210	27.070	28053.000	29.000	91.260314	19.1190359	185.997659	139.510103	7.00680317	218.962599	35	19.3739612	5.67675655	177.398642
8	14:24:41	15.24	90.880	27.110	28055.000	29.000	90.914990	19.0466904	185.293853	138.982203	6.98028976	218.134055	35	19.3739612	5.65527597	176.727374
8	14:24:56	15.49	91.130	27.080	28046.000	29.000	91.173831	19.1009176	185.821398	139.377895	7.00016314	218.755098	35	19.3739612	5.67137695	177.230530
8	14:25:11	15.74	90.980	27.100	28100.000	29.000	91.001169	19.0647449	185.469495	139.113946	6.98690645	218.340827	35	19.3739612	5.66063667	176.894896
8	14:25:26	15.99	91.230	27.070	28117.000	29.000	91.260314	19.1190359	185.997659	139.510103	7.00680317	218.962599	35	19.3739612	5.67675655	177.398642
8	14:25:41	16.24	91.610	27.020	28078.000	29.000	91.694259	19.2099472	186.882080	140.173475	7.04012062	220.003769	35	19.3739612	5.70374961	178.242175
8	14:25:56	16.49	92.000	26.980	28085.000	29.000	92.043256	19.2830622	187.593373	140.706990	7.06691604	220.841126	35	19.3739612	5.72545866	178.920583
8	14:26:11	16.74	91.670	27.020	28124.000	29.000	91.694259	19.2099472	186.882080	140.173475	7.04012062	220.003769	35	19.3739612	5.70374961	178.242175
8	14:26:26	16.99	91.270	27.060	28113.000	29.000	91.346899	19.1371754	186.174128	139.642465	7.01345101	219.170344	35	19.3739612	5.68214248	177.566952
8	14:26:41	17.24	91.260	27.070	28127.000	29.000	91.260314	19.1190359	185.997659	139.510103	7.00680317	218.962599	35	19.3739612	5.67675655	177.398642
8	14:26:56	17.49	91.930	26.990	28133.000	29.000	91.955853	19.2647511	187.415236	140.573375	7.06020535	220.631417	35	19.3739612	5.72002181	178.750681
8	14:27:11	17.74	90.680	27.130	28126.000	29.000	90.742934	19.0106447	184.943187	138.719181	6.96707965	217.721239	35	19.3739612	5.64457344	176.392920
8	14:27:26	17.99	90.880	27.110	28174.000	29.000	90.914990	19.0466904	185.293853	138.982203	6.98028976	218.134055	35	19.3739612	5.65527597	176.727374
8	14:27:41	18.24	90.820	27.120	28153.000	29.000	90.828912	19.0286570	185.118417	138.850615	6.97368084	217.927526	35	19.3739612	5.64992157	176.560049
8	14:27:56	18.49	90.930	27.100	28149.000	29.000	91.001169	19.0647449	185.469495	139.113946	6.98690645	218.340827	35	19.3739612	5.66063667	176.894896
8	14:28:11	18.74	91.220	27.070	28201.000	29.000	91.260314	19.1190359	185.997659	139.510103	7.00680317	218.962599	35	19.3739612	5.67675655	177.398642
8	14:28:26	18.99	91.150	27.080	28177.000	29.000	91.173831	19.1009176	185.821398	139.377895	7.00016314	218.755098	35	19.3739612	5.67137695	177.230530
8	14:28:41	19.24	91.790	27.000	28163.000	29.000	91.868552	19.2464616	187.237308	140.439918	7.05350255	220.421955	35	19.3739612	5.71459135	178.580980
8	14:28:56	19.49	91.260	27.070	28201.000	29.000	91.260314	19.1190359	185.997659	139.510103	7.00680317	218.962599	35	19.3739612	5.67675655	177.398642
8	14:29:11	19.74	90.930	27.100	28208.000	29.000	91.001169	19.0647449	185.469495	139.113946	6.98690645	218.340827	35	19.3739612	5.66063667	176.894896
