Chamber	Time/hh:mm:ss	Logtime/min	Oxy/% air sat.	Phase/°	Amp	Temp/°C	% air-sat.	% oxygen	pO2 (hPa)	pO2 (Torr)	cO2 [mg/L]	cO2 [µmol/L]	Salinity	chlorinity	SalCorcO2 [mg/L]	SalCorcO2 [µmol/L]
6	10:10:02	0.00	96.680	27.670	36960.000	22.000	96.770130	20.2733423	199.995157	150.009118	8.42997618	263.436756	35	19.3739612	6.88493769	215.154303
6	10:10:15	0.23	96.450	27.700	36948.000	22.000	96.499331	20.2166099	199.435496	149.589337	8.40638596	262.699561	35	19.3739612	6.86567106	214.552221
6	10:10:30	0.47	96.330	27.710	36973.000	22.000	96.409272	20.1977425	199.249370	149.449731	8.39854061	262.454394	35	19.3739612	6.85926360	214.351987
6	10:10:45	0.72	96.420	27.700	36973.000	22.000	96.499331	20.2166099	199.435496	149.589337	8.40638596	262.699561	35	19.3739612	6.86567106	214.552221
6	10:11:00	0.97	96.440	27.700	36892.000	22.000	96.499331	20.2166099	199.435496	149.589337	8.40638596	262.699561	35	19.3739612	6.86567106	214.552221
6	10:11:15	1.22	97.000	27.640	36944.000	22.000	97.041865	20.3302708	200.556753	150.430351	8.45364796	264.176499	35	19.3739612	6.90427092	215.758466
6	10:11:30	1.47	96.800	27.660	36993.000	22.000	96.860604	20.2922966	200.182140	150.149368	8.43785770	263.683053	35	19.3739612	6.89137468	215.355459
6	10:11:45	1.73	96.670	27.680	36985.000	22.000	96.679760	20.2544097	199.808389	149.869030	8.42210373	263.190742	35	19.3739612	6.87850809	214.953378
6	10:12:00	1.98	95.860	27.770	37036.000	22.000	95.871084	20.0849922	198.137096	148.615454	8.35165724	260.989289	35	19.3739612	6.82097297	213.155405
6	10:12:15	2.22	96.230	27.720	37012.000	22.000	96.319317	20.1788968	199.063459	149.310286	8.39070427	262.209508	35	19.3739612	6.85286350	214.151984
6	10:12:30	2.47	95.850	27.770	37036.000	22.000	95.871084	20.0849922	198.137096	148.615454	8.35165724	260.989289	35	19.3739612	6.82097297	213.155405
6	10:12:45	2.73	95.390	27.820	37021.000	22.000	95.425415	19.9916244	197.216030	147.924596	8.31283346	259.776046	35	19.3739612	6.78926478	212.164524
6	10:13:00	2.98	96.440	27.700	36994.000	22.000	96.499331	20.2166099	199.435496	149.589337	8.40638596	262.699561	35	19.3739612	6.86567106	214.552221
6	10:13:15	3.22	96.580	27.690	37009.000	22.000	96.589494	20.2354989	199.621835	149.729103	8.41424033	262.945010	35	19.3739612	6.87208589	214.752684
6	10:13:30	3.47	95.880	27.760	36986.000	22.000	95.960525	20.1037300	198.321944	148.754102	8.35944874	261.232773	35	19.3739612	6.82733645	213.354264
6	10:13:45	3.72	96.220	27.730	37017.000	22.000	96.229464	20.1600728	198.877761	149.171000	8.38287693	261.964904	35	19.3739612	6.84647074	213.952211
6	10:14:00	3.97	96.240	27.720	37011.000	22.000	96.319317	20.1788968	199.063459	149.310286	8.39070427	262.209508	35	19.3739612	6.85286350	214.151984
6	10:14:15	4.22	96.370	27.710	37050.000	22.000	96.409272	20.1977425	199.249370	149.449731	8.39854061	262.454394	35	19.3739612	6.85926360	214.351987
6	10:14:30	4.48	96.400	27.710	37006.000	22.000	96.409272	20.1977425	199.249370	149.449731	8.39854061	262.454394	35	19.3739612	6.85926360	214.351987
6	10:14:45	4.72	96.150	27.730	37011.000	22.000	96.229464	20.1600728	198.877761	149.171000	8.38287693	261.964904	35	19.3739612	6.84647074	213.952211
6	10:15:00	4.97	95.780	27.780	37053.000	22.000	95.781746	20.0662758	197.952460	148.476966	8.34387468	260.746084	35	19.3739612	6.81461679	212.956775
6	10:15:15	5.22	96.540	27.690	37035.000	22.000	96.589494	20.2354989	199.621835	149.729103	8.41424033	262.945010	35	19.3739612	6.87208589	214.752684
6	10:15:30	5.47	95.820	27.770	37053.000	22.000	95.871084	20.0849922	198.137096	148.615454	8.35165724	260.989289	35	19.3739612	6.82097297	213.155405
6	10:15:45	5.73	95.630	27.790	37066.000	22.000	95.692510	20.0475809	197.768036	148.338636	8.33610103	260.503157	35	19.3739612	6.80826789	212.758372
6	10:16:00	5.97	96.080	27.740	37063.000	22.000	96.139715	20.1412703	198.692276	149.031874	8.37505857	261.720580	35	19.3739612	6.84008532	213.752666
6	10:16:15	6.22	96.310	27.720	37100.000	22.000	96.319317	20.1788968	199.063459	149.310286	8.39070427	262.209508	35	19.3739612	6.85286350	214.151984
6	10:16:30	6.48	95.170	27.840	37091.000	22.000	95.247861	19.9544268	196.849077	147.649358	8.29736609	259.292690	35	19.3739612	6.77663225	211.769758
6	10:16:45	6.72	96.410	27.700	37075.000	22.000	96.499331	20.2166099	199.435496	149.589337	8.40638596	262.699561	35	19.3739612	6.86567106	214.552221
6	10:17:00	6.97	95.800	27.770	37051.000	22.000	95.871084	20.0849922	198.137096	148.615454	8.35165724	260.989289	35	19.3739612	6.82097297	213.155405
6	10:17:15	7.22	95.790	27.770	37060.000	22.000	95.871084	20.0849922	198.137096	148.615454	8.35165724	260.989289	35	19.3739612	6.82097297	213.155405
6	10:17:30	7.47	95.910	27.760	37098.000	22.000	95.960525	20.1037300	198.321944	148.754102	8.35944874	261.232773	35	19.3739612	6.82733645	213.354264
6	10:17:45	7.72	95.790	27.770	37127.000	22.000	95.871084	20.0849922	198.137096	148.615454	8.35165724	260.989289	35	19.3739612	6.82097297	213.155405
6	10:18:00	7.97	95.520	27.800	37091.000	22.000	95.603376	20.0289074	197.583823	148.200464	8.32833629	260.260509	35	19.3739612	6.80192626	212.560196
6	10:18:15	8.22	95.770	27.780	37077.000	22.000	95.781746	20.0662758	197.952460	148.476966	8.34387468	260.746084	35	19.3739612	6.81461679	212.956775
6	10:18:30	8.47	95.400	27.820	37099.000	22.000	95.425415	19.9916244	197.216030	147.924596	8.31283346	259.776046	35	19.3739612	6.78926478	212.164524
6	10:18:45	8.72	96.140	27.730	37131.000	22.000	96.229464	20.1600728	198.877761	149.171000	8.38287693	261.964904	35	19.3739612	6.84647074	213.952211
6	10:19:00	8.97	95.380	27.820	37137.000	22.000	95.425415	19.9916244	197.216030	147.924596	8.31283346	259.776046	35	19.3739612	6.78926478	212.164524
6	10:19:15	9.22	95.490	27.810	37130.000	22.000	95.514345	20.0102552	197.399821	148.062451	8.32058043	260.018139	35	19.3739612	6.79559189	212.362247
6	10:19:30	9.47	95.930	27.760	37153.000	22.000	95.960525	20.1037300	198.321944	148.754102	8.35944874	261.232773	35	19.3739612	6.82733645	213.354264
6	10:19:45	9.73	95.050	27.860	37176.000	22.000	95.070712	19.9173142	196.482964	147.374750	8.28193407	258.810440	35	19.3739612	6.76402860	211.375894
6	10:20:00	9.97	96.070	27.740	37164.000	22.000	96.139715	20.1412703	198.692276	149.031874	8.37505857	261.720580	35	19.3739612	6.84008532	213.752666
6	10:20:15	10.23	96.050	27.740	37139.000	22.000	96.139715	20.1412703	198.692276	149.031874	8.37505857	261.720580	35	19.3739612	6.84008532	213.752666
6	10:20:30	10.47	95.570	27.800	37185.000	22.000	95.603376	20.0289074	197.583823	148.200464	8.32833629	260.260509	35	19.3739612	6.80192626	212.560196
6	10:20:45	10.73	95.530	27.800	37182.000	22.000	95.603376	20.0289074	197.583823	148.200464	8.32833629	260.260509	35	19.3739612	6.80192626	212.560196
6	10:21:00	10.98	95.410	27.820	37146.000	22.000	95.425415	19.9916244	197.216030	147.924596	8.31283346	259.776046	35	19.3739612	6.78926478	212.164524
6	10:21:15	11.22	95.430	27.810	37175.000	22.000	95.514345	20.0102552	197.399821	148.062451	8.32058043	260.018139	35	19.3739612	6.79559189	212.362247
6	10:21:30	11.47	95.000	27.860	37193.000	22.000	95.070712	19.9173142	196.482964	147.374750	8.28193407	258.810440	35	19.3739612	6.76402860	211.375894
6	10:21:45	11.72	94.910	27.870	37209.000	22.000	94.982290	19.8987897	196.300221	147.237681	8.27423129	258.569728	35	19.3739612	6.75773758	211.179299
6	10:22:00	11.97	94.910	27.870	37219.000	22.000	94.982290	19.8987897	196.300221	147.237681	8.27423129	258.569728	35	19.3739612	6.75773758	211.179299
6	10:22:15	12.22	95.060	27.860	37226.000	22.000	95.070712	19.9173142	196.482964	147.374750	8.28193407	258.810440	35	19.3739612	6.76402860	211.375894
6	10:22:30	12.47	95.380	27.820	37228.000	22.000	95.425415	19.9916244	197.216030	147.924596	8.31283346	259.776046	35	19.3739612	6.78926478	212.164524
6	10:22:45	12.73	94.970	27.870	37224.000	22.000	94.982290	19.8987897	196.300221	147.237681	8.27423129	258.569728	35	19.3739612	6.75773758	211.179299
6	10:23:00	12.97	95.140	27.850	37248.000	22.000	95.159236	19.9358599	196.665916	147.511975	8.28964567	259.051427	35	19.3739612	6.77032682	211.572713
6	10:23:15	13.22	94.910	27.870	37246.000	22.000	94.982290	19.8987897	196.300221	147.237681	8.27423129	258.569728	35	19.3739612	6.75773758	211.179299
6	10:23:30	13.48	94.880	27.880	37235.000	22.000	94.893968	19.8802863	196.117687	147.100769	8.26653731	258.329291	35	19.3739612	6.75145375	210.982930
6	10:23:45	13.72	94.620	27.910	37269.000	22.000	94.629609	19.8249030	195.571334	146.690969	8.24350805	257.609626	35	19.3739612	6.73264526	210.395164
6	10:24:00	13.97	94.350	27.940	37225.000	22.000	94.366153	19.7697090	195.026849	146.282571	8.22055752	256.892423	35	19.3739612	6.71390109	209.809409
6	10:24:15	14.22	95.100	27.850	37286.000	22.000	95.159236	19.9358599	196.665916	147.511975	8.28964567	259.051427	35	19.3739612	6.77032682	211.572713
6	10:24:30	14.47	94.880	27.880	37288.000	22.000	94.893968	19.8802863	196.117687	147.100769	8.26653731	258.329291	35	19.3739612	6.75145375	210.982930
6	10:24:45	14.72	94.990	27.860	37300.000	22.000	95.070712	19.9173142	196.482964	147.374750	8.28193407	258.810440	35	19.3739612	6.76402860	211.375894
6	10:25:00	14.97	94.560	27.910	37294.000	22.000	94.629609	19.8249030	195.571334	146.690969	8.24350805	257.609626	35	19.3739612	6.73264526	210.395164
6	10:25:15	15.23	95.180	27.840	37311.000	22.000	95.247861	19.9544268	196.849077	147.649358	8.29736609	259.292690	35	19.3739612	6.77663225	211.769758
6	10:25:30	15.47	95.000	27.860	37290.000	22.000	95.070712	19.9173142	196.482964	147.374750	8.28193407	258.810440	35	19.3739612	6.76402860	211.375894
6	10:25:45	15.73	94.000	27.980	37369.000	22.000	94.016278	19.6964102	194.303761	145.740209	8.19007872	255.939960	35	19.3739612	6.68900841	209.031513
6	10:26:00	15.97	95.390	27.820	37317.000	22.000	95.425415	19.9916244	197.216030	147.924596	8.31283346	259.776046	35	19.3739612	6.78926478	212.164524
6	10:26:15	16.23	94.900	27.870	37308.000	22.000	94.982290	19.8987897	196.300221	147.237681	8.27423129	258.569728	35	19.3739612	6.75773758	211.179299
6	10:26:30	16.47	94.900	27.870	37332.000	22.000	94.982290	19.8987897	196.300221	147.237681	8.27423129	258.569728	35	19.3739612	6.75773758	211.179299
6	10:26:45	16.72	94.620	27.910	37390.000	22.000	94.629609	19.8249030	195.571334	146.690969	8.24350805	257.609626	35	19.3739612	6.73264526	210.395164
6	10:27:00	16.97	94.650	27.900	37368.000	22.000	94.717628	19.8433430	195.753243	146.827413	8.25117570	257.849241	35	19.3739612	6.73890760	210.590862
6	10:27:15	17.23	94.330	27.940	37333.000	22.000	94.366153	19.7697090	195.026849	146.282571	8.22055752	256.892423	35	19.3739612	6.71390109	209.809409
6	10:27:30	17.48	94.020	27.970	37312.000	22.000	94.103597	19.7147036	194.484224	145.875567	8.19768539	256.177669	35	19.3739612	6.69522095	209.225655
6	10:27:45	17.72	94.540	27.920	37357.000	22.000	94.541690	19.8064840	195.389632	146.554681	8.23584914	257.370286	35	19.3739612	6.72639007	210.199690
6	10:28:00	17.97	94.310	27.940	37348.000	22.000	94.366153	19.7697090	195.026849	146.282571	8.22055752	256.892423	35	19.3739612	6.71390109	209.809409
6	10:28:15	18.23	94.170	27.960	37367.000	22.000	94.191016	19.7330179	194.664893	146.011081	8.20530075	256.415648	35	19.3739612	6.70144056	209.420018
6	10:28:30	18.47	94.050	27.970	37390.000	22.000	94.103597	19.7147036	194.484224	145.875567	8.19768539	256.177669	35	19.3739612	6.69522095	209.225655
6	10:28:45	18.73	94.940	27.870	37357.000	22.000	94.982290	19.8987897	196.300221	147.237681	8.27423129	258.569728	35	19.3739612	6.75773758	211.179299
6	10:29:00	18.98	93.960	27.980	37393.000	22.000	94.016278	19.6964102	194.303761	145.740209	8.19007872	255.939960	35	19.3739612	6.68900841	209.031513
6	10:29:15	19.22	94.730	27.890	37412.000	22.000	94.805748	19.8618041	195.935361	146.964013	8.25885212	258.089129	35	19.3739612	6.74517709	210.786784
6	10:29:30	19.47	94.680	27.900	37375.000	22.000	94.717628	19.8433430	195.753243	146.827413	8.25117570	257.849241	35	19.3739612	6.73890760	210.590862
6	10:29:45	19.73	93.580	28.030	37396.000	22.000	93.581170	19.6052551	193.404522	145.065722	8.15217497	254.755468	35	19.3739612	6.65805163	208.064114
6	10:30:00	19.98	93.720	28.010	37405.000	22.000	93.754916	19.6416549	193.763604	145.335056	8.16731059	255.228456	35	19.3739612	6.67041321	208.450413
6	10:30:15	20.22	94.310	27.940	37405.000	22.000	94.366153	19.7697090	195.026849	146.282571	8.22055752	256.892423	35	19.3739612	6.71390109	209.809409
