Chamber	Time/hh:mm:ss	Logtime/min	Oxy/% air sat.	Phase/°	Amp	Temp/°C	% air-sat.	% oxygen	pO2 (hPa)	pO2 (Torr)	cO2 [mg/L]	cO2 [µmol/L]	Salinity	chlorinity	SalCorcO2 [mg/L]	SalCorcO2 [µmol/L]
5	10:10:01	0.00	94.050	27.970	46230.000	22.000	94.103597	19.7147036	194.484224	145.875567	8.19768539	256.177669	35	19.3739612	6.69522095	209.225655
5	10:10:14	0.20	93.990	27.980	46223.000	22.000	94.016278	19.6964102	194.303761	145.740209	8.19007872	255.939960	35	19.3739612	6.68900841	209.031513
5	10:10:29	0.45	93.980	27.980	46256.000	22.000	94.016278	19.6964102	194.303761	145.740209	8.19007872	255.939960	35	19.3739612	6.68900841	209.031513
5	10:10:44	0.70	94.220	27.950	46241.000	22.000	94.278535	19.7513530	194.845768	146.146748	8.21292478	256.653900	35	19.3739612	6.70766728	209.614602
5	10:10:59	0.95	94.170	27.960	46280.000	22.000	94.191016	19.7330179	194.664893	146.011081	8.20530075	256.415648	35	19.3739612	6.70144056	209.420018
5	10:11:14	1.20	93.940	27.980	46263.000	22.000	94.016278	19.6964102	194.303761	145.740209	8.19007872	255.939960	35	19.3739612	6.68900841	209.031513
5	10:11:29	1.45	93.990	27.980	46245.000	22.000	94.016278	19.6964102	194.303761	145.740209	8.19007872	255.939960	35	19.3739612	6.68900841	209.031513
5	10:11:44	1.70	93.580	28.020	46264.000	22.000	93.667994	19.6234446	193.583961	145.200312	8.15973848	254.991827	35	19.3739612	6.66422891	208.257153
5	10:11:59	1.95	93.650	28.020	46260.000	22.000	93.667994	19.6234446	193.583961	145.200312	8.15973848	254.991827	35	19.3739612	6.66422891	208.257153
5	10:12:14	2.20	93.370	28.050	46255.000	22.000	93.407819	19.5689380	193.046256	144.797000	8.13707375	254.283555	35	19.3739612	6.64571815	207.678692
5	10:12:29	2.45	93.780	28.000	46268.000	22.000	93.841937	19.6598859	193.943451	145.469953	8.17489133	255.465354	35	19.3739612	6.67660455	208.643892
5	10:12:44	2.70	93.940	27.980	46303.000	22.000	94.016278	19.6964102	194.303761	145.740209	8.19007872	255.939960	35	19.3739612	6.68900841	209.031513
5	10:12:59	2.95	93.510	28.030	46298.000	22.000	93.581170	19.6052551	193.404522	145.065722	8.15217497	254.755468	35	19.3739612	6.65805163	208.064114
5	10:13:14	3.20	93.650	28.020	46290.000	22.000	93.667994	19.6234446	193.583961	145.200312	8.15973848	254.991827	35	19.3739612	6.66422891	208.257153
5	10:13:29	3.45	93.780	28.000	46295.000	22.000	93.841937	19.6598859	193.943451	145.469953	8.17489133	255.465354	35	19.3739612	6.67660455	208.643892
5	10:13:44	3.70	93.700	28.010	46281.000	22.000	93.754916	19.6416549	193.763604	145.335056	8.16731059	255.228456	35	19.3739612	6.67041321	208.450413
5	10:13:59	3.95	93.340	28.050	46347.000	22.000	93.407819	19.5689380	193.046256	144.797000	8.13707375	254.283555	35	19.3739612	6.64571815	207.678692
5	10:14:14	4.20	93.320	28.050	46305.000	22.000	93.407819	19.5689380	193.046256	144.797000	8.13707375	254.283555	35	19.3739612	6.64571815	207.678692
5	10:14:29	4.45	93.520	28.030	46324.000	22.000	93.581170	19.6052551	193.404522	145.065722	8.15217497	254.755468	35	19.3739612	6.65805163	208.064114
5	10:14:44	4.70	93.750	28.010	46329.000	22.000	93.754916	19.6416549	193.763604	145.335056	8.16731059	255.228456	35	19.3739612	6.67041321	208.450413
5	10:14:59	4.95	93.850	27.990	46340.000	22.000	93.929058	19.6781377	194.123503	145.605004	8.18248070	255.702522	35	19.3739612	6.68280295	208.837592
5	10:15:14	5.20	93.200	28.070	46329.000	22.000	93.234861	19.5327033	192.688804	144.528888	8.12200681	253.812713	35	19.3739612	6.63341267	207.294146
5	10:15:29	5.45	93.490	28.040	46352.000	22.000	93.494445	19.5870862	193.225287	144.931285	8.14462007	254.519377	35	19.3739612	6.65188139	207.871293
5	10:15:44	5.70	93.540	28.030	46356.000	22.000	93.581170	19.6052551	193.404522	145.065722	8.15217497	254.755468	35	19.3739612	6.65805163	208.064114
5	10:15:59	5.95	93.240	28.060	46386.000	22.000	93.321291	19.5508104	192.867428	144.662868	8.12953600	254.048000	35	19.3739612	6.63956191	207.486310
5	10:16:14	6.20	93.640	28.020	46367.000	22.000	93.667994	19.6234446	193.583961	145.200312	8.15973848	254.991827	35	19.3739612	6.66422891	208.257153
5	10:16:29	6.45	93.210	28.070	46367.000	22.000	93.234861	19.5327033	192.688804	144.528888	8.12200681	253.812713	35	19.3739612	6.63341267	207.294146
5	10:16:44	6.70	93.210	28.070	46366.000	22.000	93.234861	19.5327033	192.688804	144.528888	8.12200681	253.812713	35	19.3739612	6.63341267	207.294146
5	10:16:59	6.95	93.390	28.050	46399.000	22.000	93.407819	19.5689380	193.046256	144.797000	8.13707375	254.283555	35	19.3739612	6.64571815	207.678692
5	10:17:14	7.20	93.280	28.060	46399.000	22.000	93.321291	19.5508104	192.867428	144.662868	8.12953600	254.048000	35	19.3739612	6.63956191	207.486310
5	10:17:29	7.45	93.310	28.060	46379.000	22.000	93.321291	19.5508104	192.867428	144.662868	8.12953600	254.048000	35	19.3739612	6.63956191	207.486310
5	10:17:44	7.70	93.150	28.070	46387.000	22.000	93.234861	19.5327033	192.688804	144.528888	8.12200681	253.812713	35	19.3739612	6.63341267	207.294146
5	10:17:59	7.95	93.180	28.070	46406.000	22.000	93.234861	19.5327033	192.688804	144.528888	8.12200681	253.812713	35	19.3739612	6.63341267	207.294146
5	10:18:14	8.20	92.980	28.090	46394.000	22.000	93.062296	19.4965509	192.332163	144.261384	8.10697406	253.342940	35	19.3739612	6.62113511	206.910472
5	10:18:29	8.45	93.310	28.060	46422.000	22.000	93.321291	19.5508104	192.867428	144.662868	8.12953600	254.048000	35	19.3739612	6.63956191	207.486310
5	10:18:44	8.70	93.340	28.050	46412.000	22.000	93.407819	19.5689380	193.046256	144.797000	8.13707375	254.283555	35	19.3739612	6.64571815	207.678692
5	10:18:59	8.95	93.030	28.090	46423.000	22.000	93.062296	19.4965509	192.332163	144.261384	8.10697406	253.342940	35	19.3739612	6.62113511	206.910472
5	10:19:14	9.20	93.160	28.070	46413.000	22.000	93.234861	19.5327033	192.688804	144.528888	8.12200681	253.812713	35	19.3739612	6.63341267	207.294146
5	10:19:29	9.45	93.120	28.080	46443.000	22.000	93.148529	19.5146169	192.510382	144.395060	8.11448617	253.577693	35	19.3739612	6.62727040	207.102200
5	10:19:44	9.70	93.280	28.060	46430.000	22.000	93.321291	19.5508104	192.867428	144.662868	8.12953600	254.048000	35	19.3739612	6.63956191	207.486310
5	10:19:59	9.95	93.170	28.070	46432.000	22.000	93.234861	19.5327033	192.688804	144.528888	8.12200681	253.812713	35	19.3739612	6.63341267	207.294146
5	10:20:14	10.20	92.840	28.110	46453.000	22.000	92.890122	19.4604805	191.976330	143.994487	8.09197541	252.874232	35	19.3739612	6.60888539	206.527669
5	10:20:29	10.45	93.020	28.090	46487.000	22.000	93.062296	19.4965509	192.332163	144.261384	8.10697406	253.342940	35	19.3739612	6.62113511	206.910472
5	10:20:44	10.70	92.750	28.120	46472.000	22.000	92.804181	19.4424760	191.798717	143.861266	8.08448884	252.640276	35	19.3739612	6.60277095	206.336592
5	10:20:59	10.95	93.170	28.070	46478.000	22.000	93.234861	19.5327033	192.688804	144.528888	8.12200681	253.812713	35	19.3739612	6.63341267	207.294146
5	10:21:14	11.20	92.880	28.110	46485.000	22.000	92.890122	19.4604805	191.976330	143.994487	8.09197541	252.874232	35	19.3739612	6.60888539	206.527669
5	10:21:29	11.45	93.000	28.090	46473.000	22.000	93.062296	19.4965509	192.332163	144.261384	8.10697406	253.342940	35	19.3739612	6.62113511	206.910472
5	10:21:44	11.70	92.880	28.110	46495.000	22.000	92.890122	19.4604805	191.976330	143.994487	8.09197541	252.874232	35	19.3739612	6.60888539	206.527669
5	10:21:59	11.95	92.870	28.110	46485.000	22.000	92.890122	19.4604805	191.976330	143.994487	8.09197541	252.874232	35	19.3739612	6.60888539	206.527669
5	10:22:14	12.20	92.750	28.120	46472.000	22.000	92.804181	19.4424760	191.798717	143.861266	8.08448884	252.640276	35	19.3739612	6.60277095	206.336592
5	10:22:29	12.45	92.700	28.130	46502.000	22.000	92.718338	19.4244918	191.621304	143.728195	8.07701075	252.406586	35	19.3739612	6.59666344	206.145733
5	10:22:44	12.70	92.540	28.150	46522.000	22.000	92.546943	19.3885847	191.267083	143.462506	8.06207998	251.939999	35	19.3739612	6.58446917	205.764662
5	10:22:59	12.95	92.740	28.120	46515.000	22.000	92.804181	19.4424760	191.798717	143.861266	8.08448884	252.640276	35	19.3739612	6.60277095	206.336592
5	10:23:14	13.20	92.760	28.120	46502.000	22.000	92.804181	19.4424760	191.798717	143.861266	8.08448884	252.640276	35	19.3739612	6.60277095	206.336592
5	10:23:29	13.45	92.860	28.110	46538.000	22.000	92.890122	19.4604805	191.976330	143.994487	8.09197541	252.874232	35	19.3739612	6.60888539	206.527669
5	10:23:44	13.70	92.690	28.130	46505.000	22.000	92.718338	19.4244918	191.621304	143.728195	8.07701075	252.406586	35	19.3739612	6.59666344	206.145733
5	10:23:59	13.95	92.890	28.110	46566.000	22.000	92.890122	19.4604805	191.976330	143.994487	8.09197541	252.874232	35	19.3739612	6.60888539	206.527669
5	10:24:14	14.20	92.820	28.110	46547.000	22.000	92.890122	19.4604805	191.976330	143.994487	8.09197541	252.874232	35	19.3739612	6.60888539	206.527669
5	10:24:29	14.45	92.580	28.140	46565.000	22.000	92.632592	19.4065281	191.444093	143.595275	8.06954113	252.173160	35	19.3739612	6.59056285	205.955089
5	10:24:44	14.70	92.630	28.140	46550.000	22.000	92.632592	19.4065281	191.444093	143.595275	8.06954113	252.173160	35	19.3739612	6.59056285	205.955089
5	10:24:59	14.95	92.380	28.160	46578.000	22.000	92.461392	19.3706616	191.090272	143.329887	8.05462727	251.707102	35	19.3739612	6.57838239	205.574450
5	10:25:14	15.20	92.720	28.120	46559.000	22.000	92.804181	19.4424760	191.798717	143.861266	8.08448884	252.640276	35	19.3739612	6.60277095	206.336592
5	10:25:29	15.45	92.420	28.160	46577.000	22.000	92.461392	19.3706616	191.090272	143.329887	8.05462727	251.707102	35	19.3739612	6.57838239	205.574450
5	10:25:44	15.70	92.860	28.110	46606.000	22.000	92.890122	19.4604805	191.976330	143.994487	8.09197541	252.874232	35	19.3739612	6.60888539	206.527669
5	10:25:59	15.95	92.130	28.190	46608.000	22.000	92.205317	19.3170139	190.561042	142.932931	8.03231973	251.009992	35	19.3739612	6.56016335	205.005105
5	10:26:14	16.20	92.280	28.180	46609.000	22.000	92.290579	19.3348762	190.737252	143.065100	8.03974716	251.242099	35	19.3739612	6.56622949	205.194672
5	10:26:29	16.45	92.400	28.160	46596.000	22.000	92.461392	19.3706616	191.090272	143.329887	8.05462727	251.707102	35	19.3739612	6.57838239	205.574450
5	10:26:44	16.70	92.210	28.180	46634.000	22.000	92.290579	19.3348762	190.737252	143.065100	8.03974716	251.242099	35	19.3739612	6.56622949	205.194672
5	10:26:59	16.95	92.440	28.160	46637.000	22.000	92.461392	19.3706616	191.090272	143.329887	8.05462727	251.707102	35	19.3739612	6.57838239	205.574450
5	10:27:14	17.20	92.420	28.160	46663.000	22.000	92.461392	19.3706616	191.090272	143.329887	8.05462727	251.707102	35	19.3739612	6.57838239	205.574450
5	10:27:29	17.45	92.130	28.190	46625.000	22.000	92.205317	19.3170139	190.561042	142.932931	8.03231973	251.009992	35	19.3739612	6.56016335	205.005105
5	10:27:44	17.70	92.230	28.180	46635.000	22.000	92.290579	19.3348762	190.737252	143.065100	8.03974716	251.242099	35	19.3739612	6.56622949	205.194672
5	10:27:59	17.95	92.450	28.160	46672.000	22.000	92.461392	19.3706616	191.090272	143.329887	8.05462727	251.707102	35	19.3739612	6.57838239	205.574450
5	10:28:14	18.20	91.890	28.220	46623.000	22.000	91.950110	19.2635481	190.033605	142.537319	8.01008778	250.315243	35	19.3739612	6.54200606	204.437689
5	10:28:29	18.45	92.250	28.180	46640.000	22.000	92.290579	19.3348762	190.737252	143.065100	8.03974716	251.242099	35	19.3739612	6.56622949	205.194672
5	10:28:44	18.70	92.050	28.200	46662.000	22.000	92.120152	19.2991718	190.385031	142.800911	8.02490070	250.778147	35	19.3739612	6.55410407	204.815752
5	10:28:59	18.95	92.120	28.200	46714.000	22.000	92.120152	19.2991718	190.385031	142.800911	8.02490070	250.778147	35	19.3739612	6.55410407	204.815752
5	10:29:14	19.20	92.130	28.190	46667.000	22.000	92.205317	19.3170139	190.561042	142.932931	8.03231973	251.009992	35	19.3739612	6.56016335	205.005105
5	10:29:29	19.45	92.400	28.160	46700.000	22.000	92.461392	19.3706616	191.090272	143.329887	8.05462727	251.707102	35	19.3739612	6.57838239	205.574450
5	10:29:44	19.70	92.460	28.160	46667.000	22.000	92.461392	19.3706616	191.090272	143.329887	8.05462727	251.707102	35	19.3739612	6.57838239	205.574450
5	10:29:59	19.95	92.040	28.200	46712.000	22.000	92.120152	19.2991718	190.385031	142.800911	8.02490070	250.778147	35	19.3739612	6.55410407	204.815752
5	10:30:14	20.20	92.000	28.210	46695.000	22.000	92.035083	19.2813498	190.209218	142.669041	8.01749005	250.546564	35	19.3739612	6.54805165	204.626614
