Chamber	Time/hh:mm:ss	Logtime/min	Oxy/% air sat.	Phase/°	Amp	Temp/°C	% air-sat.	% oxygen	pO2 (hPa)	pO2 (Torr)	cO2 [mg/L]	cO2 [µmol/L]	Salinity	chlorinity	SalCorcO2 [mg/L]	SalCorcO2 [µmol/L]
7	14:09:26	0.00	93.630	26.800	30399.000	29.000	93.634289	19.6163834	190.836056	143.139209	7.18907264	224.658520	35	19.3739612	5.82442723	182.013351
7	14:09:39	0.22	93.170	26.850	30388.000	29.000	93.188935	19.5230818	189.928380	142.458394	7.15487916	223.589974	35	19.3739612	5.79672443	181.147638
7	14:09:54	0.47	93.260	26.840	30433.000	29.000	93.277795	19.5416980	190.109486	142.594235	7.16170167	223.803177	35	19.3739612	5.80225188	181.320371
7	14:10:09	0.72	93.780	26.780	30443.000	29.000	93.813170	19.6538591	191.200634	143.412666	7.20280683	225.087713	35	19.3739612	5.83555437	182.361074
7	14:10:24	0.96	92.560	26.920	30446.000	29.000	92.569847	19.3933829	188.666617	141.511991	7.10734670	222.104585	35	19.3739612	5.75821469	179.944209
7	14:10:39	1.22	92.790	26.890	30465.000	29.000	92.834543	19.4488368	189.206095	141.916634	7.12766963	222.739676	35	19.3739612	5.77467987	180.458746
7	14:10:54	1.47	93.500	26.810	30487.000	29.000	93.545007	19.5976789	190.654091	143.002723	7.18221774	224.444304	35	19.3739612	5.81887354	181.839798
7	14:11:09	1.71	92.850	26.880	30478.000	29.000	92.922984	19.4673651	189.386346	142.051834	7.13445995	222.951874	35	19.3739612	5.78018124	180.630664
7	14:11:24	1.96	93.090	26.860	30497.000	29.000	93.100180	19.5044876	189.747488	142.322714	7.14806471	223.377022	35	19.3739612	5.79120351	180.975110
7	14:11:39	2.21	93.300	26.830	30516.000	29.000	93.366760	19.5603362	190.290806	142.730236	7.16853227	224.016633	35	19.3739612	5.80778588	181.493309
7	14:11:54	2.47	92.890	26.880	30495.000	29.000	92.922984	19.4673651	189.386346	142.051834	7.13445995	222.951874	35	19.3739612	5.78018124	180.630664
7	14:12:09	2.72	93.100	26.860	30526.000	29.000	93.100180	19.5044876	189.747488	142.322714	7.14806471	223.377022	35	19.3739612	5.79120351	180.975110
7	14:12:24	2.97	92.760	26.890	30551.000	29.000	92.834543	19.4488368	189.206095	141.916634	7.12766963	222.739676	35	19.3739612	5.77467987	180.458746
7	14:12:39	3.22	93.330	26.830	30581.000	29.000	93.366760	19.5603362	190.290806	142.730236	7.16853227	224.016633	35	19.3739612	5.80778588	181.493309
7	14:12:54	3.47	92.900	26.880	30534.000	29.000	92.922984	19.4673651	189.386346	142.051834	7.13445995	222.951874	35	19.3739612	5.78018124	180.630664
7	14:13:09	3.72	92.910	26.880	30553.000	29.000	92.922984	19.4673651	189.386346	142.051834	7.13445995	222.951874	35	19.3739612	5.78018124	180.630664
7	14:13:24	3.97	92.500	26.920	30556.000	29.000	92.569847	19.3933829	188.666617	141.511991	7.10734670	222.104585	35	19.3739612	5.75821469	179.944209
7	14:13:39	4.21	92.400	26.930	30574.000	29.000	92.481823	19.3749418	188.487215	141.377428	7.10058838	221.893387	35	19.3739612	5.75273924	179.773101
7	14:13:54	4.47	92.360	26.940	30592.000	29.000	92.393902	19.3565225	188.308025	141.243024	7.09383802	221.682438	35	19.3739612	5.74727025	179.602195
7	14:14:09	4.72	92.550	26.920	30605.000	29.000	92.569847	19.3933829	188.666617	141.511991	7.10734670	222.104585	35	19.3739612	5.75821469	179.944209
7	14:14:24	4.97	92.920	26.880	30594.000	29.000	92.922984	19.4673651	189.386346	142.051834	7.13445995	222.951874	35	19.3739612	5.78018124	180.630664
7	14:14:39	5.22	92.710	26.900	30601.000	29.000	92.746207	19.4303303	189.026056	141.781594	7.12088732	222.527729	35	19.3739612	5.76918499	180.287031
7	14:14:54	5.47	92.190	26.960	30599.000	29.000	92.218373	19.3197491	187.950278	140.974691	7.08036116	221.261286	35	19.3739612	5.73635160	179.260987
7	14:15:09	5.72	92.090	26.970	30608.000	29.000	92.130763	19.3013948	187.771720	140.840761	7.07363464	221.051082	35	19.3739612	5.73090192	179.090685
7	14:15:24	5.97	92.030	26.980	30614.000	29.000	92.043256	19.2830622	187.593373	140.706990	7.06691604	220.841126	35	19.3739612	5.72545866	178.920583
7	14:15:39	6.21	92.980	26.870	30655.000	29.000	93.011529	19.4859154	189.566810	142.187194	7.14125831	223.164322	35	19.3739612	5.78568912	180.802785
7	14:15:54	6.47	92.060	26.970	30670.000	29.000	92.130763	19.3013948	187.771720	140.840761	7.07363464	221.051082	35	19.3739612	5.73090192	179.090685
7	14:16:09	6.71	91.880	26.990	30636.000	29.000	91.955853	19.2647511	187.415236	140.573375	7.06020535	220.631417	35	19.3739612	5.72002181	178.750681
7	14:16:24	6.96	92.120	26.970	30656.000	29.000	92.130763	19.3013948	187.771720	140.840761	7.07363464	221.051082	35	19.3739612	5.73090192	179.090685
7	14:16:39	7.21	91.760	27.010	30632.000	29.000	91.781354	19.2281937	187.059590	140.306618	7.04680765	220.212739	35	19.3739612	5.70916729	178.411478
7	14:16:54	7.47	91.680	27.020	30683.000	29.000	91.694259	19.2099472	186.882080	140.173475	7.04012062	220.003769	35	19.3739612	5.70374961	178.242175
7	14:17:09	7.72	91.770	27.010	30672.000	29.000	91.781354	19.2281937	187.059590	140.306618	7.04680765	220.212739	35	19.3739612	5.70916729	178.411478
7	14:17:24	7.97	91.070	27.090	30715.000	29.000	91.087449	19.0828207	185.645343	139.245843	6.99353091	218.547841	35	19.3739612	5.66600365	177.062614
7	14:17:39	8.22	91.960	26.980	30735.000	29.000	92.043256	19.2830622	187.593373	140.706990	7.06691604	220.841126	35	19.3739612	5.72545866	178.920583
7	14:17:54	8.46	91.920	26.990	30711.000	29.000	91.955853	19.2647511	187.415236	140.573375	7.06020535	220.631417	35	19.3739612	5.72002181	178.750681
7	14:18:09	8.72	91.520	27.040	30735.000	29.000	91.520375	19.1735185	186.527688	139.907658	7.02677013	219.586567	35	19.3739612	5.69293334	177.904167
7	14:18:24	8.97	91.550	27.030	30758.000	29.000	91.607266	19.1917221	186.704780	140.040488	7.03344145	219.795045	35	19.3739612	5.69833829	178.073072
7	14:18:39	9.22	91.130	27.080	30702.000	29.000	91.173831	19.1009176	185.821398	139.377895	7.00016314	218.755098	35	19.3739612	5.67137695	177.230530
7	14:18:54	9.47	91.490	27.040	30766.000	29.000	91.520375	19.1735185	186.527688	139.907658	7.02677013	219.586567	35	19.3739612	5.69293334	177.904167
7	14:19:09	9.72	91.850	27.000	30817.000	29.000	91.868552	19.2464616	187.237308	140.439918	7.05350255	220.421955	35	19.3739612	5.71459135	178.580980
7	14:19:24	9.97	91.450	27.040	30766.000	29.000	91.520375	19.1735185	186.527688	139.907658	7.02677013	219.586567	35	19.3739612	5.69293334	177.904167
7	14:19:39	10.21	91.170	27.080	30790.000	29.000	91.173831	19.1009176	185.821398	139.377895	7.00016314	218.755098	35	19.3739612	5.67137695	177.230530
7	14:19:54	10.47	91.950	26.990	30847.000	29.000	91.955853	19.2647511	187.415236	140.573375	7.06020535	220.631417	35	19.3739612	5.72002181	178.750681
7	14:20:09	10.72	91.520	27.030	30764.000	29.000	91.607266	19.1917221	186.704780	140.040488	7.03344145	219.795045	35	19.3739612	5.69833829	178.073072
7	14:20:24	10.97	91.560	27.030	30823.000	29.000	91.607266	19.1917221	186.704780	140.040488	7.03344145	219.795045	35	19.3739612	5.69833829	178.073072
7	14:20:39	11.22	91.540	27.030	30851.000	29.000	91.607266	19.1917221	186.704780	140.040488	7.03344145	219.795045	35	19.3739612	5.69833829	178.073072
7	14:20:54	11.47	90.970	27.100	30823.000	29.000	91.001169	19.0647449	185.469495	139.113946	6.98690645	218.340827	35	19.3739612	5.66063667	176.894896
7	14:21:09	11.72	90.940	27.100	30825.000	29.000	91.001169	19.0647449	185.469495	139.113946	6.98690645	218.340827	35	19.3739612	5.66063667	176.894896
7	14:21:24	11.97	90.730	27.130	30880.000	29.000	90.742934	19.0106447	184.943187	138.719181	6.96707965	217.721239	35	19.3739612	5.64457344	176.392920
7	14:21:39	12.22	90.850	27.110	30862.000	29.000	90.914990	19.0466904	185.293853	138.982203	6.98028976	218.134055	35	19.3739612	5.65527597	176.727374
7	14:21:54	12.47	91.000	27.090	30926.000	29.000	91.087449	19.0828207	185.645343	139.245843	6.99353091	218.547841	35	19.3739612	5.66600365	177.062614
7	14:22:09	12.72	90.480	27.160	30883.000	29.000	90.485606	18.9567345	184.418726	138.325802	6.94732247	217.103827	35	19.3739612	5.62856660	175.892706
7	14:22:24	12.97	90.190	27.190	30911.000	29.000	90.229181	18.9030134	183.896106	137.933804	6.92763459	216.488581	35	19.3739612	5.61261592	175.394247
7	14:22:39	13.22	90.600	27.140	30889.000	29.000	90.657058	18.9926536	184.768162	138.587901	6.96048621	217.515194	35	19.3739612	5.63923157	176.225987
7	14:22:54	13.47	91.080	27.090	30898.000	29.000	91.087449	19.0828207	185.645343	139.245843	6.99353091	218.547841	35	19.3739612	5.66600365	177.062614
7	14:23:09	13.72	90.680	27.130	30930.000	29.000	90.742934	19.0106447	184.943187	138.719181	6.96707965	217.721239	35	19.3739612	5.64457344	176.392920
7	14:23:24	13.97	90.700	27.130	30953.000	29.000	90.742934	19.0106447	184.943187	138.719181	6.96707965	217.721239	35	19.3739612	5.64457344	176.392920
7	14:23:39	14.21	90.600	27.140	30978.000	29.000	90.657058	18.9926536	184.768162	138.587901	6.96048621	217.515194	35	19.3739612	5.63923157	176.225987
7	14:23:54	14.47	89.900	27.220	30947.000	29.000	89.973654	18.8494805	183.375316	137.543178	6.90801570	215.875491	35	19.3739612	5.59672113	174.897535
7	14:24:09	14.72	90.390	27.170	30974.000	29.000	90.400031	18.9388065	184.244315	138.194983	6.94075216	216.898505	35	19.3739612	5.62324348	175.726359
7	14:24:24	14.97	90.190	27.190	30986.000	29.000	90.229181	18.9030134	183.896106	137.933804	6.92763459	216.488581	35	19.3739612	5.61261592	175.394247
7	14:24:39	15.22	90.230	27.180	30968.000	29.000	90.314556	18.9208995	184.070109	138.064317	6.93418953	216.693423	35	19.3739612	5.61792659	175.560206
7	14:24:54	15.46	90.020	27.210	30988.000	29.000	90.058730	18.8673040	183.548710	137.673235	6.91454768	216.079615	35	19.3739612	5.60201320	175.062912
7	14:25:09	15.72	90.160	27.190	31027.000	29.000	90.229181	18.9030134	183.896106	137.933804	6.92763459	216.488581	35	19.3739612	5.61261592	175.394247
7	14:25:24	15.97	90.050	27.210	31023.000	29.000	90.058730	18.8673040	183.548710	137.673235	6.91454768	216.079615	35	19.3739612	5.60201320	175.062912
7	14:25:39	16.22	90.100	27.200	31006.000	29.000	90.143906	18.8851482	183.722306	137.803443	6.92108731	216.283978	35	19.3739612	5.60731146	175.228483
7	14:25:54	16.47	90.310	27.180	31031.000	29.000	90.314556	18.9208995	184.070109	138.064317	6.93418953	216.693423	35	19.3739612	5.61792659	175.560206
7	14:26:09	16.72	89.940	27.220	31048.000	29.000	89.973654	18.8494805	183.375316	137.543178	6.90801570	215.875491	35	19.3739612	5.59672113	174.897535
7	14:26:24	16.97	89.350	27.290	31043.000	29.000	89.380897	18.7252979	182.167218	136.637027	6.86250486	214.453277	35	19.3739612	5.55984926	173.745289
7	14:26:39	17.22	89.890	27.220	31067.000	29.000	89.973654	18.8494805	183.375316	137.543178	6.90801570	215.875491	35	19.3739612	5.59672113	174.897535
7	14:26:54	17.47	90.300	27.180	31107.000	29.000	90.314556	18.9208995	184.070109	138.064317	6.93418953	216.693423	35	19.3739612	5.61792659	175.560206
7	14:27:09	17.72	89.970	27.220	31131.000	29.000	89.973654	18.8494805	183.375316	137.543178	6.90801570	215.875491	35	19.3739612	5.59672113	174.897535
7	14:27:24	17.97	89.290	27.300	31134.000	29.000	89.296612	18.7076402	181.995437	136.508181	6.85603361	214.251050	35	19.3739612	5.55460639	173.581450
7	14:27:39	18.22	89.740	27.240	31142.000	29.000	89.803800	18.8138961	183.029137	137.283522	6.89497461	215.467957	35	19.3739612	5.58615553	174.567360
7	14:27:54	18.47	89.610	27.260	31105.000	29.000	89.634343	18.7783948	182.683765	137.024471	6.88196396	215.061374	35	19.3739612	5.57561459	174.237956
7	14:28:09	18.72	88.780	27.360	31145.000	29.000	88.792960	18.6021250	180.968943	135.738245	6.81736409	213.042628	35	19.3739612	5.52327720	172.602413
7	14:28:24	18.97	89.270	27.300	31195.000	29.000	89.296612	18.7076402	181.995437	136.508181	6.85603361	214.251050	35	19.3739612	5.55460639	173.581450
7	14:28:39	19.22	88.710	27.360	31182.000	29.000	88.792960	18.6021250	180.968943	135.738245	6.81736409	213.042628	35	19.3739612	5.52327720	172.602413
7	14:28:54	19.47	89.190	27.310	31187.000	29.000	89.212425	18.6900031	181.823855	136.379484	6.84956990	214.049059	35	19.3739612	5.54936964	173.417801
7	14:29:09	19.72	89.000	27.330	31165.000	29.000	89.044346	18.6547904	181.481293	136.122540	6.83666507	213.645783	35	19.3739612	5.53891443	173.091076
