Chamber	Time/hh:mm:ss	Logtime/min	Oxy/% air sat.	Phase/°	Amp	Temp/°C	% air-sat.	% oxygen	pO2 (hPa)	pO2 (Torr)	cO2 [mg/L]	cO2 [µmol/L]	Salinity	chlorinity	SalCorcO2 [mg/L]	SalCorcO2 [µmol/L]
6	15:48:23	0.00	94.840	26.160	33669.000	32.000	94.918107	19.8853435	191.958966	143.981463	6.92945338	216.545418	35	19.3739612	5.53304083	172.907526
6	15:48:34	0.18	93.650	26.290	33660.000	32.000	93.731523	19.6367540	189.559260	142.181530	6.84282730	213.838353	35	19.3739612	5.46387150	170.745984
6	15:48:49	0.43	94.150	26.240	33623.000	32.000	94.185698	19.7319038	190.477768	142.870470	6.87598419	214.874506	35	19.3739612	5.49034667	171.573333
6	15:49:04	0.68	95.170	26.130	33691.000	32.000	95.194593	19.9432673	192.518121	144.400865	6.94963810	217.176191	35	19.3739612	5.54915796	173.411186
6	15:49:19	0.93	94.400	26.210	33668.000	32.000	94.459522	19.7892699	191.031540	143.285834	6.89597457	215.499205	35	19.3739612	5.50630862	172.072144
6	15:49:34	1.18	94.350	26.220	33705.000	32.000	94.368137	19.7701248	190.846726	143.147212	6.88930306	215.290721	35	19.3739612	5.50098154	171.905673
6	15:49:49	1.43	94.420	26.210	33711.000	32.000	94.459522	19.7892699	191.031540	143.285834	6.89597457	215.499205	35	19.3739612	5.50630862	172.072144
6	15:50:04	1.68	94.620	26.190	33763.000	32.000	94.642624	19.8276297	191.401838	143.563581	6.90934181	215.916932	35	19.3739612	5.51698212	172.405691
6	15:50:19	1.93	94.560	26.190	33787.000	32.000	94.642624	19.8276297	191.401838	143.563581	6.90934181	215.916932	35	19.3739612	5.51698212	172.405691
6	15:50:34	2.18	93.500	26.310	33829.000	32.000	93.550618	19.5988544	189.193404	141.907115	6.82962041	213.425638	35	19.3739612	5.45332605	170.416439
6	15:50:49	2.43	93.860	26.270	33856.000	32.000	93.912864	19.6747451	189.925999	142.456608	6.85606606	214.252064	35	19.3739612	5.47444241	171.076325
6	15:51:04	2.68	93.290	26.330	33811.000	32.000	93.370148	19.5610460	188.828429	141.633360	6.81644530	213.013916	35	19.3739612	5.44280596	170.087686
6	15:51:19	2.93	93.680	26.290	33761.000	32.000	93.731523	19.6367540	189.559260	142.181530	6.84282730	213.838353	35	19.3739612	5.46387150	170.745984
6	15:51:34	3.18	93.550	26.310	33882.000	32.000	93.550618	19.5988544	189.193404	141.907115	6.82962041	213.425638	35	19.3739612	5.45332605	170.416439
6	15:51:49	3.43	92.880	26.380	33808.000	32.000	92.920870	19.4669222	187.919824	140.951849	6.78364593	211.988935	35	19.3739612	5.41661627	169.269258
6	15:52:04	3.68	93.660	26.290	33869.000	32.000	93.731523	19.6367540	189.559260	142.181530	6.84282730	213.838353	35	19.3739612	5.46387150	170.745984
6	15:52:19	3.93	93.260	26.340	33910.000	32.000	93.280076	19.5421759	188.646270	141.496730	6.80986964	212.808426	35	19.3739612	5.43755542	169.923607
6	15:52:34	4.18	92.840	26.380	33895.000	32.000	92.920870	19.4669222	187.919824	140.951849	6.78364593	211.988935	35	19.3739612	5.41661627	169.269258
6	15:52:49	4.43	93.300	26.330	33974.000	32.000	93.370148	19.5610460	188.828429	141.633360	6.81644530	213.013916	35	19.3739612	5.44280596	170.087686
6	15:53:04	4.68	93.210	26.340	33986.000	32.000	93.280076	19.5421759	188.646270	141.496730	6.80986964	212.808426	35	19.3739612	5.43755542	169.923607
6	15:53:19	4.93	92.520	26.420	33927.000	32.000	92.563386	19.3920293	187.196862	140.409581	6.75754799	211.173375	35	19.3739612	5.39577755	168.618048
6	15:53:34	5.18	93.910	26.270	34017.000	32.000	93.912864	19.6747451	189.925999	142.456608	6.85606606	214.252064	35	19.3739612	5.47444241	171.076325
6	15:53:49	5.43	93.780	26.280	34062.000	32.000	93.822139	19.6557381	189.742519	142.318986	6.84944269	214.045084	35	19.3739612	5.46915377	170.911055
6	15:54:04	5.68	92.640	26.410	34092.000	32.000	92.652596	19.4107188	187.377277	140.544904	6.76406073	211.376898	35	19.3739612	5.40097785	168.780558
6	15:54:19	5.93	92.230	26.450	34010.000	32.000	92.296397	19.3360952	186.656914	140.004586	6.73805662	210.564269	35	19.3739612	5.38021404	168.131689
6	15:54:34	6.18	92.470	26.430	34127.000	32.000	92.474283	19.3733623	187.016663	140.274421	6.75104307	210.970096	35	19.3739612	5.39058349	168.455734
6	15:54:49	6.43	91.960	26.480	34112.000	32.000	92.030368	19.2803620	186.118905	139.601045	6.71863524	209.957351	35	19.3739612	5.36470643	167.647076
6	15:55:04	6.68	92.780	26.390	34096.000	32.000	92.831337	19.4481652	187.738758	140.816038	6.77710968	211.784678	35	19.3739612	5.41139720	169.106162
6	15:55:19	6.93	92.340	26.440	34133.000	32.000	92.385287	19.3547176	186.836680	140.139422	6.74454595	210.767061	35	19.3739612	5.38539566	168.293614
6	15:55:34	7.18	91.400	26.550	34188.000	32.000	91.413336	19.1510939	184.871042	138.665068	6.67358913	208.549660	35	19.3739612	5.32873795	166.523061
6	15:55:49	7.43	91.890	26.490	34144.000	32.000	91.941903	19.2618288	185.939998	139.466853	6.71217695	209.755530	35	19.3739612	5.35954961	167.485925
6	15:56:04	7.68	91.970	26.480	34189.000	32.000	92.030368	19.2803620	186.118905	139.601045	6.71863524	209.957351	35	19.3739612	5.36470643	167.647076
6	15:56:19	7.93	90.990	26.590	34256.000	32.000	91.063059	19.0777108	184.162654	138.133732	6.64801729	207.750540	35	19.3739612	5.30831930	165.884978
6	15:56:34	8.18	91.220	26.570	34269.000	32.000	91.237988	19.1143585	184.516425	138.399083	6.66078794	208.149623	35	19.3739612	5.31851643	166.203638
6	15:56:49	8.43	91.370	26.550	34274.000	32.000	91.413336	19.1510939	184.871042	138.665068	6.67358913	208.549660	35	19.3739612	5.32873795	166.523061
6	15:57:04	8.68	91.270	26.560	34289.000	32.000	91.325610	19.1327152	184.693628	138.531996	6.66718471	208.349522	35	19.3739612	5.32362413	166.363254
6	15:57:19	8.93	91.300	26.560	34330.000	32.000	91.325610	19.1327152	184.693628	138.531996	6.66718471	208.349522	35	19.3739612	5.32362413	166.363254
6	15:57:34	9.18	91.800	26.500	34325.000	32.000	91.853545	19.2433177	185.761305	139.332822	6.70572639	209.553950	35	19.3739612	5.35439895	167.324967
6	15:57:49	9.43	91.370	26.550	34309.000	32.000	91.413336	19.1510939	184.871042	138.665068	6.67358913	208.549660	35	19.3739612	5.32873795	166.523061
6	15:58:04	9.68	91.650	26.520	34367.000	32.000	91.677145	19.2063620	185.404561	139.065241	6.69284841	209.151513	35	19.3739612	5.34411613	167.003629
6	15:58:19	9.93	90.670	26.630	34399.000	32.000	90.714450	19.0046773	183.457641	137.604927	6.62256728	206.955227	35	19.3739612	5.28799793	165.249935
6	15:58:34	10.18	90.770	26.620	34409.000	32.000	90.801446	19.0229030	183.633579	137.736892	6.62891840	207.153700	35	19.3739612	5.29306919	165.408412
6	15:58:49	10.43	90.800	26.620	34518.000	32.000	90.801446	19.0229030	183.633579	137.736892	6.62891840	207.153700	35	19.3739612	5.29306919	165.408412
6	15:59:04	10.68	90.280	26.680	34491.000	32.000	90.281021	18.9138739	182.581089	136.947457	6.59092497	205.966405	35	19.3739612	5.26273213	164.460379
6	15:59:19	10.93	90.540	26.650	34536.000	32.000	90.540768	18.9682910	183.106393	137.341469	6.60988773	206.558992	35	19.3739612	5.27787355	164.933548
6	15:59:34	11.18	89.700	26.740	34549.000	32.000	89.764299	18.8056207	181.536090	136.163641	6.55320195	204.787561	35	19.3739612	5.23261100	163.519094
6	15:59:49	11.43	90.240	26.680	34609.000	32.000	90.281021	18.9138739	182.581089	136.947457	6.59092497	205.966405	35	19.3739612	5.26273213	164.460379
6	16:00:04	11.68	90.060	26.700	34617.000	32.000	90.108370	18.8777036	182.231927	136.685563	6.57832070	205.572522	35	19.3739612	5.25266786	164.145871
6	16:00:19	11.93	90.150	26.690	34650.000	32.000	90.194644	18.8957780	182.406404	136.816432	6.58461909	205.769346	35	19.3739612	5.25769700	164.303031
6	16:00:34	12.18	89.110	26.810	34655.000	32.000	89.166095	18.6802968	180.326302	135.256223	6.50953028	203.422821	35	19.3739612	5.19773998	162.429374
6	16:00:49	12.43	90.730	26.620	34667.000	32.000	90.801446	19.0229030	183.633579	137.736892	6.62891840	207.153700	35	19.3739612	5.29306919	165.408412
6	16:01:04	12.68	89.840	26.730	34657.000	32.000	89.850164	18.8236093	181.709739	136.293889	6.55947044	204.983451	35	19.3739612	5.23761628	163.675509
6	16:01:19	12.93	89.670	26.750	34676.000	32.000	89.678537	18.7876535	181.362647	136.033548	6.54694090	204.591903	35	19.3739612	5.22761166	163.362865
6	16:01:34	13.18	89.920	26.720	34732.000	32.000	89.936130	18.8416193	181.883595	136.424292	6.56574639	205.179575	35	19.3739612	5.24262751	163.832110
6	16:01:49	13.43	89.810	26.730	34732.000	32.000	89.850164	18.8236093	181.709739	136.293889	6.55947044	204.983451	35	19.3739612	5.23761628	163.675509
6	16:02:04	13.68	88.780	26.850	34802.000	32.000	88.826486	18.6091489	179.639490	134.741071	6.48473733	202.648042	35	19.3739612	5.17794326	161.810727
6	16:02:19	13.93	89.050	26.820	34802.000	32.000	89.081042	18.6624782	180.154294	135.127206	6.50332103	203.228782	35	19.3739612	5.19278200	162.274438
6	16:02:34	14.18	89.190	26.800	34822.000	32.000	89.251248	18.6981366	180.498514	135.385393	6.51574691	203.617091	35	19.3739612	5.20270384	162.584495
6	16:02:49	14.43	88.800	26.850	34825.000	32.000	88.826486	18.6091489	179.639490	134.741071	6.48473733	202.648042	35	19.3739612	5.17794326	161.810727
6	16:03:04	14.68	88.300	26.910	34881.000	32.000	88.320079	18.5030566	178.615351	133.972901	6.44776732	201.492729	35	19.3739612	5.14842339	160.888231
6	16:03:19	14.93	88.280	26.910	34909.000	32.000	88.320079	18.5030566	178.615351	133.972901	6.44776732	201.492729	35	19.3739612	5.14842339	160.888231
6	16:03:34	15.18	88.370	26.900	34935.000	32.000	88.404231	18.5206864	178.785537	134.100551	6.45391079	201.684712	35	19.3739612	5.15332884	161.041526
6	16:03:49	15.43	89.110	26.810	34905.000	32.000	89.166095	18.6802968	180.326302	135.256223	6.50953028	203.422821	35	19.3739612	5.19773998	162.429374
6	16:04:04	15.68	88.750	26.850	35037.000	32.000	88.826486	18.6091489	179.639490	134.741071	6.48473733	202.648042	35	19.3739612	5.17794326	161.810727
6	16:04:19	15.93	87.850	26.960	34983.000	32.000	87.900808	18.4152193	177.767432	133.336908	6.41715861	200.536206	35	19.3739612	5.12398290	160.124465
6	16:04:34	16.18	87.970	26.950	34996.000	32.000	87.984464	18.4327453	177.936616	133.463806	6.42326590	200.727060	35	19.3739612	5.12885946	160.276858
6	16:04:49	16.43	88.370	26.900	35006.000	32.000	88.404231	18.5206864	178.785537	134.100551	6.45391079	201.684712	35	19.3739612	5.15332884	161.041526
6	16:05:04	16.68	88.480	26.890	35005.000	32.000	88.488482	18.5383371	178.955924	134.228352	6.46006152	201.876923	35	19.3739612	5.15824008	161.195003
6	16:05:19	16.93	87.690	26.980	35060.000	32.000	87.733791	18.3802292	177.429663	133.083559	6.40496560	200.155175	35	19.3739612	5.11424701	159.820219
6	16:05:34	17.18	87.400	27.010	35131.000	32.000	87.484002	18.3278985	176.924499	132.704654	6.38672991	199.585310	35	19.3739612	5.09968614	159.365192
6	16:05:49	17.43	87.480	27.010	35124.000	32.000	87.484002	18.3278985	176.924499	132.704654	6.38672991	199.585310	35	19.3739612	5.09968614	159.365192
6	16:06:04	17.68	87.700	26.980	35138.000	32.000	87.733791	18.3802292	177.429663	133.083559	6.40496560	200.155175	35	19.3739612	5.11424701	159.820219
6	16:06:19	17.93	87.090	27.050	35159.000	32.000	87.152321	18.2584113	176.253719	132.201526	6.36251567	198.828615	35	19.3739612	5.08035152	158.760985
6	16:06:34	18.18	87.210	27.040	35176.000	32.000	87.235095	18.2757524	176.421118	132.327086	6.36855855	199.017455	35	19.3739612	5.08517664	158.911770
6	16:06:49	18.43	86.970	27.070	35224.000	32.000	86.987065	18.2237901	175.919511	131.950849	6.35045121	198.451600	35	19.3739612	5.07071827	158.459946
6	16:07:04	18.68	86.970	27.070	35271.000	32.000	86.987065	18.2237901	175.919511	131.950849	6.35045121	198.451600	35	19.3739612	5.07071827	158.459946
6	16:07:19	18.93	86.900	27.080	35259.000	32.000	86.904582	18.2065100	175.752701	131.825731	6.34442962	198.263425	35	19.3739612	5.06591014	158.309692
6	16:07:34	19.18	86.560	27.120	35316.000	32.000	86.575620	18.1375923	175.087419	131.326727	6.32041384	197.512933	35	19.3739612	5.04673398	157.710437
6	16:07:49	19.43	87.020	27.060	35275.000	32.000	87.069644	18.2410905	176.086517	132.076114	6.35647989	198.639997	35	19.3739612	5.07553206	158.610377
6	16:08:04	19.68	87.060	27.060	35313.000	32.000	87.069644	18.2410905	176.086517	132.076114	6.35647989	198.639997	35	19.3739612	5.07553206	158.610377
