Chamber	Time/hh:mm:ss	Logtime/min	Oxy/% air sat.	Phase/°	Amp	Temp/°C	% air-sat.	% oxygen	pO2 (hPa)	pO2 (Torr)	cO2 [mg/L]	cO2 [µmol/L]	Salinity	chlorinity	SalCorcO2 [mg/L]	SalCorcO2 [µmol/L]
8	10:13:40	0.00	94.500	27.920	27304.000	22.000	94.541690	19.8064840	195.389632	146.554681	8.23584914	257.370286	35	19.3739612	6.72639007	210.199690
8	10:13:41	0.03	94.540	27.920	27302.000	22.000	94.541690	19.8064840	195.389632	146.554681	8.23584914	257.370286	35	19.3739612	6.72639007	210.199690
8	10:13:52	0.20	95.230	27.840	27317.000	22.000	95.247861	19.9544268	196.849077	147.649358	8.29736609	259.292690	35	19.3739612	6.77663225	211.769758
8	10:14:07	0.45	94.480	27.920	27357.000	22.000	94.541690	19.8064840	195.389632	146.554681	8.23584914	257.370286	35	19.3739612	6.72639007	210.199690
8	10:14:22	0.70	94.550	27.910	27343.000	22.000	94.629609	19.8249030	195.571334	146.690969	8.24350805	257.609626	35	19.3739612	6.73264526	210.395164
8	10:14:37	0.95	94.350	27.940	27336.000	22.000	94.366153	19.7697090	195.026849	146.282571	8.22055752	256.892423	35	19.3739612	6.71390109	209.809409
8	10:14:52	1.20	94.670	27.900	27388.000	22.000	94.717628	19.8433430	195.753243	146.827413	8.25117570	257.849241	35	19.3739612	6.73890760	210.590862
8	10:15:07	1.45	94.290	27.940	27404.000	22.000	94.366153	19.7697090	195.026849	146.282571	8.22055752	256.892423	35	19.3739612	6.71390109	209.809409
8	10:15:22	1.70	94.080	27.970	27370.000	22.000	94.103597	19.7147036	194.484224	145.875567	8.19768539	256.177669	35	19.3739612	6.69522095	209.225655
8	10:15:37	1.95	93.920	27.990	27410.000	22.000	93.929058	19.6781377	194.123503	145.605004	8.18248070	255.702522	35	19.3739612	6.68280295	208.837592
8	10:15:52	2.20	93.720	28.010	27431.000	22.000	93.754916	19.6416549	193.763604	145.335056	8.16731059	255.228456	35	19.3739612	6.67041321	208.450413
8	10:16:07	2.45	93.460	28.040	27458.000	22.000	93.494445	19.5870862	193.225287	144.931285	8.14462007	254.519377	35	19.3739612	6.65188139	207.871293
8	10:16:22	2.70	93.290	28.060	27449.000	22.000	93.321291	19.5508104	192.867428	144.662868	8.12953600	254.048000	35	19.3739612	6.63956191	207.486310
8	10:16:37	2.95	93.640	28.020	27491.000	22.000	93.667994	19.6234446	193.583961	145.200312	8.15973848	254.991827	35	19.3739612	6.66422891	208.257153
8	10:16:52	3.20	93.610	28.020	27511.000	22.000	93.667994	19.6234446	193.583961	145.200312	8.15973848	254.991827	35	19.3739612	6.66422891	208.257153
8	10:17:07	3.45	93.140	28.080	27500.000	22.000	93.148529	19.5146169	192.510382	144.395060	8.11448617	253.577693	35	19.3739612	6.62727040	207.102200
8	10:17:22	3.70	93.270	28.060	27537.000	22.000	93.321291	19.5508104	192.867428	144.662868	8.12953600	254.048000	35	19.3739612	6.63956191	207.486310
8	10:17:37	3.95	93.000	28.090	27551.000	22.000	93.062296	19.4965509	192.332163	144.261384	8.10697406	253.342940	35	19.3739612	6.62113511	206.910472
8	10:17:52	4.20	93.430	28.040	27562.000	22.000	93.494445	19.5870862	193.225287	144.931285	8.14462007	254.519377	35	19.3739612	6.65188139	207.871293
8	10:18:07	4.45	93.080	28.080	27578.000	22.000	93.148529	19.5146169	192.510382	144.395060	8.11448617	253.577693	35	19.3739612	6.62727040	207.102200
8	10:18:22	4.70	92.620	28.140	27597.000	22.000	92.632592	19.4065281	191.444093	143.595275	8.06954113	252.173160	35	19.3739612	6.59056285	205.955089
8	10:18:37	4.95	92.610	28.140	27608.000	22.000	92.632592	19.4065281	191.444093	143.595275	8.06954113	252.173160	35	19.3739612	6.59056285	205.955089
8	10:18:52	5.20	92.920	28.100	27613.000	22.000	92.976160	19.4785055	192.154145	144.127860	8.09947048	253.108453	35	19.3739612	6.61500678	206.718962
8	10:19:07	5.45	92.570	28.140	27643.000	22.000	92.632592	19.4065281	191.444093	143.595275	8.06954113	252.173160	35	19.3739612	6.59056285	205.955089
8	10:19:22	5.70	92.700	28.130	27670.000	22.000	92.718338	19.4244918	191.621304	143.728195	8.07701075	252.406586	35	19.3739612	6.59666344	206.145733
8	10:19:37	5.95	92.020	28.210	27688.000	22.000	92.035083	19.2813498	190.209218	142.669041	8.01749005	250.546564	35	19.3739612	6.54805165	204.626614
8	10:19:52	6.20	92.140	28.190	27699.000	22.000	92.205317	19.3170139	190.561042	142.932931	8.03231973	251.009992	35	19.3739612	6.56016335	205.005105
8	10:20:07	6.45	92.050	28.200	27691.000	22.000	92.120152	19.2991718	190.385031	142.800911	8.02490070	250.778147	35	19.3739612	6.55410407	204.815752
8	10:20:22	6.70	91.800	28.230	27722.000	22.000	91.865233	19.2457664	189.858190	142.405747	8.00269388	250.084184	35	19.3739612	6.53596730	204.248978
8	10:20:37	6.95	91.940	28.220	27751.000	22.000	91.950110	19.2635481	190.033605	142.537319	8.01008778	250.315243	35	19.3739612	6.54200606	204.437689
8	10:20:52	7.20	92.020	28.210	27766.000	22.000	92.035083	19.2813498	190.209218	142.669041	8.01749005	250.546564	35	19.3739612	6.54805165	204.626614
8	10:21:07	7.45	91.860	28.230	27793.000	22.000	91.865233	19.2457664	189.858190	142.405747	8.00269388	250.084184	35	19.3739612	6.53596730	204.248978
8	10:21:22	7.70	91.490	28.270	27772.000	22.000	91.526683	19.1748402	189.158508	141.880941	7.97320165	249.162551	35	19.3739612	6.51188038	203.496262
8	10:21:37	7.95	91.190	28.300	27815.000	22.000	91.273772	19.1218553	188.635815	141.488888	7.95116970	248.474053	35	19.3739612	6.49388643	202.933951
8	10:21:52	8.20	91.500	28.270	27833.000	22.000	91.526683	19.1748402	189.158508	141.880941	7.97320165	249.162551	35	19.3739612	6.51188038	203.496262
8	10:22:07	8.45	91.430	28.280	27827.000	22.000	91.442285	19.1571586	188.984080	141.750109	7.96584938	248.932793	35	19.3739612	6.50587563	203.308613
8	10:22:22	8.70	91.350	28.290	27850.000	22.000	91.357981	19.1394970	188.809850	141.619425	7.95850540	248.703294	35	19.3739612	6.49987765	203.121176
8	10:22:37	8.95	90.690	28.360	27867.000	22.000	90.770509	19.0164216	187.595719	140.708749	7.90732868	247.104021	35	19.3739612	6.45808055	201.815017
8	10:22:52	9.20	91.100	28.320	27875.000	22.000	91.105640	19.0866315	188.288335	141.228256	7.93652308	248.016346	35	19.3739612	6.48192423	202.560132
8	10:23:07	9.45	91.030	28.320	27898.000	22.000	91.105640	19.0866315	188.288335	141.228256	7.93652308	248.016346	35	19.3739612	6.48192423	202.560132
8	10:23:22	9.70	90.340	28.410	27932.000	22.000	90.353711	18.9291024	186.734321	140.062646	7.87101998	245.969374	35	19.3739612	6.42842648	200.888327
8	10:23:37	9.95	90.620	28.370	27937.000	22.000	90.686961	18.9989184	187.423051	140.579238	7.90005060	246.876581	35	19.3739612	6.45213639	201.629262
8	10:23:52	10.20	90.570	28.380	27954.000	22.000	90.603508	18.9814350	187.250578	140.449872	7.89278070	246.649397	35	19.3739612	6.44619891	201.443716
8	10:24:07	10.45	90.410	28.400	27971.000	22.000	90.436883	18.9465270	186.906213	140.191576	7.87826540	246.195794	35	19.3739612	6.43434397	201.073249
8	10:24:22	10.70	90.460	28.390	27974.000	22.000	90.520149	18.9639711	187.078299	140.320651	7.88551897	246.422468	35	19.3739612	6.44026811	201.258378
8	10:24:37	10.95	89.970	28.450	27997.000	22.000	90.021954	18.8595994	186.048679	139.548371	7.84211955	245.066236	35	19.3739612	6.40482289	200.150715
8	10:24:52	11.20	90.080	28.440	28037.000	22.000	90.104754	18.8769459	186.219801	139.676723	7.84933249	245.291640	35	19.3739612	6.41071385	200.334808
8	10:25:07	11.45	89.910	28.460	28064.000	22.000	89.939248	18.8422724	185.877749	139.420162	7.83491469	244.841084	35	19.3739612	6.39893853	199.966829
8	10:25:22	11.70	89.840	28.470	28043.000	22.000	89.856634	18.8249648	185.707010	139.292097	7.82771791	244.616185	35	19.3739612	6.39306078	199.783149
8	10:25:37	11.95	89.890	28.460	28070.000	22.000	89.939248	18.8422724	185.877749	139.420162	7.83491469	244.841084	35	19.3739612	6.39893853	199.966829
8	10:25:52	12.20	90.100	28.440	28086.000	22.000	90.104754	18.8769459	186.219801	139.676723	7.84933249	245.291640	35	19.3739612	6.41071385	200.334808
8	10:26:07	12.45	89.740	28.480	28101.000	22.000	89.774112	18.8076765	185.536463	139.164176	7.82052920	244.391538	35	19.3739612	6.38718960	199.599675
8	10:26:22	12.70	89.580	28.500	28133.000	22.000	89.609347	18.7731582	185.195942	138.908764	7.80617593	243.942998	35	19.3739612	6.37546699	199.233343
8	10:26:37	12.95	89.420	28.520	28153.000	22.000	89.444950	18.7387171	184.856183	138.653923	7.79185478	243.495462	35	19.3739612	6.36377060	198.867831
8	10:26:52	13.20	89.320	28.530	28198.000	22.000	89.362890	18.7215255	184.686589	138.526716	7.78470622	243.272069	35	19.3739612	6.35793223	198.685382
8	10:27:07	13.45	89.500	28.510	28194.000	22.000	89.527103	18.7559280	185.025967	138.781272	7.79901134	243.719105	35	19.3739612	6.36961552	199.050485
8	10:27:22	13.70	89.140	28.550	28194.000	22.000	89.199045	18.6871998	184.347969	138.272730	7.77043309	242.826034	35	19.3739612	6.34627506	198.321096
8	10:27:37	13.95	89.190	28.550	28213.000	22.000	89.199045	18.6871998	184.347969	138.272730	7.77043309	242.826034	35	19.3739612	6.34627506	198.321096
8	10:27:52	14.20	89.260	28.540	28253.000	22.000	89.280921	18.7043530	184.517184	138.399652	7.77756566	243.048927	35	19.3739612	6.35210038	198.503137
8	10:28:07	14.45	88.810	28.590	28251.000	22.000	88.872451	18.6187785	183.672996	137.766457	7.74198240	241.936950	35	19.3739612	6.32303879	197.594962
8	10:28:22	14.70	88.580	28.620	28292.000	22.000	88.628462	18.5676627	183.168743	137.388235	7.72072767	241.272740	35	19.3739612	6.30567960	197.052488
8	10:28:37	14.95	88.690	28.610	28274.000	22.000	88.709701	18.5846823	183.336640	137.514169	7.72780467	241.493896	35	19.3739612	6.31145954	197.233111
8	10:28:52	15.20	88.480	28.630	28303.000	22.000	88.547313	18.5506621	183.001033	137.262442	7.71365856	241.051830	35	19.3739612	6.29990611	196.872066
8	10:29:07	15.45	87.980	28.690	28314.000	22.000	88.062319	18.4490558	181.998693	136.510623	7.67140902	239.731532	35	19.3739612	6.26540003	195.793751
8	10:29:22	15.70	88.090	28.680	28344.000	22.000	88.142926	18.4659430	182.165285	136.635578	7.67843101	239.950969	35	19.3739612	6.27113504	195.972970
8	10:29:37	15.95	88.110	28.680	28386.000	22.000	88.142926	18.4659430	182.165285	136.635578	7.67843101	239.950969	35	19.3739612	6.27113504	195.972970
8	10:29:52	16.20	88.150	28.670	28400.000	22.000	88.223623	18.4828491	182.332062	136.760671	7.68546082	240.170651	35	19.3739612	6.27687643	196.152389
8	10:30:07	16.45	87.890	28.710	28430.000	22.000	87.901373	18.4153376	181.666066	136.261132	7.65738847	239.293390	35	19.3739612	6.25394916	195.435911
8	10:30:22	16.70	87.750	28.720	28425.000	22.000	87.821034	18.3985066	181.500030	136.136594	7.65038989	239.074684	35	19.3739612	6.24823327	195.257290
8	10:30:37	16.95	87.600	28.740	28408.000	22.000	87.660624	18.3649008	181.168510	135.887933	7.63641606	238.638002	35	19.3739612	6.23682055	194.900642
8	10:30:52	17.20	87.260	28.780	28454.000	22.000	87.340873	18.2979128	180.507678	135.392267	7.60856140	237.767544	35	19.3739612	6.21407107	194.189721
8	10:31:07	17.45	87.540	28.750	28465.000	22.000	87.580553	18.3481259	181.003027	135.763810	7.62944078	238.420024	35	19.3739612	6.23112370	194.722616
8	10:31:22	17.70	87.200	28.790	28477.000	22.000	87.261156	18.2812123	180.342929	135.268694	7.60161704	237.550533	35	19.3739612	6.20839947	194.012483
8	10:31:37	17.95	87.100	28.800	28500.000	22.000	87.181529	18.2645303	180.178362	135.145259	7.59468039	237.333762	35	19.3739612	6.20273416	193.835443
8	10:31:52	18.20	87.290	28.780	28516.000	22.000	87.340873	18.2979128	180.507678	135.392267	7.60856140	237.767544	35	19.3739612	6.21407107	194.189721
8	10:32:07	18.45	87.110	28.800	28538.000	22.000	87.181529	18.2645303	180.178362	135.145259	7.59468039	237.333762	35	19.3739612	6.20273416	193.835443
8	10:32:22	18.70	86.870	28.830	28580.000	22.000	86.943174	18.2145950	179.685754	134.775772	7.57391654	236.684892	35	19.3739612	6.18577589	193.305497
8	10:32:37	18.95	86.680	28.860	28577.000	22.000	86.705611	18.1648256	179.194782	134.407511	7.55322162	236.038176	35	19.3739612	6.16887391	192.777310
8	10:32:52	19.20	87.030	28.810	28575.000	22.000	87.101989	18.2478667	180.013977	135.021960	7.58775143	237.117232	35	19.3739612	6.19707514	193.658598
8	10:33:07	19.45	86.720	28.850	28637.000	22.000	86.784711	18.1813970	179.358258	134.530129	7.56011229	236.253509	35	19.3739612	6.17450167	192.953177
8	10:33:22	19.70	86.520	28.880	28663.000	22.000	86.547674	18.1317377	178.868372	134.162683	7.53946314	235.608223	35	19.3739612	6.15763708	192.426159
