Chamber	Time/hh:mm:ss	Logtime/min	Oxy/% air sat.	Phase/°	Amp	Temp/°C	% air-sat.	% oxygen	pO2 (hPa)	pO2 (Torr)	cO2 [mg/L]	cO2 [µmol/L]	Salinity	chlorinity	SalCorcO2 [mg/L]	SalCorcO2 [µmol/L]
9	11:51:48	0.00	95.920	27.050	32335.000	26.000	96.001334	20.1122794	196.959507	147.732188	7.76758119	242.736912	35	19.3739612	6.33763752	198.051173
9	11:51:58	0.18	95.490	27.100	32344.000	26.000	95.547588	20.0172198	196.028588	147.033939	7.73086811	241.589628	35	19.3739612	6.30768300	197.115094
9	11:52:13	0.43	95.810	27.070	32356.000	26.000	95.819516	20.0741886	196.586484	147.452397	7.75287010	242.277191	35	19.3739612	6.32563462	197.676082
9	11:52:28	0.68	95.360	27.120	32376.000	26.000	95.366834	19.9793517	195.657746	146.755784	7.71624305	241.132595	35	19.3739612	6.29575029	196.742196
9	11:52:43	0.93	95.060	27.150	32419.000	26.000	95.096495	19.9227157	195.103110	146.339772	7.69436962	240.449051	35	19.3739612	6.27790356	196.184486
9	11:52:58	1.18	96.000	27.050	32381.000	26.000	96.001334	20.1122794	196.959507	147.732188	7.76758119	242.736912	35	19.3739612	6.33763752	198.051173
9	11:53:13	1.43	95.500	27.100	32411.000	26.000	95.547588	20.0172198	196.028588	147.033939	7.73086811	241.589628	35	19.3739612	6.30768300	197.115094
9	11:53:28	1.68	95.710	27.080	32426.000	26.000	95.728767	20.0551767	196.400301	147.312747	7.74552750	242.047734	35	19.3739612	6.31964372	197.488866
9	11:53:43	1.93	95.250	27.130	32410.000	26.000	95.276615	19.9604509	195.472651	146.616951	7.70894337	240.904480	35	19.3739612	6.28979441	196.556075
9	11:53:58	2.18	95.430	27.110	32432.000	26.000	95.457158	19.9982746	195.843059	146.894780	7.72355129	241.360978	35	19.3739612	6.30171314	196.928536
9	11:54:13	2.43	95.180	27.140	32434.000	26.000	95.186503	19.9415723	195.287773	146.478280	7.70165223	240.676632	35	19.3739612	6.28384550	196.370172
9	11:54:28	2.68	95.450	27.110	32454.000	26.000	95.457158	19.9982746	195.843059	146.894780	7.72355129	241.360978	35	19.3739612	6.30171314	196.928536
9	11:54:43	2.93	94.800	27.180	32488.000	26.000	94.827104	19.8662783	194.550419	145.925218	7.67257288	239.767902	35	19.3739612	6.26011941	195.628731
9	11:54:58	3.18	94.940	27.160	32522.000	26.000	95.006593	19.9038812	194.918664	146.201425	7.68709554	240.221736	35	19.3739612	6.27196857	195.999018
9	11:55:13	3.43	95.430	27.110	32519.000	26.000	95.457158	19.9982746	195.843059	146.894780	7.72355129	241.360978	35	19.3739612	6.30171314	196.928536
9	11:55:28	3.68	94.960	27.160	32529.000	26.000	95.006593	19.9038812	194.918664	146.201425	7.68709554	240.221736	35	19.3739612	6.27196857	195.999018
9	11:55:43	3.93	94.560	27.200	32553.000	26.000	94.648035	19.8287632	194.183034	145.649656	7.65808415	239.315130	35	19.3739612	6.24829792	195.259310
9	11:55:58	4.18	94.970	27.160	32559.000	26.000	95.006593	19.9038812	194.918664	146.201425	7.68709554	240.221736	35	19.3739612	6.27196857	195.999018
9	11:56:13	4.43	94.560	27.200	32590.000	26.000	94.648035	19.8287632	194.183034	145.649656	7.65808415	239.315130	35	19.3739612	6.24829792	195.259310
9	11:56:28	4.68	94.800	27.180	32568.000	26.000	94.827104	19.8662783	194.550419	145.925218	7.67257288	239.767902	35	19.3739612	6.26011941	195.628731
9	11:56:43	4.93	94.710	27.190	32576.000	26.000	94.737517	19.8475098	194.366619	145.787356	7.66532428	239.541384	35	19.3739612	6.25420521	195.443913
9	11:56:58	5.18	94.190	27.250	32609.000	26.000	94.202187	19.7353582	193.268318	144.963561	7.62201010	238.187816	35	19.3739612	6.21886480	194.339525
9	11:57:13	5.43	94.230	27.240	32607.000	26.000	94.291148	19.7539956	193.450835	145.100459	7.62920807	238.412752	35	19.3739612	6.22473768	194.523053
9	11:57:28	5.68	93.990	27.270	32657.000	26.000	94.024575	19.6981486	192.903925	144.690242	7.60763934	237.738729	35	19.3739612	6.20713956	193.973111
9	11:57:43	5.93	94.040	27.260	32682.000	26.000	94.113330	19.7167425	193.086015	144.826822	7.61482053	237.963141	35	19.3739612	6.21299876	194.156211
9	11:57:58	6.18	94.380	27.220	32682.000	26.000	94.469383	19.7913358	193.816507	145.374737	7.64362924	238.863414	35	19.3739612	6.23650404	194.890751
9	11:58:13	6.43	94.240	27.240	32727.000	26.000	94.291148	19.7539956	193.450835	145.100459	7.62920807	238.412752	35	19.3739612	6.22473768	194.523053
9	11:58:28	6.68	93.810	27.290	32749.000	26.000	93.847378	19.6610256	192.540380	144.417560	7.59330205	237.290689	35	19.3739612	6.19544164	193.607551
9	11:58:43	6.93	93.760	27.290	32777.000	26.000	93.847378	19.6610256	192.540380	144.417560	7.59330205	237.290689	35	19.3739612	6.19544164	193.607551
9	11:58:58	7.18	93.650	27.310	32758.000	26.000	93.670592	19.6239891	192.177681	144.145513	7.57899814	236.843692	35	19.3739612	6.18377096	193.242843
9	11:59:13	7.43	93.040	27.380	32799.000	26.000	93.055075	19.4950383	190.914866	143.198321	7.52919592	235.287373	35	19.3739612	6.14313689	191.973028
9	11:59:28	7.68	93.750	27.300	32812.000	26.000	93.758934	19.6424966	192.358925	144.281457	7.58614593	237.067060	35	19.3739612	6.18960290	193.425091
9	11:59:43	7.93	93.300	27.350	32804.000	26.000	93.318255	19.5501743	191.454813	143.603316	7.55049008	235.952815	35	19.3739612	6.16051098	192.515968
9	11:59:58	8.18	93.530	27.320	32836.000	26.000	93.582354	19.6055032	191.996648	144.009727	7.57185868	236.620584	35	19.3739612	6.17794581	193.060807
9	12:00:13	8.43	93.090	27.370	32867.000	26.000	93.142700	19.5133956	191.094639	143.333163	7.53628572	235.508929	35	19.3739612	6.14892153	192.153798
9	12:00:28	8.68	92.940	27.390	32883.000	26.000	92.967552	19.4767022	190.735301	143.063636	7.52211436	235.066074	35	19.3739612	6.13735898	191.792468
9	12:00:43	8.93	93.350	27.340	32885.000	26.000	93.406185	19.5685958	191.635215	143.738629	7.55760466	236.175146	35	19.3739612	6.16631583	192.697370
9	12:00:58	9.17	93.070	27.370	32916.000	26.000	93.142700	19.5133956	191.094639	143.333163	7.53628572	235.508929	35	19.3739612	6.14892153	192.153798
9	12:01:13	9.43	92.670	27.420	32914.000	26.000	92.705593	19.4218218	190.197858	142.660519	7.50091894	234.403717	35	19.3739612	6.12006546	191.252046
9	12:01:28	9.68	92.810	27.400	32933.000	26.000	92.880131	19.4583875	190.555945	142.929108	7.51504101	234.845032	35	19.3739612	6.13158778	191.612118
9	12:01:43	9.93	92.660	27.420	32960.000	26.000	92.705593	19.4218218	190.197858	142.660519	7.50091894	234.403717	35	19.3739612	6.12006546	191.252046
9	12:01:58	10.18	92.730	27.410	32983.000	26.000	92.792812	19.4400941	190.376797	142.794736	7.50797588	234.624246	35	19.3739612	6.12582327	191.431977
9	12:02:13	10.43	92.430	27.450	32991.000	26.000	92.444545	19.3671322	189.662282	142.258803	7.47979721	233.743663	35	19.3739612	6.10283205	190.713502
9	12:02:28	10.68	92.030	27.490	33033.000	26.000	92.097890	19.2945079	188.951073	141.725351	7.45174893	232.867154	35	19.3739612	6.07994722	189.998351
9	12:02:43	10.93	92.000	27.500	33052.000	26.000	92.011477	19.2764044	188.773785	141.592374	7.44475715	232.648661	35	19.3739612	6.07424256	189.820080
9	12:02:58	11.18	91.970	27.500	33054.000	26.000	92.011477	19.2764044	188.773785	141.592374	7.44475715	232.648661	35	19.3739612	6.07424256	189.820080
9	12:03:13	11.43	91.900	27.510	33078.000	26.000	91.925164	19.2583218	188.596702	141.459551	7.43777345	232.430420	35	19.3739612	6.06854450	189.642016
9	12:03:28	11.68	92.020	27.490	33119.000	26.000	92.097890	19.2945079	188.951073	141.725351	7.45174893	232.867154	35	19.3739612	6.07994722	189.998351
9	12:03:43	11.93	92.020	27.490	33122.000	26.000	92.097890	19.2945079	188.951073	141.725351	7.45174893	232.867154	35	19.3739612	6.07994722	189.998351
9	12:03:58	12.18	91.860	27.510	33149.000	26.000	91.925164	19.2583218	188.596702	141.459551	7.43777345	232.430420	35	19.3739612	6.06854450	189.642016
9	12:04:13	12.43	91.590	27.540	33156.000	26.000	91.666823	19.2041994	188.066682	141.062001	7.41687079	231.777212	35	19.3739612	6.05148984	189.109057
9	12:04:28	12.68	91.280	27.580	33178.000	26.000	91.323759	19.1323276	187.362841	140.534076	7.38911311	230.909785	35	19.3739612	6.02884210	188.401316
9	12:04:43	12.93	91.340	27.570	33186.000	26.000	91.409377	19.1502644	187.538496	140.665829	7.39604051	231.126266	35	19.3739612	6.03449423	188.577945
9	12:04:58	13.18	91.260	27.580	33200.000	26.000	91.323759	19.1323276	187.362841	140.534076	7.38911311	230.909785	35	19.3739612	6.02884210	188.401316
9	12:05:13	13.43	91.020	27.610	33252.000	26.000	91.067500	19.0786412	186.837090	140.139729	7.36837884	230.261839	35	19.3739612	6.01192483	187.872651
9	12:05:28	13.68	91.050	27.610	33253.000	26.000	91.067500	19.0786412	186.837090	140.139729	7.36837884	230.261839	35	19.3739612	6.01192483	187.872651
9	12:05:43	13.93	90.970	27.620	33264.000	26.000	90.982277	19.0607870	186.662244	140.008584	7.36148335	230.046355	35	19.3739612	6.00629874	187.696836
9	12:05:58	14.18	90.820	27.630	33306.000	26.000	90.897152	19.0429533	186.487599	139.877589	7.35459581	229.831119	35	19.3739612	6.00067913	187.521223
9	12:06:13	14.43	90.760	27.640	33290.000	26.000	90.812125	19.0251403	186.313156	139.746745	7.34771620	229.616131	35	19.3739612	5.99506600	187.345813
9	12:06:28	14.68	90.820	27.630	33319.000	26.000	90.897152	19.0429533	186.487599	139.877589	7.35459581	229.831119	35	19.3739612	6.00067913	187.521223
9	12:06:43	14.93	90.520	27.670	33370.000	26.000	90.557633	18.9718240	185.791030	139.355118	7.32712489	228.972653	35	19.3739612	5.97826537	186.820793
9	12:06:58	15.18	90.640	27.660	33360.000	26.000	90.642366	18.9895756	185.964871	139.485510	7.33398076	229.186899	35	19.3739612	5.98385913	186.995598
9	12:07:13	15.43	90.160	27.710	33375.000	26.000	90.219673	18.9010215	185.097661	138.835047	7.29978020	228.118131	35	19.3739612	5.95595460	186.123581
9	12:07:28	15.68	90.140	27.710	33390.000	26.000	90.219673	18.9010215	185.097661	138.835047	7.29978020	228.118131	35	19.3739612	5.95595460	186.123581
9	12:07:43	15.93	90.310	27.690	33400.000	26.000	90.388458	18.9363820	185.443947	139.094783	7.31343681	228.544900	35	19.3739612	5.96709715	186.471786
9	12:07:58	16.18	89.970	27.730	33462.000	26.000	90.051276	18.8657423	184.752172	138.575908	7.28615496	227.692343	35	19.3739612	5.94483765	185.776177
9	12:08:13	16.43	90.040	27.730	33481.000	26.000	90.051276	18.8657423	184.752172	138.575908	7.28615496	227.692343	35	19.3739612	5.94483765	185.776177
9	12:08:28	16.68	89.860	27.750	33477.000	26.000	89.883265	18.8305440	184.407475	138.317363	7.27256101	227.267531	35	19.3739612	5.93374622	185.429569
9	12:08:43	16.93	89.840	27.750	33487.000	26.000	89.883265	18.8305440	184.407475	138.317363	7.27256101	227.267531	35	19.3739612	5.93374622	185.429569
9	12:08:58	17.18	89.770	27.760	33504.000	26.000	89.799404	18.8129752	184.235423	138.188314	7.26577573	227.055492	35	19.3739612	5.92821005	185.256564
9	12:09:13	17.43	89.200	27.830	33539.000	26.000	89.215065	18.6905561	183.036574	137.289100	7.21849615	225.578005	35	19.3739612	5.88963423	184.051070
9	12:09:28	17.68	89.780	27.760	33545.000	26.000	89.799404	18.8129752	184.235423	138.188314	7.26577573	227.055492	35	19.3739612	5.92821005	185.256564
9	12:09:43	17.93	89.560	27.780	33620.000	26.000	89.631971	18.7778979	183.891912	137.930658	7.25222852	226.632141	35	19.3739612	5.91715677	184.911149
9	12:09:58	18.18	89.500	27.790	33571.000	26.000	89.548398	18.7603895	183.720452	137.802052	7.24546657	226.420830	35	19.3739612	5.91163963	184.738738
9	12:10:13	18.43	89.360	27.810	33614.000	26.000	89.381541	18.7254327	183.378121	137.545282	7.23196590	225.998934	35	19.3739612	5.90062432	184.394510
9	12:10:28	18.68	89.230	27.820	33651.000	26.000	89.298255	18.7079844	183.207249	137.417117	7.22522717	225.788349	35	19.3739612	5.89512612	184.222691
9	12:10:43	18.93	89.180	27.830	33669.000	26.000	89.215065	18.6905561	183.036574	137.289100	7.21849615	225.578005	35	19.3739612	5.88963423	184.051070
9	12:10:58	19.18	89.290	27.820	33665.000	26.000	89.298255	18.7079844	183.207249	137.417117	7.22522717	225.788349	35	19.3739612	5.89512612	184.222691
9	12:11:13	19.43	88.910	27.860	33674.000	26.000	88.966065	18.6383906	182.525718	136.905925	7.19834929	224.948415	35	19.3739612	5.87319623	183.537382
