Chamber	Time/hh:mm:ss	Logtime/min	Oxy/% air sat.	Phase/°	Amp	Temp/°C	% air-sat.	% oxygen	pO2 (hPa)	pO2 (Torr)	cO2 [mg/L]	cO2 [µmol/L]	Salinity	chlorinity	SalCorcO2 [mg/L]	SalCorcO2 [µmol/L]
3	14:06:42	0.00	93.180	26.850	29917.000	29.000	93.188935	19.5230818	189.928380	142.458394	7.15487916	223.589974	35	19.3739612	5.79672443	181.147638
3	14:06:57	0.25	92.640	26.910	29912.000	29.000	92.657975	19.4118457	188.846231	141.646713	7.11411301	222.316032	35	19.3739612	5.76369660	180.115519
3	14:07:12	0.50	93.230	26.840	29932.000	29.000	93.277795	19.5416980	190.109486	142.594235	7.16170167	223.803177	35	19.3739612	5.80225188	181.320371
3	14:07:27	0.75	93.010	26.870	29901.000	29.000	93.011529	19.4859154	189.566810	142.187194	7.14125831	223.164322	35	19.3739612	5.78568912	180.802785
3	14:07:42	1.00	93.230	26.840	29908.000	29.000	93.277795	19.5416980	190.109486	142.594235	7.16170167	223.803177	35	19.3739612	5.80225188	181.320371
3	14:07:57	1.25	92.630	26.910	29930.000	29.000	92.657975	19.4118457	188.846231	141.646713	7.11411301	222.316032	35	19.3739612	5.76369660	180.115519
3	14:08:12	1.50	92.940	26.870	29932.000	29.000	93.011529	19.4859154	189.566810	142.187194	7.14125831	223.164322	35	19.3739612	5.78568912	180.802785
3	14:08:27	1.75	93.180	26.850	29976.000	29.000	93.188935	19.5230818	189.928380	142.458394	7.15487916	223.589974	35	19.3739612	5.79672443	181.147638
3	14:08:42	2.00	93.180	26.850	29970.000	29.000	93.188935	19.5230818	189.928380	142.458394	7.15487916	223.589974	35	19.3739612	5.79672443	181.147638
3	14:08:57	2.25	92.610	26.910	29951.000	29.000	92.657975	19.4118457	188.846231	141.646713	7.11411301	222.316032	35	19.3739612	5.76369660	180.115519
3	14:09:12	2.50	93.350	26.830	30002.000	29.000	93.366760	19.5603362	190.290806	142.730236	7.16853227	224.016633	35	19.3739612	5.80778588	181.493309
3	14:09:27	2.75	92.710	26.900	30008.000	29.000	92.746207	19.4303303	189.026056	141.781594	7.12088732	222.527729	35	19.3739612	5.76918499	180.287031
3	14:09:42	3.00	92.010	26.980	30026.000	29.000	92.043256	19.2830622	187.593373	140.706990	7.06691604	220.841126	35	19.3739612	5.72545866	178.920583
3	14:09:57	3.25	92.940	26.870	30005.000	29.000	93.011529	19.4859154	189.566810	142.187194	7.14125831	223.164322	35	19.3739612	5.78568912	180.802785
3	14:10:12	3.50	92.350	26.940	30052.000	29.000	92.393902	19.3565225	188.308025	141.243024	7.09383802	221.682438	35	19.3739612	5.74727025	179.602195
3	14:10:27	3.75	91.760	27.010	30050.000	29.000	91.781354	19.2281937	187.059590	140.306618	7.04680765	220.212739	35	19.3739612	5.70916729	178.411478
3	14:10:42	4.00	92.550	26.920	30105.000	29.000	92.569847	19.3933829	188.666617	141.511991	7.10734670	222.104585	35	19.3739612	5.75821469	179.944209
3	14:10:57	4.25	92.550	26.920	30061.000	29.000	92.569847	19.3933829	188.666617	141.511991	7.10734670	222.104585	35	19.3739612	5.75821469	179.944209
3	14:11:12	4.50	92.270	26.950	30122.000	29.000	92.306086	19.3381250	188.129046	141.108778	7.08709561	221.471738	35	19.3739612	5.74180771	179.431491
3	14:11:27	4.75	92.010	26.980	30106.000	29.000	92.043256	19.2830622	187.593373	140.706990	7.06691604	220.841126	35	19.3739612	5.72545866	178.920583
3	14:11:42	5.00	91.670	27.020	30124.000	29.000	91.694259	19.2099472	186.882080	140.173475	7.04012062	220.003769	35	19.3739612	5.70374961	178.242175
3	14:11:57	5.25	91.470	27.040	30177.000	29.000	91.520375	19.1735185	186.527688	139.907658	7.02677013	219.586567	35	19.3739612	5.69293334	177.904167
3	14:12:12	5.50	91.140	27.080	30159.000	29.000	91.173831	19.1009176	185.821398	139.377895	7.00016314	218.755098	35	19.3739612	5.67137695	177.230530
3	14:12:27	5.75	91.130	27.080	30196.000	29.000	91.173831	19.1009176	185.821398	139.377895	7.00016314	218.755098	35	19.3739612	5.67137695	177.230530
3	14:12:42	6.00	91.880	26.990	30222.000	29.000	91.955853	19.2647511	187.415236	140.573375	7.06020535	220.631417	35	19.3739612	5.72002181	178.750681
3	14:12:57	6.25	91.750	27.010	30262.000	29.000	91.781354	19.2281937	187.059590	140.306618	7.04680765	220.212739	35	19.3739612	5.70916729	178.411478
3	14:13:12	6.50	91.350	27.050	30279.000	29.000	91.433586	19.1553363	186.350804	139.774984	7.02010666	219.378333	35	19.3739612	5.68753474	177.735461
3	14:13:27	6.75	91.510	27.040	30239.000	29.000	91.520375	19.1735185	186.527688	139.907658	7.02677013	219.586567	35	19.3739612	5.69293334	177.904167
3	14:13:42	7.00	91.250	27.070	30295.000	29.000	91.260314	19.1190359	185.997659	139.510103	7.00680317	218.962599	35	19.3739612	5.67675655	177.398642
3	14:13:57	7.25	90.760	27.120	30318.000	29.000	90.828912	19.0286570	185.118417	138.850615	6.97368084	217.927526	35	19.3739612	5.64992157	176.560049
3	14:14:12	7.50	90.560	27.150	30355.000	29.000	90.571282	18.9746835	184.593342	138.456775	6.95390048	217.309390	35	19.3739612	5.63389596	176.059249
3	14:14:27	7.75	90.760	27.120	30305.000	29.000	90.828912	19.0286570	185.118417	138.850615	6.97368084	217.927526	35	19.3739612	5.64992157	176.560049
3	14:14:42	8.00	90.000	27.210	30369.000	29.000	90.058730	18.8673040	183.548710	137.673235	6.91454768	216.079615	35	19.3739612	5.60201320	175.062912
3	14:14:57	8.25	90.150	27.190	30359.000	29.000	90.229181	18.9030134	183.896106	137.933804	6.92763459	216.488581	35	19.3739612	5.61261592	175.394247
3	14:15:12	8.50	90.500	27.150	30404.000	29.000	90.571282	18.9746835	184.593342	138.456775	6.95390048	217.309390	35	19.3739612	5.63389596	176.059249
3	14:15:27	8.75	90.320	27.170	30455.000	29.000	90.400031	18.9388065	184.244315	138.194983	6.94075216	216.898505	35	19.3739612	5.62324348	175.726359
3	14:15:42	9.00	90.570	27.140	30423.000	29.000	90.657058	18.9926536	184.768162	138.587901	6.96048621	217.515194	35	19.3739612	5.63923157	176.225987
3	14:15:57	9.25	89.270	27.300	30465.000	29.000	89.296612	18.7076402	181.995437	136.508181	6.85603361	214.251050	35	19.3739612	5.55460639	173.581450
3	14:16:12	9.50	90.050	27.210	30512.000	29.000	90.058730	18.8673040	183.548710	137.673235	6.91454768	216.079615	35	19.3739612	5.60201320	175.062912
3	14:16:27	9.75	89.590	27.260	30539.000	29.000	89.634343	18.7783948	182.683765	137.024471	6.88196396	215.061374	35	19.3739612	5.57561459	174.237956
3	14:16:42	10.00	89.230	27.300	30588.000	29.000	89.296612	18.7076402	181.995437	136.508181	6.85603361	214.251050	35	19.3739612	5.55460639	173.581450
3	14:16:57	10.25	89.230	27.300	30586.000	29.000	89.296612	18.7076402	181.995437	136.508181	6.85603361	214.251050	35	19.3739612	5.55460639	173.581450
3	14:17:12	10.50	88.830	27.350	30614.000	29.000	88.876657	18.6196597	181.139527	135.866194	6.82379026	213.243446	35	19.3739612	5.52848355	172.765111
3	14:17:27	10.75	89.370	27.290	30640.000	29.000	89.380897	18.7252979	182.167218	136.637027	6.86250486	214.453277	35	19.3739612	5.55984926	173.745289
3	14:17:42	11.00	88.950	27.340	30611.000	29.000	88.960453	18.6372148	181.310311	135.994292	6.83022391	213.444497	35	19.3739612	5.53369595	172.927998
3	14:17:57	11.25	89.630	27.260	30662.000	29.000	89.634343	18.7783948	182.683765	137.024471	6.88196396	215.061374	35	19.3739612	5.57561459	174.237956
3	14:18:12	11.50	88.750	27.360	30713.000	29.000	88.792960	18.6021250	180.968943	135.738245	6.81736409	213.042628	35	19.3739612	5.52327720	172.602413
3	14:18:27	11.75	89.010	27.330	30734.000	29.000	89.044346	18.6547904	181.481293	136.122540	6.83666507	213.645783	35	19.3739612	5.53891443	173.091076
3	14:18:42	12.00	88.330	27.410	30777.000	29.000	88.375928	18.5147568	180.118990	135.100726	6.78534513	212.042035	35	19.3739612	5.49733615	171.791755
3	14:18:57	12.25	88.200	27.430	30780.000	29.000	88.209792	18.4799515	179.780389	134.846754	6.77258955	211.643423	35	19.3739612	5.48700187	171.468808
3	14:19:12	12.50	88.100	27.440	30784.000	29.000	88.126869	18.4625791	179.611384	134.719989	6.76622286	211.444464	35	19.3739612	5.48184372	171.307616
3	14:19:27	12.75	88.660	27.370	30811.000	29.000	88.709359	18.5846107	180.798556	135.610444	6.81094539	212.842044	35	19.3739612	5.51807692	172.439904
3	14:19:42	13.00	88.090	27.440	30817.000	29.000	88.126869	18.4625791	179.611384	134.719989	6.76622286	211.444464	35	19.3739612	5.48184372	171.307616
3	14:19:57	13.25	88.110	27.440	30873.000	29.000	88.126869	18.4625791	179.611384	134.719989	6.76622286	211.444464	35	19.3739612	5.48184372	171.307616
3	14:20:12	13.50	87.590	27.500	30866.000	29.000	87.631346	18.3587669	178.601457	133.962480	6.72817745	210.255545	35	19.3739612	5.45102017	170.344380
3	14:20:27	13.75	87.880	27.460	30935.000	29.000	87.961311	18.4278947	179.273960	134.466900	6.75351163	211.047239	35	19.3739612	5.47154536	170.985793
3	14:20:42	14.00	87.400	27.520	30933.000	29.000	87.466935	18.3243229	178.266372	133.711145	6.71555433	209.861073	35	19.3739612	5.44079319	170.024787
3	14:20:57	14.25	87.320	27.530	30978.000	29.000	87.384873	18.3071309	178.099121	133.585695	6.70925372	209.664179	35	19.3739612	5.43568858	169.865268
3	14:21:12	14.50	87.400	27.520	30976.000	29.000	87.466935	18.3243229	178.266372	133.711145	6.71555433	209.861073	35	19.3739612	5.44079319	170.024787
3	14:21:27	14.75	86.660	27.610	31035.000	29.000	86.731778	18.1703075	176.768049	132.587306	6.65911028	208.097196	35	19.3739612	5.39506348	168.595734
3	14:21:42	15.00	86.790	27.600	31035.000	29.000	86.813085	18.1873414	176.933761	132.711601	6.66535290	208.292278	35	19.3739612	5.40012111	168.753785
3	14:21:57	15.25	86.320	27.660	31069.000	29.000	86.326647	18.0854326	175.942351	131.967980	6.62800504	207.125158	35	19.3739612	5.36986271	167.808210
3	14:22:12	15.50	86.110	27.680	31089.000	29.000	86.165247	18.0516193	175.613402	131.721248	6.61561306	206.737908	35	19.3739612	5.35982300	167.494469
3	14:22:27	15.75	86.510	27.630	31085.000	29.000	86.569445	18.1362988	176.437198	132.339147	6.64664666	207.707708	35	19.3739612	5.38496573	168.280179
3	14:22:42	16.00	86.250	27.660	31192.000	29.000	86.326647	18.0854326	175.942351	131.967980	6.62800504	207.125158	35	19.3739612	5.36986271	167.808210
3	14:22:57	16.25	85.650	27.740	31184.000	29.000	85.683272	17.9506454	174.631087	130.984449	6.57860784	205.581495	35	19.3739612	5.32984218	166.557568
3	14:23:12	16.50	86.040	27.690	31204.000	29.000	86.084687	18.0347419	175.449212	131.598095	6.60942777	206.544618	35	19.3739612	5.35481181	167.337869
3	14:23:27	16.75	86.030	27.690	31247.000	29.000	86.084687	18.0347419	175.449212	131.598095	6.60942777	206.544618	35	19.3739612	5.35481181	167.337869
3	14:23:42	17.00	85.960	27.700	31244.000	29.000	86.004219	18.0178839	175.285210	131.475083	6.60324959	206.351550	35	19.3739612	5.34980639	167.181450
3	14:23:57	17.25	85.730	27.730	31274.000	29.000	85.763370	17.9674260	174.794336	131.106896	6.58475765	205.773677	35	19.3739612	5.33482463	166.713270
3	14:24:12	17.50	85.360	27.780	31292.000	29.000	85.363797	17.8837154	173.979965	130.496066	6.55407911	204.814972	35	19.3739612	5.30996956	165.936549
3	14:24:27	17.75	85.240	27.790	31325.000	29.000	85.284157	17.8670309	173.817651	130.374320	6.54796452	204.623891	35	19.3739612	5.30501565	165.781739
3	14:24:42	18.00	85.350	27.780	31355.000	29.000	85.363797	17.8837154	173.979965	130.496066	6.55407911	204.814972	35	19.3739612	5.30996956	165.936549
3	14:24:57	18.25	85.110	27.810	31386.000	29.000	85.125151	17.8337192	173.493582	130.131248	6.53575635	204.242386	35	19.3739612	5.29512486	165.472652
3	14:25:12	18.50	84.990	27.820	31368.000	29.000	85.045785	17.8170920	173.331826	130.009920	6.52966276	204.051961	35	19.3739612	5.29018797	165.318374
3	14:25:27	18.75	85.090	27.810	31390.000	29.000	85.125151	17.8337192	173.493582	130.131248	6.53575635	204.242386	35	19.3739612	5.29512486	165.472652
3	14:25:42	19.00	84.650	27.870	31449.000	29.000	84.650316	17.7342411	172.525819	129.405364	6.49929931	203.103104	35	19.3739612	5.26558818	164.549631
3	14:25:57	19.25	84.950	27.830	31462.000	29.000	84.966510	17.8004838	173.170255	129.888732	6.52357615	203.861755	35	19.3739612	5.28525673	165.164273
3	14:26:12	19.50	84.100	27.940	31479.000	29.000	84.100445	17.6190433	171.405129	128.564775	6.45708127	201.783790	35	19.3739612	5.23138406	163.480752
3	14:26:27	19.75	84.030	27.940	31515.000	29.000	84.100445	17.6190433	171.405129	128.564775	6.45708127	201.783790	35	19.3739612	5.23138406	163.480752
3	14:26:42	20.00	83.750	27.980	31562.000	29.000	83.788202	17.5536284	170.768746	128.087447	6.43310780	201.034619	35	19.3739612	5.21196128	162.873790
3	14:26:57	20.25	84.350	27.900	31601.000	29.000	84.414118	17.6847577	172.044425	129.044288	6.48116449	202.536390	35	19.3739612	5.25089575	164.090492
3	14:27:12	20.50	84.390	27.900	31604.000	29.000	84.414118	17.6847577	172.044425	129.044288	6.48116449	202.536390	35	19.3739612	5.25089575	164.090492
3	14:27:27	20.75	83.800	27.970	31638.000	29.000	83.866129	17.5699541	170.927570	128.206575	6.43909091	201.221591	35	19.3739612	5.21680867	163.025271
3	14:27:42	21.00	83.850	27.970	31651.000	29.000	83.866129	17.5699541	170.927570	128.206575	6.43909091	201.221591	35	19.3739612	5.21680867	163.025271
3	14:27:57	21.25	83.040	28.070	31649.000	29.000	83.090837	17.4075305	169.347447	127.021382	6.37956539	199.361418	35	19.3739612	5.16858241	161.518200
3	14:28:12	21.50	83.360	28.030	31664.000	29.000	83.399895	17.4722781	169.977338	127.493840	6.40329430	200.102947	35	19.3739612	5.18780704	162.118970
3	14:28:27	21.75	83.190	28.050	31723.000	29.000	83.245191	17.4398674	169.662034	127.257342	6.39141634	199.731761	35	19.3739612	5.17818379	161.818243
3	14:28:42	22.00	83.490	28.010	31769.000	29.000	83.554953	17.5047626	170.293360	127.730877	6.41519932	200.474979	35	19.3739612	5.19745223	162.420382
3	14:28:57	22.25	82.880	28.090	31791.000	29.000	82.936835	17.3752669	169.033574	126.785957	6.36774135	198.991917	35	19.3739612	5.15900283	161.218838
3	14:29:12	22.50	82.580	28.130	31809.000	29.000	82.629877	17.3109593	168.407964	126.316710	6.34417370	198.255428	35	19.3739612	5.13990884	160.622151
3	14:29:27	22.75	83.020	28.070	31813.000	29.000	83.090837	17.4075305	169.347447	127.021382	6.37956539	199.361418	35	19.3739612	5.16858241	161.518200
3	14:29:42	23.00	82.330	28.160	31816.000	29.000	82.400572	17.2629198	167.940616	125.966169	6.32656803	197.705251	35	19.3739612	5.12564512	160.176410
3	14:29:57	23.25	82.840	28.100	31847.000	29.000	82.859965	17.3591626	168.876905	126.668446	6.36183940	198.807481	35	19.3739612	5.15422120	161.069413
3	14:30:12	23.50	82.290	28.170	31908.000	29.000	82.324310	17.2469429	167.785187	125.849587	6.32071276	197.522274	35	19.3739612	5.12090131	160.028166
3	14:30:27	23.75	82.030	28.200	31941.000	29.000	82.096041	17.1991206	167.319953	125.500632	6.30318672	196.974585	35	19.3739612	5.10670210	159.584441
