Chamber	Time/hh:mm:ss	Logtime/min	Oxy/% air sat.	Phase/°	Amp	Temp/°C	% air-sat.	% oxygen	pO2 (hPa)	pO2 (Torr)	cO2 [mg/L]	cO2 [µmol/L]	Salinity	chlorinity	SalCorcO2 [mg/L]	SalCorcO2 [µmol/L]
10	11:51:48	0.00	95.960	27.050	34703.000	26.000	96.001334	20.1122794	196.959507	147.732188	7.76758119	242.736912	35	19.3739612	6.33763752	198.051173
10	11:52:00	0.20	95.920	27.050	34689.000	26.000	96.001334	20.1122794	196.959507	147.732188	7.76758119	242.736912	35	19.3739612	6.33763752	198.051173
10	11:52:15	0.45	96.300	27.010	34703.000	26.000	96.366253	20.1887300	197.708188	148.293746	7.79710724	243.659601	35	19.3739612	6.36172808	198.804003
10	11:52:30	0.70	95.580	27.090	34725.000	26.000	95.638125	20.0361871	196.214335	147.173261	7.73819350	241.818547	35	19.3739612	6.31365985	197.301870
10	11:52:45	0.95	95.620	27.090	34738.000	26.000	95.638125	20.0361871	196.214335	147.173261	7.73819350	241.818547	35	19.3739612	6.31365985	197.301870
10	11:53:00	1.20	95.450	27.110	34725.000	26.000	95.457158	19.9982746	195.843059	146.894780	7.72355129	241.360978	35	19.3739612	6.30171314	196.928536
10	11:53:15	1.45	96.010	27.040	34731.000	26.000	96.092403	20.1313584	197.146348	147.872330	7.77494970	242.967178	35	19.3739612	6.34364955	198.239048
10	11:53:30	1.70	95.570	27.090	34727.000	26.000	95.638125	20.0361871	196.214335	147.173261	7.73819350	241.818547	35	19.3739612	6.31365985	197.301870
10	11:53:45	1.95	95.700	27.080	34758.000	26.000	95.728767	20.0551767	196.400301	147.312747	7.74552750	242.047734	35	19.3739612	6.31964372	197.488866
10	11:54:00	2.20	95.580	27.090	34784.000	26.000	95.638125	20.0361871	196.214335	147.173261	7.73819350	241.818547	35	19.3739612	6.31365985	197.301870
10	11:54:15	2.45	95.780	27.070	34780.000	26.000	95.819516	20.0741886	196.586484	147.452397	7.75287010	242.277191	35	19.3739612	6.32563462	197.676082
10	11:54:30	2.70	96.070	27.040	34803.000	26.000	96.092403	20.1313584	197.146348	147.872330	7.77494970	242.967178	35	19.3739612	6.34364955	198.239048
10	11:54:45	2.95	95.600	27.090	34802.000	26.000	95.638125	20.0361871	196.214335	147.173261	7.73819350	241.818547	35	19.3739612	6.31365985	197.301870
10	11:55:00	3.20	95.060	27.150	34805.000	26.000	95.096495	19.9227157	195.103110	146.339772	7.69436962	240.449051	35	19.3739612	6.27790356	196.184486
10	11:55:15	3.45	95.240	27.130	34801.000	26.000	95.276615	19.9604509	195.472651	146.616951	7.70894337	240.904480	35	19.3739612	6.28979441	196.556075
10	11:55:30	3.70	95.530	27.100	34838.000	26.000	95.547588	20.0172198	196.028588	147.033939	7.73086811	241.589628	35	19.3739612	6.30768300	197.115094
10	11:55:45	3.95	95.660	27.080	34858.000	26.000	95.728767	20.0551767	196.400301	147.312747	7.74552750	242.047734	35	19.3739612	6.31964372	197.488866
10	11:56:00	4.20	95.210	27.130	34903.000	26.000	95.276615	19.9604509	195.472651	146.616951	7.70894337	240.904480	35	19.3739612	6.28979441	196.556075
10	11:56:15	4.45	95.110	27.140	34882.000	26.000	95.186503	19.9415723	195.287773	146.478280	7.70165223	240.676632	35	19.3739612	6.28384550	196.370172
10	11:56:30	4.70	95.130	27.140	34901.000	26.000	95.186503	19.9415723	195.287773	146.478280	7.70165223	240.676632	35	19.3739612	6.28384550	196.370172
10	11:56:45	4.95	95.030	27.150	34901.000	26.000	95.096495	19.9227157	195.103110	146.339772	7.69436962	240.449051	35	19.3739612	6.27790356	196.184486
10	11:57:00	5.20	94.970	27.160	34908.000	26.000	95.006593	19.9038812	194.918664	146.201425	7.68709554	240.221736	35	19.3739612	6.27196857	195.999018
10	11:57:15	5.45	94.560	27.200	34929.000	26.000	94.648035	19.8287632	194.183034	145.649656	7.65808415	239.315130	35	19.3739612	6.24829792	195.259310
10	11:57:30	5.70	94.950	27.160	34964.000	26.000	95.006593	19.9038812	194.918664	146.201425	7.68709554	240.221736	35	19.3739612	6.27196857	195.999018
10	11:57:45	5.95	94.660	27.190	34974.000	26.000	94.737517	19.8475098	194.366619	145.787356	7.66532428	239.541384	35	19.3739612	6.25420521	195.443913
10	11:58:00	6.20	94.920	27.160	35010.000	26.000	95.006593	19.9038812	194.918664	146.201425	7.68709554	240.221736	35	19.3739612	6.27196857	195.999018
10	11:58:15	6.45	94.460	27.220	35020.000	26.000	94.469383	19.7913358	193.816507	145.374737	7.64362924	238.863414	35	19.3739612	6.23650404	194.890751
10	11:58:30	6.70	94.470	27.210	35044.000	26.000	94.558657	19.8100386	193.999663	145.512116	7.65085247	239.089140	35	19.3739612	6.24239754	195.074923
10	11:58:45	6.95	93.900	27.280	35017.000	26.000	93.935925	19.6795763	192.722046	144.553822	7.60046651	237.514579	35	19.3739612	6.20128719	193.790225
10	11:59:00	7.20	94.070	27.260	35053.000	26.000	94.113330	19.7167425	193.086015	144.826822	7.61482053	237.963141	35	19.3739612	6.21299876	194.156211
10	11:59:15	7.45	93.720	27.300	35088.000	26.000	93.758934	19.6424966	192.358925	144.281457	7.58614593	237.067060	35	19.3739612	6.18960290	193.425091
10	11:59:30	7.70	94.010	27.270	35110.000	26.000	94.024575	19.6981486	192.903925	144.690242	7.60763934	237.738729	35	19.3739612	6.20713956	193.973111
10	11:59:45	7.95	94.300	27.230	35138.000	26.000	94.380214	19.7726548	193.633564	145.237518	7.63641445	238.637951	35	19.3739612	6.23061743	194.706795
10	12:00:00	8.20	93.960	27.270	35148.000	26.000	94.024575	19.6981486	192.903925	144.690242	7.60763934	237.738729	35	19.3739612	6.20713956	193.973111
10	12:00:15	8.45	93.550	27.320	35178.000	26.000	93.582354	19.6055032	191.996648	144.009727	7.57185868	236.620584	35	19.3739612	6.17794581	193.060807
10	12:00:30	8.70	93.800	27.290	35181.000	26.000	93.847378	19.6610256	192.540380	144.417560	7.59330205	237.290689	35	19.3739612	6.19544164	193.607551
10	12:00:45	8.95	93.700	27.300	35190.000	26.000	93.758934	19.6424966	192.358925	144.281457	7.58614593	237.067060	35	19.3739612	6.18960290	193.425091
10	12:01:00	9.20	93.870	27.280	35210.000	26.000	93.935925	19.6795763	192.722046	144.553822	7.60046651	237.514579	35	19.3739612	6.20128719	193.790225
10	12:01:15	9.45	92.930	27.390	35257.000	26.000	92.967552	19.4767022	190.735301	143.063636	7.52211436	235.066074	35	19.3739612	6.13735898	191.792468
10	12:01:30	9.70	93.220	27.360	35241.000	26.000	93.230426	19.5317743	191.274621	143.468161	7.54338377	235.730743	35	19.3739612	6.15471288	192.334778
10	12:01:45	9.95	93.160	27.360	35254.000	26.000	93.230426	19.5317743	191.274621	143.468161	7.54338377	235.730743	35	19.3739612	6.15471288	192.334778
10	12:02:00	10.20	93.140	27.370	35287.000	26.000	93.142700	19.5133956	191.094639	143.333163	7.53628572	235.508929	35	19.3739612	6.14892153	192.153798
10	12:02:15	10.45	93.260	27.350	35311.000	26.000	93.318255	19.5501743	191.454813	143.603316	7.55049008	235.952815	35	19.3739612	6.16051098	192.515968
10	12:02:30	10.70	92.990	27.380	35334.000	26.000	93.055075	19.4950383	190.914866	143.198321	7.52919592	235.287373	35	19.3739612	6.14313689	191.973028
10	12:02:45	10.95	92.680	27.420	35347.000	26.000	92.705593	19.4218218	190.197858	142.660519	7.50091894	234.403717	35	19.3739612	6.12006546	191.252046
10	12:03:00	11.20	92.820	27.400	35381.000	26.000	92.880131	19.4583875	190.555945	142.929108	7.51504101	234.845032	35	19.3739612	6.13158778	191.612118
10	12:03:15	11.45	92.670	27.420	35387.000	26.000	92.705593	19.4218218	190.197858	142.660519	7.50091894	234.403717	35	19.3739612	6.12006546	191.252046
10	12:03:30	11.70	92.990	27.380	35392.000	26.000	93.055075	19.4950383	190.914866	143.198321	7.52919592	235.287373	35	19.3739612	6.14313689	191.973028
10	12:03:45	11.95	92.820	27.400	35430.000	26.000	92.880131	19.4583875	190.555945	142.929108	7.51504101	234.845032	35	19.3739612	6.13158778	191.612118
10	12:04:00	12.20	92.370	27.450	35435.000	26.000	92.444545	19.3671322	189.662282	142.258803	7.47979721	233.743663	35	19.3739612	6.10283205	190.713502
10	12:04:15	12.45	92.500	27.440	35450.000	26.000	92.531460	19.3853409	189.840600	142.392553	7.48682962	233.963426	35	19.3739612	6.10856986	190.892808
10	12:04:30	12.70	92.290	27.460	35488.000	26.000	92.357731	19.3489445	189.484170	142.125208	7.47277294	233.524154	35	19.3739612	6.09710089	190.534403
10	12:04:45	12.95	91.940	27.500	35529.000	26.000	92.011477	19.2764044	188.773785	141.592374	7.44475715	232.648661	35	19.3739612	6.07424256	189.820080
10	12:05:00	13.20	91.770	27.520	35508.000	26.000	91.838950	19.2402601	188.419824	141.326881	7.43079784	232.212432	35	19.3739612	6.06285304	189.464157
10	12:05:15	13.45	92.040	27.490	35537.000	26.000	92.097890	19.2945079	188.951073	141.725351	7.45174893	232.867154	35	19.3739612	6.07994722	189.998351
10	12:05:30	13.70	91.920	27.510	35558.000	26.000	91.925164	19.2583218	188.596702	141.459551	7.43777345	232.430420	35	19.3739612	6.06854450	189.642016
10	12:05:45	13.95	91.740	27.530	35576.000	26.000	91.752837	19.2222193	188.243151	141.194365	7.42383029	231.994696	35	19.3739612	6.05716815	189.286505
10	12:06:00	14.20	91.460	27.560	35615.000	26.000	91.495093	19.1682220	187.714355	140.797734	7.40297591	231.342997	35	19.3739612	6.04015288	188.754778
10	12:06:15	14.45	91.340	27.570	35638.000	26.000	91.409377	19.1502644	187.538496	140.665829	7.39604051	231.126266	35	19.3739612	6.03449423	188.577945
10	12:06:30	14.70	91.350	27.570	35632.000	26.000	91.409377	19.1502644	187.538496	140.665829	7.39604051	231.126266	35	19.3739612	6.03449423	188.577945
10	12:06:45	14.95	91.170	27.590	35668.000	26.000	91.238241	19.1144114	187.187388	140.402475	7.38219371	230.693553	35	19.3739612	6.02319650	188.224891
10	12:07:00	15.20	91.340	27.570	35667.000	26.000	91.409377	19.1502644	187.538496	140.665829	7.39604051	231.126266	35	19.3739612	6.03449423	188.577945
10	12:07:15	15.45	91.050	27.610	35695.000	26.000	91.067500	19.0786412	186.837090	140.139729	7.36837884	230.261839	35	19.3739612	6.01192483	187.872651
10	12:07:30	15.70	90.870	27.630	35713.000	26.000	90.897152	19.0429533	186.487599	139.877589	7.35459581	229.831119	35	19.3739612	6.00067913	187.521223
10	12:07:45	15.95	90.670	27.650	35726.000	26.000	90.727197	19.0073477	186.138913	139.616052	7.34084452	229.401391	35	19.3739612	5.98945934	187.170604
10	12:08:00	16.20	90.990	27.610	35763.000	26.000	91.067500	19.0786412	186.837090	140.139729	7.36837884	230.261839	35	19.3739612	6.01192483	187.872651
10	12:08:15	16.45	90.510	27.670	35773.000	26.000	90.557633	18.9718240	185.791030	139.355118	7.32712489	228.972653	35	19.3739612	5.97826537	186.820793
10	12:08:30	16.70	90.730	27.640	35812.000	26.000	90.812125	19.0251403	186.313156	139.746745	7.34771620	229.616131	35	19.3739612	5.99506600	187.345813
10	12:08:45	16.95	90.630	27.660	35822.000	26.000	90.642366	18.9895756	185.964871	139.485510	7.33398076	229.186899	35	19.3739612	5.98385913	186.995598
10	12:09:00	17.20	90.350	27.690	35825.000	26.000	90.388458	18.9363820	185.443947	139.094783	7.31343681	228.544900	35	19.3739612	5.96709715	186.471786
10	12:09:15	17.45	90.450	27.680	35833.000	26.000	90.472997	18.9540928	185.617388	139.224875	7.32027691	228.758654	35	19.3739612	5.97267805	186.646189
10	12:09:30	17.70	90.130	27.720	35868.000	26.000	90.135426	18.8833718	184.924817	138.705403	7.29296367	227.905115	35	19.3739612	5.95039293	185.949779
10	12:09:45	17.95	90.530	27.670	35882.000	26.000	90.557633	18.9718240	185.791030	139.355118	7.32712489	228.972653	35	19.3739612	5.97826537	186.820793
10	12:10:00	18.20	90.270	27.700	35918.000	26.000	90.304017	18.9186916	185.270705	138.964840	7.30660458	228.331393	35	19.3739612	5.96152267	186.297583
10	12:10:15	18.45	90.320	27.690	35943.000	26.000	90.388458	18.9363820	185.443947	139.094783	7.31343681	228.544900	35	19.3739612	5.96709715	186.471786
10	12:10:30	18.70	89.950	27.740	35931.000	26.000	89.967222	18.8481330	184.579724	138.446561	7.27935408	227.479815	35	19.3739612	5.93928875	185.602773
10	12:10:45	18.95	89.520	27.790	35974.000	26.000	89.548398	18.7603895	183.720452	137.802052	7.24546657	226.420830	35	19.3739612	5.91163963	184.738738
10	12:11:00	19.20	89.690	27.770	35984.000	26.000	89.715639	18.7954265	184.063569	138.059412	7.25899824	226.843695	35	19.3739612	5.92268024	185.083757
10	12:11:15	19.45	89.800	27.750	36012.000	26.000	89.883265	18.8305440	184.407475	138.317363	7.27256101	227.267531	35	19.3739612	5.93374622	185.429569
