Chamber	Time/hh:mm:ss	Logtime/min	Oxy/% air sat.	Phase/°	Amp	Temp/°C	% air-sat.	% oxygen	pO2 (hPa)	pO2 (Torr)	cO2 [mg/L]	cO2 [µmol/L]	Salinity	chlorinity	SalCorcO2 [mg/L]	SalCorcO2 [µmol/L]
7	10:13:39	0.00	93.690	28.010	32188.000	22.000	93.754916	19.6416549	193.763604	145.335056	8.16731059	255.228456	35	19.3739612	6.67041321	208.450413
7	10:13:41	0.03	94.110	27.960	32173.000	22.000	94.191016	19.7330179	194.664893	146.011081	8.20530075	256.415648	35	19.3739612	6.70144056	209.420018
7	10:13:50	0.18	93.940	27.980	32170.000	22.000	94.016278	19.6964102	194.303761	145.740209	8.19007872	255.939960	35	19.3739612	6.68900841	209.031513
7	10:14:05	0.43	93.740	28.010	32184.000	22.000	93.754916	19.6416549	193.763604	145.335056	8.16731059	255.228456	35	19.3739612	6.67041321	208.450413
7	10:14:20	0.68	93.800	28.000	32210.000	22.000	93.841937	19.6598859	193.943451	145.469953	8.17489133	255.465354	35	19.3739612	6.67660455	208.643892
7	10:14:35	0.93	93.930	27.980	32192.000	22.000	94.016278	19.6964102	194.303761	145.740209	8.19007872	255.939960	35	19.3739612	6.68900841	209.031513
7	10:14:50	1.18	94.260	27.950	32197.000	22.000	94.278535	19.7513530	194.845768	146.146748	8.21292478	256.653900	35	19.3739612	6.70766728	209.614602
7	10:15:05	1.43	93.700	28.010	32180.000	22.000	93.754916	19.6416549	193.763604	145.335056	8.16731059	255.228456	35	19.3739612	6.67041321	208.450413
7	10:15:20	1.68	93.780	28.000	32179.000	22.000	93.841937	19.6598859	193.943451	145.469953	8.17489133	255.465354	35	19.3739612	6.67660455	208.643892
7	10:15:35	1.93	93.440	28.040	32208.000	22.000	93.494445	19.5870862	193.225287	144.931285	8.14462007	254.519377	35	19.3739612	6.65188139	207.871293
7	10:15:50	2.18	93.970	27.980	32226.000	22.000	94.016278	19.6964102	194.303761	145.740209	8.19007872	255.939960	35	19.3739612	6.68900841	209.031513
7	10:16:05	2.43	93.940	27.980	32234.000	22.000	94.016278	19.6964102	194.303761	145.740209	8.19007872	255.939960	35	19.3739612	6.68900841	209.031513
7	10:16:20	2.68	93.640	28.020	32246.000	22.000	93.667994	19.6234446	193.583961	145.200312	8.15973848	254.991827	35	19.3739612	6.66422891	208.257153
7	10:16:35	2.93	94.050	27.970	32224.000	22.000	94.103597	19.7147036	194.484224	145.875567	8.19768539	256.177669	35	19.3739612	6.69522095	209.225655
7	10:16:50	3.18	93.690	28.010	32239.000	22.000	93.754916	19.6416549	193.763604	145.335056	8.16731059	255.228456	35	19.3739612	6.67041321	208.450413
7	10:17:05	3.43	93.940	27.980	32236.000	22.000	94.016278	19.6964102	194.303761	145.740209	8.19007872	255.939960	35	19.3739612	6.68900841	209.031513
7	10:17:20	3.68	93.790	28.000	32249.000	22.000	93.841937	19.6598859	193.943451	145.469953	8.17489133	255.465354	35	19.3739612	6.67660455	208.643892
7	10:17:35	3.93	92.870	28.110	32273.000	22.000	92.890122	19.4604805	191.976330	143.994487	8.09197541	252.874232	35	19.3739612	6.60888539	206.527669
7	10:17:50	4.18	93.210	28.070	32291.000	22.000	93.234861	19.5327033	192.688804	144.528888	8.12200681	253.812713	35	19.3739612	6.63341267	207.294146
7	10:18:05	4.43	93.490	28.040	32288.000	22.000	93.494445	19.5870862	193.225287	144.931285	8.14462007	254.519377	35	19.3739612	6.65188139	207.871293
7	10:18:20	4.68	93.260	28.060	32281.000	22.000	93.321291	19.5508104	192.867428	144.662868	8.12953600	254.048000	35	19.3739612	6.63956191	207.486310
7	10:18:35	4.93	93.060	28.090	32274.000	22.000	93.062296	19.4965509	192.332163	144.261384	8.10697406	253.342940	35	19.3739612	6.62113511	206.910472
7	10:18:50	5.18	93.130	28.080	32281.000	22.000	93.148529	19.5146169	192.510382	144.395060	8.11448617	253.577693	35	19.3739612	6.62727040	207.102200
7	10:19:05	5.43	93.140	28.080	32327.000	22.000	93.148529	19.5146169	192.510382	144.395060	8.11448617	253.577693	35	19.3739612	6.62727040	207.102200
7	10:19:20	5.68	93.090	28.080	32350.000	22.000	93.148529	19.5146169	192.510382	144.395060	8.11448617	253.577693	35	19.3739612	6.62727040	207.102200
7	10:19:35	5.93	92.690	28.130	32337.000	22.000	92.718338	19.4244918	191.621304	143.728195	8.07701075	252.406586	35	19.3739612	6.59666344	206.145733
7	10:19:50	6.18	92.840	28.110	32358.000	22.000	92.890122	19.4604805	191.976330	143.994487	8.09197541	252.874232	35	19.3739612	6.60888539	206.527669
7	10:20:05	6.43	92.430	28.160	32371.000	22.000	92.461392	19.3706616	191.090272	143.329887	8.05462727	251.707102	35	19.3739612	6.57838239	205.574450
7	10:20:20	6.68	92.710	28.130	32381.000	22.000	92.718338	19.4244918	191.621304	143.728195	8.07701075	252.406586	35	19.3739612	6.59666344	206.145733
7	10:20:35	6.93	92.570	28.140	32388.000	22.000	92.632592	19.4065281	191.444093	143.595275	8.06954113	252.173160	35	19.3739612	6.59056285	205.955089
7	10:20:50	7.18	92.710	28.130	32391.000	22.000	92.718338	19.4244918	191.621304	143.728195	8.07701075	252.406586	35	19.3739612	6.59666344	206.145733
7	10:21:05	7.43	92.790	28.120	32388.000	22.000	92.804181	19.4424760	191.798717	143.861266	8.08448884	252.640276	35	19.3739612	6.60277095	206.336592
7	10:21:20	7.68	92.650	28.130	32399.000	22.000	92.718338	19.4244918	191.621304	143.728195	8.07701075	252.406586	35	19.3739612	6.59666344	206.145733
7	10:21:35	7.93	92.210	28.180	32420.000	22.000	92.290579	19.3348762	190.737252	143.065100	8.03974716	251.242099	35	19.3739612	6.56622949	205.194672
7	10:21:50	8.18	92.410	28.160	32420.000	22.000	92.461392	19.3706616	191.090272	143.329887	8.05462727	251.707102	35	19.3739612	6.57838239	205.574450
7	10:22:05	8.43	92.320	28.170	32445.000	22.000	92.375937	19.3527588	190.913663	143.197419	8.04718301	251.474469	35	19.3739612	6.57230250	205.384453
7	10:22:20	8.68	92.530	28.150	32462.000	22.000	92.546943	19.3885847	191.267083	143.462506	8.06207998	251.939999	35	19.3739612	6.58446917	205.764662
7	10:22:35	8.93	91.990	28.210	32461.000	22.000	92.035083	19.2813498	190.209218	142.669041	8.01749005	250.546564	35	19.3739612	6.54805165	204.626614
7	10:22:50	9.18	92.920	28.100	32428.000	22.000	92.976160	19.4785055	192.154145	144.127860	8.09947048	253.108453	35	19.3739612	6.61500678	206.718962
7	10:23:05	9.43	92.590	28.140	32448.000	22.000	92.632592	19.4065281	191.444093	143.595275	8.06954113	252.173160	35	19.3739612	6.59056285	205.955089
7	10:23:20	9.68	92.290	28.180	32486.000	22.000	92.290579	19.3348762	190.737252	143.065100	8.03974716	251.242099	35	19.3739612	6.56622949	205.194672
7	10:23:35	9.93	92.220	28.180	32476.000	22.000	92.290579	19.3348762	190.737252	143.065100	8.03974716	251.242099	35	19.3739612	6.56622949	205.194672
7	10:23:50	10.18	92.490	28.150	32482.000	22.000	92.546943	19.3885847	191.267083	143.462506	8.06207998	251.939999	35	19.3739612	6.58446917	205.764662
7	10:24:05	10.43	92.130	28.190	32512.000	22.000	92.205317	19.3170139	190.561042	142.932931	8.03231973	251.009992	35	19.3739612	6.56016335	205.005105
7	10:24:20	10.68	92.010	28.210	32504.000	22.000	92.035083	19.2813498	190.209218	142.669041	8.01749005	250.546564	35	19.3739612	6.54805165	204.626614
7	10:24:35	10.93	92.050	28.200	32511.000	22.000	92.120152	19.2991718	190.385031	142.800911	8.02490070	250.778147	35	19.3739612	6.55410407	204.815752
7	10:24:50	11.18	91.960	28.210	32573.000	22.000	92.035083	19.2813498	190.209218	142.669041	8.01749005	250.546564	35	19.3739612	6.54805165	204.626614
7	10:25:05	11.43	91.850	28.230	32539.000	22.000	91.865233	19.2457664	189.858190	142.405747	8.00269388	250.084184	35	19.3739612	6.53596730	204.248978
7	10:25:20	11.68	91.510	28.270	32586.000	22.000	91.526683	19.1748402	189.158508	141.880941	7.97320165	249.162551	35	19.3739612	6.51188038	203.496262
7	10:25:35	11.93	91.180	28.310	32570.000	22.000	91.189659	19.1042335	188.461977	141.358498	7.94384226	248.245071	35	19.3739612	6.48790196	202.746936
7	10:25:50	12.18	91.750	28.240	32600.000	22.000	91.780452	19.2280048	189.682973	142.274323	7.99530832	249.853385	35	19.3739612	6.52993536	204.060480
7	10:26:05	12.43	91.340	28.290	32628.000	22.000	91.357981	19.1394970	188.809850	141.619425	7.95850540	248.703294	35	19.3739612	6.49987765	203.121176
7	10:26:20	12.68	91.310	28.290	32613.000	22.000	91.357981	19.1394970	188.809850	141.619425	7.95850540	248.703294	35	19.3739612	6.49987765	203.121176
7	10:26:35	12.93	91.530	28.260	32626.000	22.000	91.611178	19.1925417	189.333132	142.011920	7.98056222	249.392569	35	19.3739612	6.51789191	203.684122
7	10:26:50	13.18	91.340	28.290	32609.000	22.000	91.357981	19.1394970	188.809850	141.619425	7.95850540	248.703294	35	19.3739612	6.49987765	203.121176
7	10:27:05	13.43	91.370	28.280	32640.000	22.000	91.442285	19.1571586	188.984080	141.750109	7.96584938	248.932793	35	19.3739612	6.50587563	203.308613
7	10:27:20	13.68	91.340	28.290	32665.000	22.000	91.357981	19.1394970	188.809850	141.619425	7.95850540	248.703294	35	19.3739612	6.49987765	203.121176
7	10:27:35	13.93	91.080	28.320	32676.000	22.000	91.105640	19.0866315	188.288335	141.228256	7.93652308	248.016346	35	19.3739612	6.48192423	202.560132
7	10:27:50	14.18	91.670	28.250	32689.000	22.000	91.695767	19.2102632	189.507954	142.143047	7.98793111	249.622847	35	19.3739612	6.52391024	203.872195
7	10:28:05	14.43	90.720	28.360	32716.000	22.000	90.770509	19.0164216	187.595719	140.708749	7.90732868	247.104021	35	19.3739612	6.45808055	201.815017
7	10:28:20	14.68	90.510	28.390	32759.000	22.000	90.520149	18.9639711	187.078299	140.320651	7.88551897	246.422468	35	19.3739612	6.44026811	201.258378
7	10:28:35	14.93	90.530	28.380	32756.000	22.000	90.603508	18.9814350	187.250578	140.449872	7.89278070	246.649397	35	19.3739612	6.44619891	201.443716
7	10:28:50	15.18	91.180	28.310	32797.000	22.000	91.189659	19.1042335	188.461977	141.358498	7.94384226	248.245071	35	19.3739612	6.48790196	202.746936
7	10:29:05	15.43	90.550	28.380	32834.000	22.000	90.603508	18.9814350	187.250578	140.449872	7.89278070	246.649397	35	19.3739612	6.44619891	201.443716
7	10:29:20	15.68	90.460	28.390	32823.000	22.000	90.520149	18.9639711	187.078299	140.320651	7.88551897	246.422468	35	19.3739612	6.44026811	201.258378
7	10:29:35	15.93	89.980	28.450	32824.000	22.000	90.021954	18.8595994	186.048679	139.548371	7.84211955	245.066236	35	19.3739612	6.40482289	200.150715
7	10:29:50	16.18	90.070	28.440	32848.000	22.000	90.104754	18.8769459	186.219801	139.676723	7.84933249	245.291640	35	19.3739612	6.41071385	200.334808
7	10:30:05	16.43	90.010	28.450	32890.000	22.000	90.021954	18.8595994	186.048679	139.548371	7.84211955	245.066236	35	19.3739612	6.40482289	200.150715
7	10:30:20	16.68	89.950	28.450	32880.000	22.000	90.021954	18.8595994	186.048679	139.548371	7.84211955	245.066236	35	19.3739612	6.40482289	200.150715
7	10:30:35	16.93	89.810	28.470	32935.000	22.000	89.856634	18.8249648	185.707010	139.292097	7.82771791	244.616185	35	19.3739612	6.39306078	199.783149
7	10:30:50	17.18	89.930	28.460	32903.000	22.000	89.939248	18.8422724	185.877749	139.420162	7.83491469	244.841084	35	19.3739612	6.39893853	199.966829
7	10:31:05	17.43	89.930	28.460	32945.000	22.000	89.939248	18.8422724	185.877749	139.420162	7.83491469	244.841084	35	19.3739612	6.39893853	199.966829
7	10:31:20	17.68	89.860	28.460	32927.000	22.000	89.939248	18.8422724	185.877749	139.420162	7.83491469	244.841084	35	19.3739612	6.39893853	199.966829
7	10:31:35	17.93	89.620	28.490	32958.000	22.000	89.691684	18.7904077	185.366107	139.036398	7.81334854	244.167142	35	19.3739612	6.38132501	199.416407
7	10:31:50	18.18	89.760	28.480	32959.000	22.000	89.774112	18.8076765	185.536463	139.164176	7.82052920	244.391538	35	19.3739612	6.38718960	199.599675
7	10:32:05	18.43	89.770	28.480	32940.000	22.000	89.774112	18.8076765	185.536463	139.164176	7.82052920	244.391538	35	19.3739612	6.38718960	199.599675
7	10:32:20	18.68	89.350	28.530	32994.000	22.000	89.362890	18.7215255	184.686589	138.526716	7.78470622	243.272069	35	19.3739612	6.35793223	198.685382
7	10:32:35	18.93	89.700	28.480	32980.000	22.000	89.774112	18.8076765	185.536463	139.164176	7.82052920	244.391538	35	19.3739612	6.38718960	199.599675
7	10:32:50	19.18	89.700	28.480	33003.000	22.000	89.774112	18.8076765	185.536463	139.164176	7.82052920	244.391538	35	19.3739612	6.38718960	199.599675
7	10:33:05	19.43	89.020	28.570	33010.000	22.000	89.035565	18.6529509	184.010105	138.019311	7.75619184	242.380995	35	19.3739612	6.33464394	197.957623
7	10:33:20	19.68	89.590	28.500	33034.000	22.000	89.609347	18.7731582	185.195942	138.908764	7.80617593	243.942998	35	19.3739612	6.37546699	199.233343
