Chamber	Time/hh:mm:ss	Logtime/min	Oxy/% air sat.	Phase/°	Amp	Temp/°C	% air-sat.	% oxygen	pO2 (hPa)	pO2 (Torr)	cO2 [mg/L]	cO2 [µmol/L]	Salinity	chlorinity	SalCorcO2 [mg/L]	SalCorcO2 [µmol/L]
4	13:32:24	0.00	94.190	26.730	35024.000	29.000	94.262234	19.7479380	192.115872	144.099152	7.23728516	226.165161	35	19.3739612	5.86348795	183.233998
4	13:32:29	0.08	93.930	26.760	35028.000	29.000	93.992476	19.6914237	191.566078	143.686772	7.21657362	225.517926	35	19.3739612	5.84670792	182.709622
4	13:32:44	0.33	93.750	26.780	35007.000	29.000	93.813170	19.6538591	191.200634	143.412666	7.20280683	225.087713	35	19.3739612	5.83555437	182.361074
4	13:32:59	0.58	93.830	26.770	35045.000	29.000	93.902770	19.6726303	191.383247	143.549637	7.20968615	225.302692	35	19.3739612	5.84112784	182.535245
4	13:33:14	0.83	93.530	26.810	35062.000	29.000	93.545007	19.5976789	190.654091	143.002723	7.18221774	224.444304	35	19.3739612	5.81887354	181.839798
4	13:33:29	1.08	94.430	26.710	34948.000	29.000	94.442607	19.7857262	192.483490	144.374890	7.25113389	226.597934	35	19.3739612	5.87470788	183.584621
4	13:33:44	1.33	93.640	26.790	35044.000	29.000	93.723676	19.6351102	191.018237	143.275856	7.19593566	224.872990	35	19.3739612	5.82998750	182.187109
4	13:33:59	1.58	93.260	26.840	35075.000	29.000	93.277795	19.5416980	190.109486	142.594235	7.16170167	223.803177	35	19.3739612	5.80225188	181.320371
4	13:34:14	1.83	93.690	26.790	35090.000	29.000	93.723676	19.6351102	191.018237	143.275856	7.19593566	224.872990	35	19.3739612	5.82998750	182.187109
4	13:34:29	2.08	93.710	26.790	35098.000	29.000	93.723676	19.6351102	191.018237	143.275856	7.19593566	224.872990	35	19.3739612	5.82998750	182.187109
4	13:34:44	2.33	93.640	26.790	35102.000	29.000	93.723676	19.6351102	191.018237	143.275856	7.19593566	224.872990	35	19.3739612	5.82998750	182.187109
4	13:34:59	2.58	93.250	26.840	35121.000	29.000	93.277795	19.5416980	190.109486	142.594235	7.16170167	223.803177	35	19.3739612	5.80225188	181.320371
4	13:35:14	2.83	92.890	26.880	35155.000	29.000	92.922984	19.4673651	189.386346	142.051834	7.13445995	222.951874	35	19.3739612	5.78018124	180.630664
4	13:35:29	3.08	93.360	26.830	35158.000	29.000	93.366760	19.5603362	190.290806	142.730236	7.16853227	224.016633	35	19.3739612	5.80778588	181.493309
4	13:35:44	3.33	93.450	26.820	35175.000	29.000	93.455831	19.5789965	190.472341	142.866399	7.17537095	224.230342	35	19.3739612	5.81332643	181.666451
4	13:35:59	3.58	92.940	26.870	35218.000	29.000	93.011529	19.4859154	189.566810	142.187194	7.14125831	223.164322	35	19.3739612	5.78568912	180.802785
4	13:36:14	3.83	92.630	26.910	35237.000	29.000	92.657975	19.4118457	188.846231	141.646713	7.11411301	222.316032	35	19.3739612	5.76369660	180.115519
4	13:36:29	4.08	92.710	26.900	35254.000	29.000	92.746207	19.4303303	189.026056	141.781594	7.12088732	222.527729	35	19.3739612	5.76918499	180.287031
4	13:36:44	4.33	92.560	26.920	35260.000	29.000	92.569847	19.3933829	188.666617	141.511991	7.10734670	222.104585	35	19.3739612	5.75821469	179.944209
4	13:36:59	4.58	92.640	26.910	35274.000	29.000	92.657975	19.4118457	188.846231	141.646713	7.11411301	222.316032	35	19.3739612	5.76369660	180.115519
4	13:37:14	4.83	92.390	26.940	35342.000	29.000	92.393902	19.3565225	188.308025	141.243024	7.09383802	221.682438	35	19.3739612	5.74727025	179.602195
4	13:37:29	5.08	92.620	26.910	35331.000	29.000	92.657975	19.4118457	188.846231	141.646713	7.11411301	222.316032	35	19.3739612	5.76369660	180.115519
4	13:37:44	5.33	92.070	26.970	35374.000	29.000	92.130763	19.3013948	187.771720	140.840761	7.07363464	221.051082	35	19.3739612	5.73090192	179.090685
4	13:37:59	5.58	92.570	26.910	35413.000	29.000	92.657975	19.4118457	188.846231	141.646713	7.11411301	222.316032	35	19.3739612	5.76369660	180.115519
4	13:38:14	5.83	91.760	27.010	35424.000	29.000	91.781354	19.2281937	187.059590	140.306618	7.04680765	220.212739	35	19.3739612	5.70916729	178.411478
4	13:38:29	6.08	91.690	27.020	35453.000	29.000	91.694259	19.2099472	186.882080	140.173475	7.04012062	220.003769	35	19.3739612	5.70374961	178.242175
4	13:38:44	6.33	91.810	27.000	35460.000	29.000	91.868552	19.2464616	187.237308	140.439918	7.05350255	220.421955	35	19.3739612	5.71459135	178.580980
4	13:38:59	6.58	91.760	27.010	35473.000	29.000	91.781354	19.2281937	187.059590	140.306618	7.04680765	220.212739	35	19.3739612	5.70916729	178.411478
4	13:39:14	6.83	91.550	27.030	35525.000	29.000	91.607266	19.1917221	186.704780	140.040488	7.03344145	219.795045	35	19.3739612	5.69833829	178.073072
4	13:39:29	7.08	91.310	27.060	35526.000	29.000	91.346899	19.1371754	186.174128	139.642465	7.01345101	219.170344	35	19.3739612	5.68214248	177.566952
4	13:39:44	7.33	91.220	27.070	35570.000	29.000	91.260314	19.1190359	185.997659	139.510103	7.00680317	218.962599	35	19.3739612	5.67675655	177.398642
4	13:39:59	7.58	91.130	27.080	35564.000	29.000	91.173831	19.1009176	185.821398	139.377895	7.00016314	218.755098	35	19.3739612	5.67137695	177.230530
4	13:40:14	7.83	90.940	27.100	35607.000	29.000	91.001169	19.0647449	185.469495	139.113946	6.98690645	218.340827	35	19.3739612	5.66063667	176.894896
4	13:40:29	8.08	91.290	27.060	35619.000	29.000	91.346899	19.1371754	186.174128	139.642465	7.01345101	219.170344	35	19.3739612	5.68214248	177.566952
4	13:40:44	8.33	91.060	27.090	35637.000	29.000	91.087449	19.0828207	185.645343	139.245843	6.99353091	218.547841	35	19.3739612	5.66600365	177.062614
4	13:40:59	8.58	90.910	27.110	35685.000	29.000	90.914990	19.0466904	185.293853	138.982203	6.98028976	218.134055	35	19.3739612	5.65527597	176.727374
4	13:41:14	8.83	90.510	27.150	35693.000	29.000	90.571282	18.9746835	184.593342	138.456775	6.95390048	217.309390	35	19.3739612	5.63389596	176.059249
4	13:41:29	9.08	90.450	27.160	35736.000	29.000	90.485606	18.9567345	184.418726	138.325802	6.94732247	217.103827	35	19.3739612	5.62856660	175.892706
4	13:41:44	9.33	90.390	27.170	35761.000	29.000	90.400031	18.9388065	184.244315	138.194983	6.94075216	216.898505	35	19.3739612	5.62324348	175.726359
4	13:41:59	9.58	90.610	27.140	35756.000	29.000	90.657058	18.9926536	184.768162	138.587901	6.96048621	217.515194	35	19.3739612	5.63923157	176.225987
4	13:42:14	9.83	90.100	27.200	35799.000	29.000	90.143906	18.8851482	183.722306	137.803443	6.92108731	216.283978	35	19.3739612	5.60731146	175.228483
4	13:42:29	10.08	90.280	27.180	35807.000	29.000	90.314556	18.9208995	184.070109	138.064317	6.93418953	216.693423	35	19.3739612	5.61792659	175.560206
4	13:42:44	10.33	89.980	27.210	35841.000	29.000	90.058730	18.8673040	183.548710	137.673235	6.91454768	216.079615	35	19.3739612	5.60201320	175.062912
4	13:42:59	10.58	89.940	27.220	35887.000	29.000	89.973654	18.8494805	183.375316	137.543178	6.90801570	215.875491	35	19.3739612	5.59672113	174.897535
4	13:43:14	10.83	89.830	27.230	35914.000	29.000	89.888677	18.8316779	183.202125	137.413274	6.90149134	215.671605	35	19.3739612	5.59143524	174.732351
4	13:43:29	11.08	89.820	27.230	35918.000	29.000	89.888677	18.8316779	183.202125	137.413274	6.90149134	215.671605	35	19.3739612	5.59143524	174.732351
4	13:43:44	11.33	89.890	27.220	35979.000	29.000	89.973654	18.8494805	183.375316	137.543178	6.90801570	215.875491	35	19.3739612	5.59672113	174.897535
4	13:43:59	11.58	89.560	27.260	35965.000	29.000	89.634343	18.7783948	182.683765	137.024471	6.88196396	215.061374	35	19.3739612	5.57561459	174.237956
4	13:44:14	11.83	89.500	27.270	35976.000	29.000	89.549762	18.7606751	182.511382	136.895172	6.87547002	214.858438	35	19.3739612	5.57035335	174.073542
4	13:44:29	12.08	89.220	27.300	36022.000	29.000	89.296612	18.7076402	181.995437	136.508181	6.85603361	214.251050	35	19.3739612	5.55460639	173.581450
4	13:44:44	12.33	89.120	27.320	36013.000	29.000	89.128336	18.6723865	181.652474	136.250937	6.84311372	213.847304	35	19.3739612	5.54413899	173.254343
4	13:44:59	12.58	88.800	27.350	36074.000	29.000	88.876657	18.6196597	181.139527	135.866194	6.82379026	213.243446	35	19.3739612	5.52848355	172.765111
4	13:45:14	12.83	89.100	27.320	36125.000	29.000	89.128336	18.6723865	181.652474	136.250937	6.84311372	213.847304	35	19.3739612	5.54413899	173.254343
4	13:45:29	13.08	88.700	27.370	36131.000	29.000	88.709359	18.5846107	180.798556	135.610444	6.81094539	212.842044	35	19.3739612	5.51807692	172.439904
4	13:45:44	13.33	88.110	27.440	36139.000	29.000	88.126869	18.4625791	179.611384	134.719989	6.76622286	211.444464	35	19.3739612	5.48184372	171.307616
4	13:45:59	13.58	88.700	27.370	36089.000	29.000	88.709359	18.5846107	180.798556	135.610444	6.81094539	212.842044	35	19.3739612	5.51807692	172.439904
4	13:46:14	13.83	88.600	27.380	36202.000	29.000	88.625856	18.5671168	180.628368	135.482792	6.80453416	212.641692	35	19.3739612	5.51288268	172.277584
4	13:46:29	14.08	88.210	27.420	36231.000	29.000	88.292812	18.4973441	179.949591	134.973666	6.77896364	211.842614	35	19.3739612	5.49216601	171.630188
4	13:46:44	14.33	88.220	27.420	36265.000	29.000	88.292812	18.4973441	179.949591	134.973666	6.77896364	211.842614	35	19.3739612	5.49216601	171.630188
4	13:46:59	14.58	87.960	27.450	36288.000	29.000	88.044042	18.4452268	179.442574	134.593371	6.75986356	211.245736	35	19.3739612	5.47669155	171.146611
4	13:47:14	14.83	88.450	27.400	36297.000	29.000	88.459140	18.5321899	180.288585	135.227933	6.79173404	212.241689	35	19.3739612	5.50251231	171.953510
4	13:47:29	15.08	87.410	27.520	36339.000	29.000	87.466935	18.3243229	178.266372	133.711145	6.71555433	209.861073	35	19.3739612	5.44079319	170.024787
4	13:47:44	15.33	87.860	27.470	36331.000	29.000	87.878676	18.4105827	179.105542	134.340575	6.74716707	210.848971	35	19.3739612	5.46640514	170.825161
4	13:47:59	15.58	87.770	27.480	36354.000	29.000	87.796137	18.3932907	178.937319	134.214397	6.74082986	210.650933	35	19.3739612	5.46127087	170.664715
4	13:48:14	15.83	87.860	27.470	36366.000	29.000	87.878676	18.4105827	179.105542	134.340575	6.74716707	210.848971	35	19.3739612	5.46640514	170.825161
4	13:48:29	16.08	87.450	27.520	36380.000	29.000	87.466935	18.3243229	178.266372	133.711145	6.71555433	209.861073	35	19.3739612	5.44079319	170.024787
4	13:48:44	16.33	87.420	27.520	36432.000	29.000	87.466935	18.3243229	178.266372	133.711145	6.71555433	209.861073	35	19.3739612	5.44079319	170.024787
4	13:48:59	16.58	87.500	27.510	36467.000	29.000	87.549093	18.3415349	178.433818	133.836739	6.72186223	210.058195	35	19.3739612	5.44590372	170.184491
4	13:49:14	16.83	86.910	27.580	36489.000	29.000	86.975981	18.2214681	177.265759	132.960621	6.67785976	208.683118	35	19.3739612	5.41025389	169.070434
4	13:49:29	17.08	87.130	27.560	36494.000	29.000	87.139254	18.2556738	177.598526	133.210217	6.69039557	209.074862	35	19.3739612	5.42041013	169.387816
4	13:49:44	17.33	86.900	27.580	36534.000	29.000	86.975981	18.2214681	177.265759	132.960621	6.67785976	208.683118	35	19.3739612	5.41025389	169.070434
4	13:49:59	17.58	86.210	27.670	36565.000	29.000	86.245901	18.0685162	175.777782	131.844543	6.62180548	206.931421	35	19.3739612	5.36483996	167.651249
4	13:50:14	17.83	86.770	27.600	36549.000	29.000	86.813085	18.1873414	176.933761	132.711601	6.66535290	208.292278	35	19.3739612	5.40012111	168.753785
4	13:50:29	18.08	86.290	27.660	36605.000	29.000	86.326647	18.0854326	175.942351	131.967980	6.62800504	207.125158	35	19.3739612	5.36986271	167.808210
4	13:50:44	18.33	86.270	27.660	36639.000	29.000	86.326647	18.0854326	175.942351	131.967980	6.62800504	207.125158	35	19.3739612	5.36986271	167.808210
4	13:50:59	18.58	86.390	27.650	36673.000	29.000	86.407487	18.1023684	176.107110	132.091560	6.63421175	207.319117	35	19.3739612	5.37489124	167.965351
4	13:51:14	18.83	86.360	27.650	36664.000	29.000	86.407487	18.1023684	176.107110	132.091560	6.63421175	207.319117	35	19.3739612	5.37489124	167.965351
4	13:51:29	19.08	86.290	27.660	36704.000	29.000	86.326647	18.0854326	175.942351	131.967980	6.62800504	207.125158	35	19.3739612	5.36986271	167.808210
4	13:51:44	19.33	85.850	27.710	36686.000	29.000	85.923844	18.0010452	175.121397	131.352213	6.59707852	206.158704	35	19.3739612	5.34480672	167.025210
4	13:51:59	19.58	85.780	27.720	36761.000	29.000	85.843561	17.9842260	174.957773	131.229484	6.59091454	205.966079	35	19.3739612	5.33981280	166.869150
4	13:52:14	19.83	86.020	27.690	36736.000	29.000	86.084687	18.0347419	175.449212	131.598095	6.60942777	206.544618	35	19.3739612	5.35481181	167.337869
