Chamber	Time/hh:mm:ss	Logtime/min	Oxy/% air sat.	Phase/°	Amp	Temp/°C	% air-sat.	% oxygen	pO2 (hPa)	pO2 (Torr)	cO2 [mg/L]	cO2 [µmol/L]	Salinity	chlorinity	SalCorcO2 [mg/L]	SalCorcO2 [µmol/L]
10	10:38:59	0.00	95.540	27.800	41886.000	22.000	95.603376	20.0289074	197.583823	148.200464	8.32833629	260.260509	35	19.3739612	6.80192626	212.560196
10	10:39:14	0.25	95.880	27.760	41862.000	22.000	95.960525	20.1037300	198.321944	148.754102	8.35944874	261.232773	35	19.3739612	6.82733645	213.354264
10	10:39:29	0.50	95.440	27.810	41897.000	22.000	95.514345	20.0102552	197.399821	148.062451	8.32058043	260.018139	35	19.3739612	6.79559189	212.362247
10	10:39:44	0.75	95.350	27.820	41852.000	22.000	95.425415	19.9916244	197.216030	147.924596	8.31283346	259.776046	35	19.3739612	6.78926478	212.164524
10	10:39:59	1.00	96.180	27.730	41857.000	22.000	96.229464	20.1600728	198.877761	149.171000	8.38287693	261.964904	35	19.3739612	6.84647074	213.952211
10	10:40:14	1.25	95.540	27.800	41883.000	22.000	95.603376	20.0289074	197.583823	148.200464	8.32833629	260.260509	35	19.3739612	6.80192626	212.560196
10	10:40:29	1.50	95.190	27.840	41848.000	22.000	95.247861	19.9544268	196.849077	147.649358	8.29736609	259.292690	35	19.3739612	6.77663225	211.769758
10	10:40:44	1.75	95.140	27.850	41828.000	22.000	95.159236	19.9358599	196.665916	147.511975	8.28964567	259.051427	35	19.3739612	6.77032682	211.572713
10	10:40:59	2.00	95.380	27.820	41802.000	22.000	95.425415	19.9916244	197.216030	147.924596	8.31283346	259.776046	35	19.3739612	6.78926478	212.164524
10	10:41:14	2.25	95.230	27.840	41884.000	22.000	95.247861	19.9544268	196.849077	147.649358	8.29736609	259.292690	35	19.3739612	6.77663225	211.769758
10	10:41:29	2.50	95.290	27.830	41835.000	22.000	95.336587	19.9730150	197.032448	147.786898	8.30509535	259.534230	35	19.3739612	6.78294490	211.967028
10	10:41:44	2.75	95.300	27.830	41821.000	22.000	95.336587	19.9730150	197.032448	147.786898	8.30509535	259.534230	35	19.3739612	6.78294490	211.967028
10	10:41:59	3.00	96.230	27.720	41896.000	22.000	96.319317	20.1788968	199.063459	149.310286	8.39070427	262.209508	35	19.3739612	6.85286350	214.151984
10	10:42:14	3.25	95.850	27.770	41872.000	22.000	95.871084	20.0849922	198.137096	148.615454	8.35165724	260.989289	35	19.3739612	6.82097297	213.155405
10	10:42:29	3.50	95.580	27.800	41897.000	22.000	95.603376	20.0289074	197.583823	148.200464	8.32833629	260.260509	35	19.3739612	6.80192626	212.560196
10	10:42:44	3.75	95.630	27.790	41920.000	22.000	95.692510	20.0475809	197.768036	148.338636	8.33610103	260.503157	35	19.3739612	6.80826789	212.758372
10	10:42:59	4.00	95.020	27.860	41895.000	22.000	95.070712	19.9173142	196.482964	147.374750	8.28193407	258.810440	35	19.3739612	6.76402860	211.375894
10	10:43:14	4.25	95.310	27.830	41847.000	22.000	95.336587	19.9730150	197.032448	147.786898	8.30509535	259.534230	35	19.3739612	6.78294490	211.967028
10	10:43:29	4.50	95.060	27.860	41860.000	22.000	95.070712	19.9173142	196.482964	147.374750	8.28193407	258.810440	35	19.3739612	6.76402860	211.375894
10	10:43:44	4.75	94.370	27.930	41917.000	22.000	94.453871	19.7880860	195.208137	146.418548	8.22819897	257.131218	35	19.3739612	6.72014202	210.004438
10	10:43:59	5.00	95.380	27.820	41892.000	22.000	95.425415	19.9916244	197.216030	147.924596	8.31283346	259.776046	35	19.3739612	6.78926478	212.164524
10	10:44:14	5.25	95.140	27.850	41885.000	22.000	95.159236	19.9358599	196.665916	147.511975	8.28964567	259.051427	35	19.3739612	6.77032682	211.572713
10	10:44:29	5.50	94.770	27.890	41903.000	22.000	94.805748	19.8618041	195.935361	146.964013	8.25885212	258.089129	35	19.3739612	6.74517709	210.786784
10	10:44:44	5.75	95.580	27.800	41892.000	22.000	95.603376	20.0289074	197.583823	148.200464	8.32833629	260.260509	35	19.3739612	6.80192626	212.560196
10	10:44:59	6.00	95.510	27.810	41939.000	22.000	95.514345	20.0102552	197.399821	148.062451	8.32058043	260.018139	35	19.3739612	6.79559189	212.362247
10	10:45:14	6.25	95.030	27.860	41867.000	22.000	95.070712	19.9173142	196.482964	147.374750	8.28193407	258.810440	35	19.3739612	6.76402860	211.375894
10	10:45:29	6.50	95.210	27.840	41901.000	22.000	95.247861	19.9544268	196.849077	147.649358	8.29736609	259.292690	35	19.3739612	6.77663225	211.769758
10	10:45:44	6.75	94.910	27.870	41906.000	22.000	94.982290	19.8987897	196.300221	147.237681	8.27423129	258.569728	35	19.3739612	6.75773758	211.179299
10	10:45:59	7.00	95.000	27.860	41914.000	22.000	95.070712	19.9173142	196.482964	147.374750	8.28193407	258.810440	35	19.3739612	6.76402860	211.375894
10	10:46:14	7.25	95.180	27.840	41879.000	22.000	95.247861	19.9544268	196.849077	147.649358	8.29736609	259.292690	35	19.3739612	6.77663225	211.769758
10	10:46:29	7.50	95.300	27.830	41961.000	22.000	95.336587	19.9730150	197.032448	147.786898	8.30509535	259.534230	35	19.3739612	6.78294490	211.967028
10	10:46:44	7.75	95.290	27.830	41920.000	22.000	95.336587	19.9730150	197.032448	147.786898	8.30509535	259.534230	35	19.3739612	6.78294490	211.967028
10	10:46:59	8.00	95.360	27.820	41910.000	22.000	95.425415	19.9916244	197.216030	147.924596	8.31283346	259.776046	35	19.3739612	6.78926478	212.164524
10	10:47:14	8.25	94.920	27.870	41890.000	22.000	94.982290	19.8987897	196.300221	147.237681	8.27423129	258.569728	35	19.3739612	6.75773758	211.179299
10	10:47:29	8.50	94.830	27.880	41934.000	22.000	94.893968	19.8802863	196.117687	147.100769	8.26653731	258.329291	35	19.3739612	6.75145375	210.982930
10	10:47:44	8.75	95.270	27.830	41947.000	22.000	95.336587	19.9730150	197.032448	147.786898	8.30509535	259.534230	35	19.3739612	6.78294490	211.967028
10	10:47:59	9.00	94.870	27.880	41934.000	22.000	94.893968	19.8802863	196.117687	147.100769	8.26653731	258.329291	35	19.3739612	6.75145375	210.982930
10	10:48:14	9.25	94.540	27.920	41969.000	22.000	94.541690	19.8064840	195.389632	146.554681	8.23584914	257.370286	35	19.3739612	6.72639007	210.199690
10	10:48:29	9.50	95.000	27.860	41999.000	22.000	95.070712	19.9173142	196.482964	147.374750	8.28193407	258.810440	35	19.3739612	6.76402860	211.375894
10	10:48:44	9.75	94.490	27.920	41951.000	22.000	94.541690	19.8064840	195.389632	146.554681	8.23584914	257.370286	35	19.3739612	6.72639007	210.199690
10	10:48:59	10.00	94.840	27.880	41903.000	22.000	94.893968	19.8802863	196.117687	147.100769	8.26653731	258.329291	35	19.3739612	6.75145375	210.982930
10	10:49:14	10.25	94.940	27.870	41940.000	22.000	94.982290	19.8987897	196.300221	147.237681	8.27423129	258.569728	35	19.3739612	6.75773758	211.179299
10	10:49:29	10.50	94.930	27.870	41985.000	22.000	94.982290	19.8987897	196.300221	147.237681	8.27423129	258.569728	35	19.3739612	6.75773758	211.179299
10	10:49:44	10.75	94.990	27.860	41990.000	22.000	95.070712	19.9173142	196.482964	147.374750	8.28193407	258.810440	35	19.3739612	6.76402860	211.375894
10	10:49:59	11.00	94.610	27.910	42000.000	22.000	94.629609	19.8249030	195.571334	146.690969	8.24350805	257.609626	35	19.3739612	6.73264526	210.395164
10	10:50:14	11.25	94.820	27.880	41984.000	22.000	94.893968	19.8802863	196.117687	147.100769	8.26653731	258.329291	35	19.3739612	6.75145375	210.982930
10	10:50:29	11.50	95.140	27.850	41973.000	22.000	95.159236	19.9358599	196.665916	147.511975	8.28964567	259.051427	35	19.3739612	6.77032682	211.572713
10	10:50:44	11.75	95.070	27.860	41995.000	22.000	95.070712	19.9173142	196.482964	147.374750	8.28193407	258.810440	35	19.3739612	6.76402860	211.375894
10	10:50:59	12.00	94.390	27.930	41975.000	22.000	94.453871	19.7880860	195.208137	146.418548	8.22819897	257.131218	35	19.3739612	6.72014202	210.004438
10	10:51:14	12.25	95.010	27.860	41966.000	22.000	95.070712	19.9173142	196.482964	147.374750	8.28193407	258.810440	35	19.3739612	6.76402860	211.375894
10	10:51:29	12.50	95.220	27.840	42017.000	22.000	95.247861	19.9544268	196.849077	147.649358	8.29736609	259.292690	35	19.3739612	6.77663225	211.769758
10	10:51:44	12.75	94.980	27.870	42017.000	22.000	94.982290	19.8987897	196.300221	147.237681	8.27423129	258.569728	35	19.3739612	6.75773758	211.179299
10	10:51:59	13.00	94.760	27.890	42018.000	22.000	94.805748	19.8618041	195.935361	146.964013	8.25885212	258.089129	35	19.3739612	6.74517709	210.786784
10	10:52:14	13.25	94.740	27.890	42031.000	22.000	94.805748	19.8618041	195.935361	146.964013	8.25885212	258.089129	35	19.3739612	6.74517709	210.786784
10	10:52:29	13.50	94.860	27.880	42039.000	22.000	94.893968	19.8802863	196.117687	147.100769	8.26653731	258.329291	35	19.3739612	6.75145375	210.982930
10	10:52:44	13.75	94.350	27.940	41987.000	22.000	94.366153	19.7697090	195.026849	146.282571	8.22055752	256.892423	35	19.3739612	6.71390109	209.809409
10	10:52:59	14.00	95.000	27.860	42064.000	22.000	95.070712	19.9173142	196.482964	147.374750	8.28193407	258.810440	35	19.3739612	6.76402860	211.375894
10	10:53:14	14.25	94.770	27.890	42014.000	22.000	94.805748	19.8618041	195.935361	146.964013	8.25885212	258.089129	35	19.3739612	6.74517709	210.786784
10	10:53:29	14.50	94.780	27.890	42046.000	22.000	94.805748	19.8618041	195.935361	146.964013	8.25885212	258.089129	35	19.3739612	6.74517709	210.786784
10	10:53:44	14.75	94.520	27.920	42043.000	22.000	94.541690	19.8064840	195.389632	146.554681	8.23584914	257.370286	35	19.3739612	6.72639007	210.199690
10	10:53:59	15.00	94.630	27.900	42045.000	22.000	94.717628	19.8433430	195.753243	146.827413	8.25117570	257.849241	35	19.3739612	6.73890760	210.590862
10	10:54:14	15.25	94.360	27.940	42078.000	22.000	94.366153	19.7697090	195.026849	146.282571	8.22055752	256.892423	35	19.3739612	6.71390109	209.809409
10	10:54:29	15.50	94.750	27.890	42014.000	22.000	94.805748	19.8618041	195.935361	146.964013	8.25885212	258.089129	35	19.3739612	6.74517709	210.786784
10	10:54:44	15.75	94.390	27.930	42012.000	22.000	94.453871	19.7880860	195.208137	146.418548	8.22819897	257.131218	35	19.3739612	6.72014202	210.004438
10	10:54:59	16.00	94.430	27.930	42039.000	22.000	94.453871	19.7880860	195.208137	146.418548	8.22819897	257.131218	35	19.3739612	6.72014202	210.004438
10	10:55:14	16.25	94.080	27.970	42031.000	22.000	94.103597	19.7147036	194.484224	145.875567	8.19768539	256.177669	35	19.3739612	6.69522095	209.225655
10	10:55:29	16.50	94.610	27.910	42121.000	22.000	94.629609	19.8249030	195.571334	146.690969	8.24350805	257.609626	35	19.3739612	6.73264526	210.395164
10	10:55:44	16.75	93.990	27.980	42084.000	22.000	94.016278	19.6964102	194.303761	145.740209	8.19007872	255.939960	35	19.3739612	6.68900841	209.031513
10	10:55:59	17.00	94.270	27.950	42078.000	22.000	94.278535	19.7513530	194.845768	146.146748	8.21292478	256.653900	35	19.3739612	6.70766728	209.614602
10	10:56:14	17.25	94.210	27.950	42075.000	22.000	94.278535	19.7513530	194.845768	146.146748	8.21292478	256.653900	35	19.3739612	6.70766728	209.614602
10	10:56:29	17.50	93.880	27.990	42055.000	22.000	93.929058	19.6781377	194.123503	145.605004	8.18248070	255.702522	35	19.3739612	6.68280295	208.837592
10	10:56:44	17.75	94.420	27.930	42099.000	22.000	94.453871	19.7880860	195.208137	146.418548	8.22819897	257.131218	35	19.3739612	6.72014202	210.004438
10	10:56:59	18.00	94.120	27.960	42070.000	22.000	94.191016	19.7330179	194.664893	146.011081	8.20530075	256.415648	35	19.3739612	6.70144056	209.420018
10	10:57:14	18.25	93.850	27.990	42098.000	22.000	93.929058	19.6781377	194.123503	145.605004	8.18248070	255.702522	35	19.3739612	6.68280295	208.837592
10	10:57:29	18.50	94.530	27.920	42111.000	22.000	94.541690	19.8064840	195.389632	146.554681	8.23584914	257.370286	35	19.3739612	6.72639007	210.199690
10	10:57:44	18.75	94.230	27.950	42126.000	22.000	94.278535	19.7513530	194.845768	146.146748	8.21292478	256.653900	35	19.3739612	6.70766728	209.614602
10	10:57:59	19.00	94.370	27.930	42133.000	22.000	94.453871	19.7880860	195.208137	146.418548	8.22819897	257.131218	35	19.3739612	6.72014202	210.004438
10	10:58:14	19.25	94.350	27.940	42146.000	22.000	94.366153	19.7697090	195.026849	146.282571	8.22055752	256.892423	35	19.3739612	6.71390109	209.809409
10	10:58:29	19.50	93.850	27.990	42168.000	22.000	93.929058	19.6781377	194.123503	145.605004	8.18248070	255.702522	35	19.3739612	6.68280295	208.837592
10	10:58:44	19.75	94.090	27.970	42108.000	22.000	94.103597	19.7147036	194.484224	145.875567	8.19768539	256.177669	35	19.3739612	6.69522095	209.225655
10	10:58:59	20.00	93.850	27.990	42162.000	22.000	93.929058	19.6781377	194.123503	145.605004	8.18248070	255.702522	35	19.3739612	6.68280295	208.837592
10	10:59:14	20.25	93.920	27.990	42151.000	22.000	93.929058	19.6781377	194.123503	145.605004	8.18248070	255.702522	35	19.3739612	6.68280295	208.837592
10	10:59:29	20.50	93.910	27.990	42129.000	22.000	93.929058	19.6781377	194.123503	145.605004	8.18248070	255.702522	35	19.3739612	6.68280295	208.837592
10	10:59:44	20.75	93.720	28.010	42125.000	22.000	93.754916	19.6416549	193.763604	145.335056	8.16731059	255.228456	35	19.3739612	6.67041321	208.450413
10	10:59:59	21.00	93.840	28.000	42149.000	22.000	93.841937	19.6598859	193.943451	145.469953	8.17489133	255.465354	35	19.3739612	6.67660455	208.643892
10	11:00:14	21.25	94.120	27.960	42175.000	22.000	94.191016	19.7330179	194.664893	146.011081	8.20530075	256.415648	35	19.3739612	6.70144056	209.420018
10	11:00:29	21.50	93.720	28.010	42156.000	22.000	93.754916	19.6416549	193.763604	145.335056	8.16731059	255.228456	35	19.3739612	6.67041321	208.450413
10	11:00:44	21.75	93.410	28.040	42168.000	22.000	93.494445	19.5870862	193.225287	144.931285	8.14462007	254.519377	35	19.3739612	6.65188139	207.871293
10	11:00:59	22.00	94.280	27.940	42215.000	22.000	94.366153	19.7697090	195.026849	146.282571	8.22055752	256.892423	35	19.3739612	6.71390109	209.809409
10	11:01:14	22.25	93.910	27.990	42162.000	22.000	93.929058	19.6781377	194.123503	145.605004	8.18248070	255.702522	35	19.3739612	6.68280295	208.837592
10	11:01:29	22.50	93.820	28.000	42177.000	22.000	93.841937	19.6598859	193.943451	145.469953	8.17489133	255.465354	35	19.3739612	6.67660455	208.643892
10	11:01:44	22.75	93.850	27.990	42184.000	22.000	93.929058	19.6781377	194.123503	145.605004	8.18248070	255.702522	35	19.3739612	6.68280295	208.837592
10	11:01:59	23.00	94.020	27.970	42164.000	22.000	94.103597	19.7147036	194.484224	145.875567	8.19768539	256.177669	35	19.3739612	6.69522095	209.225655
