Chamber	Time/hh:mm:ss	Logtime/min	Oxy/% air sat.	Phase/°	Amp	Temp/°C	% air-sat.	% oxygen	pO2 (hPa)	pO2 (Torr)	cO2 [mg/L]	cO2 [µmol/L]	Salinity	chlorinity	SalCorcO2 [mg/L]	SalCorcO2 [µmol/L]
9	8:58:05	0.00	95.290	28.570	35119.000	18.000	95.301516	19.9656677	198.120601	148.603082	8.98651832	280.828697	35	19.3739612	7.30059028	228.143446
9	8:58:14	0.14	95.260	28.570	35159.000	18.000	95.301516	19.9656677	198.120601	148.603082	8.98651832	280.828697	35	19.3739612	7.30059028	228.143446
9	8:58:29	0.39	95.340	28.560	35171.000	18.000	95.388890	19.9839724	198.302240	148.739323	8.99475726	281.086164	35	19.3739612	7.30728354	228.352611
9	8:58:44	0.64	95.020	28.600	35178.000	18.000	95.039981	19.9108759	197.576899	148.195271	8.96185664	280.058020	35	19.3739612	7.28055529	227.517353
9	8:58:59	0.89	96.020	28.480	35182.000	18.000	96.091407	20.1311498	199.762690	149.834754	9.06100158	283.156299	35	19.3739612	7.36110001	230.034375
9	8:59:14	1.14	96.000	28.490	35153.000	18.000	96.003248	20.1126805	199.579418	149.697288	9.05268856	282.896518	35	19.3739612	7.35434657	229.823330
9	8:59:28	1.39	95.630	28.530	35173.000	18.000	95.651597	20.0390096	198.848377	149.148961	9.01952941	281.860294	35	19.3739612	7.32740829	228.981509
9	8:59:44	1.64	96.220	28.460	35151.000	18.000	96.268022	20.1681506	200.129852	150.110148	9.07765559	283.676737	35	19.3739612	7.37462962	230.457176
9	8:59:59	1.89	95.300	28.570	35183.000	18.000	95.301516	19.9656677	198.120601	148.603082	8.98651832	280.828697	35	19.3739612	7.30059028	228.143446
9	9:00:14	2.14	95.490	28.540	35178.000	18.000	95.563930	20.0206434	198.666128	149.012262	9.01126279	281.601962	35	19.3739612	7.32069254	228.771642
9	9:00:28	2.39	95.790	28.510	35156.000	18.000	95.827226	20.0758038	199.213488	149.422817	9.03609043	282.377826	35	19.3739612	7.34086235	229.401948
9	9:00:44	2.64	95.020	28.600	35138.000	18.000	95.039981	19.9108759	197.576899	148.195271	8.96185664	280.058020	35	19.3739612	7.28055529	227.517353
9	9:00:59	2.89	95.380	28.560	35153.000	18.000	95.388890	19.9839724	198.302240	148.739323	8.99475726	281.086164	35	19.3739612	7.30728354	228.352611
9	9:01:14	3.14	95.540	28.540	35162.000	18.000	95.563930	20.0206434	198.666128	149.012262	9.01126279	281.601962	35	19.3739612	7.32069254	228.771642
9	9:01:29	3.39	95.160	28.580	35162.000	18.000	95.214240	19.9473834	197.939164	148.466993	8.97828857	280.571518	35	19.3739612	7.29390449	227.934515
9	9:01:44	3.64	95.670	28.520	35133.000	18.000	95.739362	20.0573964	199.030831	149.285812	9.02780529	282.118915	35	19.3739612	7.33413155	229.191611
9	9:01:59	3.89	95.190	28.580	35204.000	18.000	95.214240	19.9473834	197.939164	148.466993	8.97828857	280.571518	35	19.3739612	7.29390449	227.934515
9	9:02:14	4.14	95.380	28.560	35153.000	18.000	95.388890	19.9839724	198.302240	148.739323	8.99475726	281.086164	35	19.3739612	7.30728354	228.352611
9	9:02:29	4.39	96.020	28.480	35162.000	18.000	96.091407	20.1311498	199.762690	149.834754	9.06100158	283.156299	35	19.3739612	7.36110001	230.034375
9	9:02:44	4.64	95.120	28.590	35136.000	18.000	95.127062	19.9291195	197.757930	148.331056	8.97006802	280.314626	35	19.3739612	7.28722616	227.725818
9	9:02:59	4.89	95.220	28.570	35187.000	18.000	95.301516	19.9656677	198.120601	148.603082	8.98651832	280.828697	35	19.3739612	7.30059028	228.143446
9	9:03:14	5.14	95.570	28.530	35226.000	18.000	95.651597	20.0390096	198.848377	149.148961	9.01952941	281.860294	35	19.3739612	7.32740829	228.981509
9	9:03:28	5.39	95.260	28.570	35172.000	18.000	95.301516	19.9656677	198.120601	148.603082	8.98651832	280.828697	35	19.3739612	7.30059028	228.143446
9	9:03:44	5.64	95.260	28.570	35215.000	18.000	95.301516	19.9656677	198.120601	148.603082	8.98651832	280.828697	35	19.3739612	7.30059028	228.143446
9	9:03:59	5.89	95.530	28.540	35234.000	18.000	95.563930	20.0206434	198.666128	149.012262	9.01126279	281.601962	35	19.3739612	7.32069254	228.771642
9	9:04:14	6.14	95.230	28.570	35196.000	18.000	95.301516	19.9656677	198.120601	148.603082	8.98651832	280.828697	35	19.3739612	7.30059028	228.143446
9	9:04:29	6.39	95.660	28.520	35225.000	18.000	95.739362	20.0573964	199.030831	149.285812	9.02780529	282.118915	35	19.3739612	7.33413155	229.191611
9	9:04:44	6.64	95.450	28.550	35230.000	18.000	95.476361	20.0022976	198.484082	148.875716	9.00300541	281.343919	35	19.3739612	7.31398429	228.562009
9	9:04:59	6.89	95.060	28.590	35224.000	18.000	95.127062	19.9291195	197.757930	148.331056	8.97006802	280.314626	35	19.3739612	7.28722616	227.725818
9	9:05:14	7.14	95.370	28.560	35262.000	18.000	95.388890	19.9839724	198.302240	148.739323	8.99475726	281.086164	35	19.3739612	7.30728354	228.352611
9	9:05:29	7.39	95.140	28.580	35219.000	18.000	95.214240	19.9473834	197.939164	148.466993	8.97828857	280.571518	35	19.3739612	7.29390449	227.934515
9	9:05:44	7.64	95.590	28.530	35213.000	18.000	95.651597	20.0390096	198.848377	149.148961	9.01952941	281.860294	35	19.3739612	7.32740829	228.981509
9	9:05:59	7.89	95.100	28.590	35239.000	18.000	95.127062	19.9291195	197.757930	148.331056	8.97006802	280.314626	35	19.3739612	7.28722616	227.725818
9	9:06:14	8.14	95.070	28.590	35223.000	18.000	95.127062	19.9291195	197.757930	148.331056	8.97006802	280.314626	35	19.3739612	7.28722616	227.725818
9	9:06:29	8.39	95.620	28.530	35260.000	18.000	95.651597	20.0390096	198.848377	149.148961	9.01952941	281.860294	35	19.3739612	7.32740829	228.981509
9	9:06:44	8.64	94.700	28.630	35269.000	18.000	94.779319	19.8562674	197.035015	147.788823	8.93727741	279.289919	35	19.3739612	7.26058728	226.893352
9	9:06:59	8.89	95.360	28.560	35221.000	18.000	95.388890	19.9839724	198.302240	148.739323	8.99475726	281.086164	35	19.3739612	7.30728354	228.352611
9	9:07:14	9.14	95.100	28.590	35251.000	18.000	95.127062	19.9291195	197.757930	148.331056	8.97006802	280.314626	35	19.3739612	7.28722616	227.725818
9	9:07:29	9.39	96.020	28.480	35232.000	18.000	96.091407	20.1311498	199.762690	149.834754	9.06100158	283.156299	35	19.3739612	7.36110001	230.034375
9	9:07:44	9.64	94.990	28.600	35231.000	18.000	95.039981	19.9108759	197.576899	148.195271	8.96185664	280.058020	35	19.3739612	7.28055529	227.517353
9	9:07:59	9.89	95.370	28.560	35259.000	18.000	95.388890	19.9839724	198.302240	148.739323	8.99475726	281.086164	35	19.3739612	7.30728354	228.352611
9	9:08:14	10.14	95.100	28.590	35266.000	18.000	95.127062	19.9291195	197.757930	148.331056	8.97006802	280.314626	35	19.3739612	7.28722616	227.725818
9	9:08:29	10.39	95.290	28.570	35306.000	18.000	95.301516	19.9656677	198.120601	148.603082	8.98651832	280.828697	35	19.3739612	7.30059028	228.143446
9	9:08:44	10.64	95.780	28.510	35256.000	18.000	95.827226	20.0758038	199.213488	149.422817	9.03609043	282.377826	35	19.3739612	7.34086235	229.401948
9	9:08:59	10.89	94.960	28.600	35255.000	18.000	95.039981	19.9108759	197.576899	148.195271	8.96185664	280.058020	35	19.3739612	7.28055529	227.517353
9	9:09:14	11.14	95.290	28.570	35284.000	18.000	95.301516	19.9656677	198.120601	148.603082	8.98651832	280.828697	35	19.3739612	7.30059028	228.143446
9	9:09:29	11.39	94.680	28.640	35267.000	18.000	94.692626	19.8381051	196.854789	147.653642	8.92910259	279.034456	35	19.3739612	7.25394611	226.685816
9	9:09:44	11.64	95.290	28.570	35261.000	18.000	95.301516	19.9656677	198.120601	148.603082	8.98651832	280.828697	35	19.3739612	7.30059028	228.143446
9	9:09:59	11.89	94.660	28.640	35290.000	18.000	94.692626	19.8381051	196.854789	147.653642	8.92910259	279.034456	35	19.3739612	7.25394611	226.685816
9	9:10:14	12.14	95.100	28.590	35303.000	18.000	95.127062	19.9291195	197.757930	148.331056	8.97006802	280.314626	35	19.3739612	7.28722616	227.725818
9	9:10:29	12.39	95.100	28.590	35278.000	18.000	95.127062	19.9291195	197.757930	148.331056	8.97006802	280.314626	35	19.3739612	7.28722616	227.725818
9	9:10:44	12.64	94.570	28.650	35337.000	18.000	94.606029	19.8199631	196.674764	147.518612	8.92093688	278.779278	35	19.3739612	7.24731234	226.478511
9	9:10:59	12.89	94.940	28.610	35303.000	18.000	94.952997	19.8926528	197.396069	148.059637	8.95365442	279.801701	35	19.3739612	7.27389186	227.309121
9	9:11:14	13.14	95.050	28.590	35333.000	18.000	95.127062	19.9291195	197.757930	148.331056	8.97006802	280.314626	35	19.3739612	7.28722616	227.725818
9	9:11:29	13.39	94.650	28.640	35321.000	18.000	94.692626	19.8381051	196.854789	147.653642	8.92910259	279.034456	35	19.3739612	7.25394611	226.685816
9	9:11:44	13.64	95.070	28.590	35341.000	18.000	95.127062	19.9291195	197.757930	148.331056	8.97006802	280.314626	35	19.3739612	7.28722616	227.725818
9	9:11:59	13.89	94.480	28.660	35330.000	18.000	94.519529	19.8018412	196.494940	147.383733	8.91278027	278.524383	35	19.3739612	7.24068596	226.271436
9	9:12:14	14.14	94.670	28.640	35363.000	18.000	94.692626	19.8381051	196.854789	147.653642	8.92910259	279.034456	35	19.3739612	7.25394611	226.685816
9	9:12:29	14.39	95.190	28.580	35340.000	18.000	95.214240	19.9473834	197.939164	148.466993	8.97828857	280.571518	35	19.3739612	7.29390449	227.934515
9	9:12:44	14.64	94.640	28.640	35305.000	18.000	94.692626	19.8381051	196.854789	147.653642	8.92910259	279.034456	35	19.3739612	7.25394611	226.685816
9	9:12:59	14.89	94.230	28.690	35354.000	18.000	94.260605	19.7475967	195.956668	146.979994	8.88836487	277.761402	35	19.3739612	7.22085104	225.651595
9	9:13:14	15.14	95.490	28.540	35344.000	18.000	95.563930	20.0206434	198.666128	149.012262	9.01126279	281.601962	35	19.3739612	7.32069254	228.771642
9	9:13:29	15.39	94.580	28.650	35351.000	18.000	94.606029	19.8199631	196.674764	147.518612	8.92093688	278.779278	35	19.3739612	7.24731234	226.478511
9	9:13:44	15.64	94.500	28.660	35385.000	18.000	94.519529	19.8018412	196.494940	147.383733	8.91278027	278.524383	35	19.3739612	7.24068596	226.271436
9	9:13:59	15.89	94.620	28.640	35330.000	18.000	94.692626	19.8381051	196.854789	147.653642	8.92910259	279.034456	35	19.3739612	7.25394611	226.685816
9	9:14:13	16.14	94.810	28.620	35350.000	18.000	94.866109	19.8744499	197.215441	147.924154	8.94546135	279.545667	35	19.3739612	7.26723586	227.101121
9	9:14:29	16.39	94.560	28.650	35372.000	18.000	94.606029	19.8199631	196.674764	147.518612	8.92093688	278.779278	35	19.3739612	7.24731234	226.478511
9	9:14:44	16.64	94.990	28.600	35375.000	18.000	95.039981	19.9108759	197.576899	148.195271	8.96185664	280.058020	35	19.3739612	7.28055529	227.517353
9	9:14:59	16.89	95.060	28.590	35401.000	18.000	95.127062	19.9291195	197.757930	148.331056	8.97006802	280.314626	35	19.3739612	7.28722616	227.725818
9	9:15:14	17.14	95.250	28.570	35401.000	18.000	95.301516	19.9656677	198.120601	148.603082	8.98651832	280.828697	35	19.3739612	7.30059028	228.143446
9	9:15:29	17.39	94.010	28.710	35353.000	18.000	94.088468	19.7115341	195.598817	146.711583	8.87213317	277.254162	35	19.3739612	7.20766452	225.239516
9	9:15:44	17.64	94.880	28.610	35349.000	18.000	94.952997	19.8926528	197.396069	148.059637	8.95365442	279.801701	35	19.3739612	7.27389186	227.309121
9	9:15:59	17.89	94.990	28.600	35395.000	18.000	95.039981	19.9108759	197.576899	148.195271	8.96185664	280.058020	35	19.3739612	7.28055529	227.517353
9	9:16:14	18.14	94.460	28.660	35377.000	18.000	94.519529	19.8018412	196.494940	147.383733	8.91278027	278.524383	35	19.3739612	7.24068596	226.271436
9	9:16:29	18.39	94.280	28.680	35419.000	18.000	94.346816	19.7656580	196.135892	147.114424	8.89649427	278.015446	35	19.3739612	7.22745532	225.857979
9	9:16:44	18.64	94.410	28.670	35356.000	18.000	94.433124	19.7837396	196.315316	147.249003	8.90463274	278.269773	35	19.3739612	7.23406696	226.064592
9	9:16:59	18.89	94.440	28.660	35418.000	18.000	94.519529	19.8018412	196.494940	147.383733	8.91278027	278.524383	35	19.3739612	7.24068596	226.271436
9	9:17:14	19.14	94.260	28.680	35410.000	18.000	94.346816	19.7656580	196.135892	147.114424	8.89649427	278.015446	35	19.3739612	7.22745532	225.857979
9	9:17:29	19.39	94.750	28.630	35414.000	18.000	94.779319	19.8562674	197.035015	147.788823	8.93727741	279.289919	35	19.3739612	7.26058728	226.893352
9	9:17:44	19.64	94.160	28.700	35449.000	18.000	94.174489	19.7295554	195.777643	146.845714	8.88024450	277.507641	35	19.3739612	7.21425411	225.445441
9	9:17:59	19.89	93.960	28.720	35430.000	18.000	94.002544	19.6935329	195.420190	146.577602	8.86403086	277.000964	35	19.3739612	7.20108225	225.033820
9	9:18:14	20.14	94.090	28.700	35439.000	18.000	94.174489	19.7295554	195.777643	146.845714	8.88024450	277.507641	35	19.3739612	7.21425411	225.445441
9	9:18:29	20.39	94.510	28.660	35443.000	18.000	94.519529	19.8018412	196.494940	147.383733	8.91278027	278.524383	35	19.3739612	7.24068596	226.271436
