Chamber	Time/hh:mm:ss	Logtime/min	Oxy/% air sat.	Phase/°	Amp	Temp/°C	% air-sat.	% oxygen	pO2 (hPa)	pO2 (Torr)	cO2 [mg/L]	cO2 [µmol/L]	Salinity	chlorinity	SalCorcO2 [mg/L]	SalCorcO2 [µmol/L]
2	14:05:13	0.00	96.570	26.470	14626.000	29.000	96.640930	20.2462748	196.963892	147.735477	7.41991717	231.872412	35	19.3739612	6.01145235	187.857886
2	14:05:21	0.14	95.450	26.590	14620.000	29.000	95.533903	20.0143528	194.707661	146.043160	7.33492166	229.216302	35	19.3739612	5.94259087	185.705965
2	14:05:36	0.39	95.200	26.620	14554.000	29.000	95.259616	19.9568895	194.148635	145.623855	7.31386235	228.558198	35	19.3739612	5.92552908	185.172784
2	14:05:51	0.64	94.980	26.650	14575.000	29.000	94.986307	19.8996313	193.591604	145.206046	7.29287817	227.902443	35	19.3739612	5.90852817	184.641505
2	14:06:06	0.89	95.680	26.570	14587.000	29.000	95.717308	20.0527760	195.081458	146.323531	7.34900312	229.656348	35	19.3739612	5.95399936	186.062480
2	14:06:21	1.14	94.890	26.660	14565.000	29.000	94.895420	19.8805906	193.406369	145.067107	7.28590008	227.684378	35	19.3739612	5.90287468	184.464834
2	14:06:36	1.39	97.050	26.420	14564.000	29.000	97.106902	20.3438959	197.913589	148.447810	7.45569364	232.990426	35	19.3739612	6.04043765	188.763677
2	14:06:51	1.64	95.910	26.540	14568.000	29.000	95.993236	20.1105830	195.643828	146.745344	7.37018843	230.318388	35	19.3739612	5.97116323	186.598851
2	14:07:06	1.89	96.650	26.460	14504.000	29.000	96.733901	20.2657523	197.153377	147.877602	7.42705533	232.095479	35	19.3739612	6.01723553	188.038610
2	14:07:21	2.14	95.310	26.610	14537.000	29.000	95.350936	19.9760211	194.334755	145.763456	7.32087375	228.777305	35	19.3739612	5.93120957	185.350299
2	14:07:36	2.39	95.320	26.610	14560.000	29.000	95.350936	19.9760211	194.334755	145.763456	7.32087375	228.777305	35	19.3739612	5.93120957	185.350299
2	14:07:51	2.64	95.230	26.620	14517.000	29.000	95.259616	19.9568895	194.148635	145.623855	7.31386235	228.558198	35	19.3739612	5.92552908	185.172784
2	14:08:06	2.89	95.460	26.590	14523.000	29.000	95.533903	20.0143528	194.707661	146.043160	7.33492166	229.216302	35	19.3739612	5.94259087	185.705965
2	14:08:21	3.14	95.410	26.600	14540.000	29.000	95.442365	19.9951755	194.521097	145.903225	7.32789352	228.996673	35	19.3739612	5.93689683	185.528026
2	14:08:36	3.39	96.370	26.490	14497.000	29.000	96.455321	20.2073898	196.585603	147.451735	7.40566645	231.427077	35	19.3739612	5.99990673	187.497085
2	14:08:51	3.64	96.350	26.500	14485.000	29.000	96.362683	20.1879821	196.396797	147.310119	7.39855387	231.204808	35	19.3739612	5.99414428	187.317009
2	14:09:06	3.89	96.260	26.510	14513.000	29.000	96.270156	20.1685976	196.208217	147.168672	7.39144979	230.982806	35	19.3739612	5.98838871	187.137147
2	14:09:21	4.14	94.190	26.730	14534.000	29.000	94.262234	19.7479380	192.115872	144.099152	7.23728516	226.165161	35	19.3739612	5.86348795	183.233998
2	14:09:36	4.39	94.120	26.740	14567.000	29.000	94.172208	19.7290775	191.932389	143.961529	7.23037312	225.949160	35	19.3739612	5.85788796	183.058999
2	14:09:51	4.64	94.190	26.730	14494.000	29.000	94.262234	19.7479380	192.115872	144.099152	7.23728516	226.165161	35	19.3739612	5.86348795	183.233998
2	14:10:06	4.89	95.310	26.610	14500.000	29.000	95.350936	19.9760211	194.334755	145.763456	7.32087375	228.777305	35	19.3739612	5.93120957	185.350299
2	14:10:21	5.14	95.250	26.620	14504.000	29.000	95.259616	19.9568895	194.148635	145.623855	7.31386235	228.558198	35	19.3739612	5.92552908	185.172784
2	14:10:36	5.39	95.590	26.580	14476.000	29.000	95.625551	20.0335529	194.894448	146.183262	7.34195819	229.436193	35	19.3739612	5.94829171	185.884116
2	14:10:51	5.64	94.460	26.700	14500.000	29.000	94.532955	19.8046540	192.667627	144.513004	7.25807061	226.814706	35	19.3739612	5.88032785	183.760245
2	14:11:06	5.89	96.030	26.530	14493.000	29.000	96.085433	20.1298981	195.831733	146.886285	7.37726708	230.539596	35	19.3739612	5.97689819	186.778069
2	14:11:21	6.14	95.020	26.640	14488.000	29.000	95.077301	19.9186946	193.777060	145.345150	7.29986457	228.120768	35	19.3739612	5.91418839	184.818387
2	14:11:36	6.39	94.940	26.650	14475.000	29.000	94.986307	19.8996313	193.591604	145.206046	7.29287817	227.902443	35	19.3739612	5.90852817	184.641505
2	14:11:51	6.64	95.590	26.580	14479.000	29.000	95.625551	20.0335529	194.894448	146.183262	7.34195819	229.436193	35	19.3739612	5.94829171	185.884116
2	14:12:06	6.89	95.710	26.570	14520.000	29.000	95.717308	20.0527760	195.081458	146.323531	7.34900312	229.656348	35	19.3739612	5.95399936	186.062480
2	14:12:21	7.14	95.180	26.620	14538.000	29.000	95.259616	19.9568895	194.148635	145.623855	7.31386235	228.558198	35	19.3739612	5.92552908	185.172784
2	14:12:36	7.39	94.410	26.710	14480.000	29.000	94.442607	19.7857262	192.483490	144.374890	7.25113389	226.597934	35	19.3739612	5.87470788	183.584621
2	14:12:51	7.64	95.600	26.580	14457.000	29.000	95.625551	20.0335529	194.894448	146.183262	7.34195819	229.436193	35	19.3739612	5.94829171	185.884116
2	14:13:06	7.89	95.650	26.570	14535.000	29.000	95.717308	20.0527760	195.081458	146.323531	7.34900312	229.656348	35	19.3739612	5.95399936	186.062480
2	14:13:21	8.14	95.380	26.600	14494.000	29.000	95.442365	19.9951755	194.521097	145.903225	7.32789352	228.996673	35	19.3739612	5.93689683	185.528026
2	14:13:36	8.39	96.650	26.460	14518.000	29.000	96.733901	20.2657523	197.153377	147.877602	7.42705533	232.095479	35	19.3739612	6.01723553	188.038610
2	14:13:51	8.64	95.630	26.570	14470.000	29.000	95.717308	20.0527760	195.081458	146.323531	7.34900312	229.656348	35	19.3739612	5.95399936	186.062480
2	14:14:06	8.89	94.010	26.750	14510.000	29.000	94.082289	19.7102395	191.749125	143.824069	7.22346928	225.733415	35	19.3739612	5.85229462	182.884207
2	14:14:21	9.14	94.030	26.750	14507.000	29.000	94.082289	19.7102395	191.749125	143.824069	7.22346928	225.733415	35	19.3739612	5.85229462	182.884207
2	14:14:36	9.39	95.040	26.640	14473.000	29.000	95.077301	19.9186946	193.777060	145.345150	7.29986457	228.120768	35	19.3739612	5.91418839	184.818387
2	14:14:51	9.64	95.350	26.610	14478.000	29.000	95.350936	19.9760211	194.334755	145.763456	7.32087375	228.777305	35	19.3739612	5.93120957	185.350299
2	14:15:06	9.89	94.760	26.670	14475.000	29.000	94.804642	19.8615726	193.221354	144.928334	7.27893030	227.466572	35	19.3739612	5.89722791	184.288372
2	14:15:21	10.14	96.070	26.530	14499.000	29.000	96.085433	20.1298981	195.831733	146.886285	7.37726708	230.539596	35	19.3739612	5.97689819	186.778069
2	14:15:36	10.39	94.490	26.700	14517.000	29.000	94.532955	19.8046540	192.667627	144.513004	7.25807061	226.814706	35	19.3739612	5.88032785	183.760245
2	14:15:51	10.64	95.150	26.630	14484.000	29.000	95.168404	19.9377807	193.962737	145.484419	7.30685929	228.339353	35	19.3739612	5.91985536	184.995480
2	14:16:06	10.89	95.630	26.570	14510.000	29.000	95.717308	20.0527760	195.081458	146.323531	7.34900312	229.656348	35	19.3739612	5.95399936	186.062480
2	14:16:21	11.14	94.670	26.680	14485.000	29.000	94.713972	19.8425771	193.036559	144.789726	7.27196880	227.249025	35	19.3739612	5.89158786	184.112121
2	14:16:36	11.39	96.510	26.480	14483.000	29.000	96.548070	20.2268207	196.774634	147.593521	7.41278755	231.649611	35	19.3739612	6.00567609	187.677378
2	14:16:51	11.64	95.610	26.580	14502.000	29.000	95.625551	20.0335529	194.894448	146.183262	7.34195819	229.436193	35	19.3739612	5.94829171	185.884116
2	14:17:06	11.89	95.910	26.540	14471.000	29.000	95.993236	20.1105830	195.643828	146.745344	7.37018843	230.318388	35	19.3739612	5.97116323	186.598851
2	14:17:21	12.14	95.300	26.610	14481.000	29.000	95.350936	19.9760211	194.334755	145.763456	7.32087375	228.777305	35	19.3739612	5.93120957	185.350299
2	14:17:36	12.39	94.460	26.700	14453.000	29.000	94.532955	19.8046540	192.667627	144.513004	7.25807061	226.814706	35	19.3739612	5.88032785	183.760245
2	14:17:51	12.64	95.540	26.580	14462.000	29.000	95.625551	20.0335529	194.894448	146.183262	7.34195819	229.436193	35	19.3739612	5.94829171	185.884116
2	14:18:06	12.89	95.170	26.620	14440.000	29.000	95.259616	19.9568895	194.148635	145.623855	7.31386235	228.558198	35	19.3739612	5.92552908	185.172784
2	14:18:21	13.14	96.030	26.530	14451.000	29.000	96.085433	20.1298981	195.831733	146.886285	7.37726708	230.539596	35	19.3739612	5.97689819	186.778069
2	14:18:36	13.39	94.940	26.650	14473.000	29.000	94.986307	19.8996313	193.591604	145.206046	7.29287817	227.902443	35	19.3739612	5.90852817	184.641505
2	14:18:51	13.64	95.110	26.630	14449.000	29.000	95.168404	19.9377807	193.962737	145.484419	7.30685929	228.339353	35	19.3739612	5.91985536	184.995480
2	14:19:06	13.89	96.260	26.510	14463.000	29.000	96.270156	20.1685976	196.208217	147.168672	7.39144979	230.982806	35	19.3739612	5.98838871	187.137147
2	14:19:21	14.14	95.410	26.600	14486.000	29.000	95.442365	19.9951755	194.521097	145.903225	7.32789352	228.996673	35	19.3739612	5.93689683	185.528026
2	14:19:36	14.39	94.530	26.700	14498.000	29.000	94.532955	19.8046540	192.667627	144.513004	7.25807061	226.814706	35	19.3739612	5.88032785	183.760245
2	14:19:51	14.64	95.270	26.610	14468.000	29.000	95.350936	19.9760211	194.334755	145.763456	7.32087375	228.777305	35	19.3739612	5.93120957	185.350299
2	14:20:06	14.89	95.880	26.550	14472.000	29.000	95.901150	20.0912910	195.456147	146.604572	7.36311823	230.097445	35	19.3739612	5.96543511	186.419847
2	14:20:21	15.14	94.550	26.690	14445.000	29.000	94.623409	19.8236043	192.851983	144.651283	7.26501557	227.031737	35	19.3739612	5.88595451	183.936078
2	14:20:36	15.39	94.830	26.660	14423.000	29.000	94.895420	19.8805906	193.406369	145.067107	7.28590008	227.684378	35	19.3739612	5.90287468	184.464834
2	14:20:51	15.64	95.340	26.610	14449.000	29.000	95.350936	19.9760211	194.334755	145.763456	7.32087375	228.777305	35	19.3739612	5.93120957	185.350299
2	14:21:06	15.89	95.370	26.600	14475.000	29.000	95.442365	19.9951755	194.521097	145.903225	7.32789352	228.996673	35	19.3739612	5.93689683	185.528026
2	14:21:21	16.14	95.970	26.540	14468.000	29.000	95.993236	20.1105830	195.643828	146.745344	7.37018843	230.318388	35	19.3739612	5.97116323	186.598851
2	14:21:36	16.39	95.370	26.600	14464.000	29.000	95.442365	19.9951755	194.521097	145.903225	7.32789352	228.996673	35	19.3739612	5.93689683	185.528026
2	14:21:51	16.64	97.500	26.370	14464.000	29.000	97.575675	20.4421039	198.868996	149.164426	7.49168522	234.115163	35	19.3739612	6.06959723	189.674913
2	14:22:06	16.89	95.430	26.600	14465.000	29.000	95.442365	19.9951755	194.521097	145.903225	7.32789352	228.996673	35	19.3739612	5.93689683	185.528026
2	14:22:21	17.14	96.780	26.450	14459.000	29.000	96.826984	20.2852531	197.343088	148.019898	7.43420205	232.318814	35	19.3739612	6.02302564	188.219551
2	14:22:36	17.39	97.600	26.360	14451.000	29.000	97.669768	20.4618163	199.060767	149.308266	7.49890949	234.340922	35	19.3739612	6.07545018	189.857818
2	14:22:51	17.64	94.900	26.650	14477.000	29.000	94.986307	19.8996313	193.591604	145.206046	7.29287817	227.902443	35	19.3739612	5.90852817	184.641505
2	14:23:06	17.89	95.990	26.540	14464.000	29.000	95.993236	20.1105830	195.643828	146.745344	7.37018843	230.318388	35	19.3739612	5.97116323	186.598851
2	14:23:21	18.14	95.210	26.620	14465.000	29.000	95.259616	19.9568895	194.148635	145.623855	7.31386235	228.558198	35	19.3739612	5.92552908	185.172784
2	14:23:36	18.39	95.270	26.610	14447.000	29.000	95.350936	19.9760211	194.334755	145.763456	7.32087375	228.777305	35	19.3739612	5.93120957	185.350299
2	14:23:51	18.64	94.160	26.740	14456.000	29.000	94.172208	19.7290775	191.932389	143.961529	7.23037312	225.949160	35	19.3739612	5.85788796	183.058999
2	14:24:06	18.89	94.500	26.700	14436.000	29.000	94.532955	19.8046540	192.667627	144.513004	7.25807061	226.814706	35	19.3739612	5.88032785	183.760245
2	14:24:21	19.14	94.520	26.700	14464.000	29.000	94.532955	19.8046540	192.667627	144.513004	7.25807061	226.814706	35	19.3739612	5.88032785	183.760245
2	14:24:36	19.39	95.390	26.600	14469.000	29.000	95.442365	19.9951755	194.521097	145.903225	7.32789352	228.996673	35	19.3739612	5.93689683	185.528026
2	14:24:51	19.64	95.990	26.540	14496.000	29.000	95.993236	20.1105830	195.643828	146.745344	7.37018843	230.318388	35	19.3739612	5.97116323	186.598851
2	14:25:06	19.89	95.770	26.560	14481.000	29.000	95.809174	20.0720220	195.268691	146.463967	7.35605646	229.876764	35	19.3739612	5.95971382	186.241057
2	14:25:21	20.14	95.330	26.610	14470.000	29.000	95.350936	19.9760211	194.334755	145.763456	7.32087375	228.777305	35	19.3739612	5.93120957	185.350299
2	14:25:36	20.39	95.360	26.600	14485.000	29.000	95.442365	19.9951755	194.521097	145.903225	7.32789352	228.996673	35	19.3739612	5.93689683	185.528026
2	14:25:51	20.64	95.570	26.580	14479.000	29.000	95.625551	20.0335529	194.894448	146.183262	7.34195819	229.436193	35	19.3739612	5.94829171	185.884116
2	14:26:06	20.89	95.230	26.620	14460.000	29.000	95.259616	19.9568895	194.148635	145.623855	7.31386235	228.558198	35	19.3739612	5.92552908	185.172784
2	14:26:21	21.14	95.290	26.610	14451.000	29.000	95.350936	19.9760211	194.334755	145.763456	7.32087375	228.777305	35	19.3739612	5.93120957	185.350299
2	14:26:36	21.39	94.390	26.710	14426.000	29.000	94.442607	19.7857262	192.483490	144.374890	7.25113389	226.597934	35	19.3739612	5.87470788	183.584621
2	14:26:51	21.64	95.450	26.590	14433.000	29.000	95.533903	20.0143528	194.707661	146.043160	7.33492166	229.216302	35	19.3739612	5.94259087	185.705965
2	14:27:06	21.89	96.160	26.520	14476.000	29.000	96.177739	20.1492363	196.019863	147.027394	7.38435420	230.761069	35	19.3739612	5.98264002	186.957501
2	14:27:21	22.14	95.770	26.560	14451.000	29.000	95.809174	20.0720220	195.268691	146.463967	7.35605646	229.876764	35	19.3739612	5.95971382	186.241057
2	14:27:36	22.39	95.370	26.600	14470.000	29.000	95.442365	19.9951755	194.521097	145.903225	7.32789352	228.996673	35	19.3739612	5.93689683	185.528026
2	14:27:51	22.64	95.640	26.570	14463.000	29.000	95.717308	20.0527760	195.081458	146.323531	7.34900312	229.656348	35	19.3739612	5.95399936	186.062480
2	14:28:06	22.89	94.310	26.720	14438.000	29.000	94.352367	19.7668209	192.299572	144.236939	7.24420541	226.381419	35	19.3739612	5.86909458	183.409206
2	14:28:21	23.14	94.670	26.680	14502.000	29.000	94.713972	19.8425771	193.036559	144.789726	7.27196880	227.249025	35	19.3739612	5.89158786	184.112121
2	14:28:36	23.39	96.280	26.500	14440.000	29.000	96.362683	20.1879821	196.396797	147.310119	7.39855387	231.204808	35	19.3739612	5.99414428	187.317009
2	14:28:51	23.64	95.050	26.640	14433.000	29.000	95.077301	19.9186946	193.777060	145.345150	7.29986457	228.120768	35	19.3739612	5.91418839	184.818387
2	14:29:06	23.89	95.060	26.640	14488.000	29.000	95.077301	19.9186946	193.777060	145.345150	7.29986457	228.120768	35	19.3739612	5.91418839	184.818387
2	14:29:21	24.14	96.680	26.460	14449.000	29.000	96.733901	20.2657523	197.153377	147.877602	7.42705533	232.095479	35	19.3739612	6.01723553	188.038610
2	14:29:36	24.39	95.510	26.590	14426.000	29.000	95.533903	20.0143528	194.707661	146.043160	7.33492166	229.216302	35	19.3739612	5.94259087	185.705965
2	14:29:51	24.64	96.480	26.480	14474.000	29.000	96.548070	20.2268207	196.774634	147.593521	7.41278755	231.649611	35	19.3739612	6.00567609	187.677378
