Chamber	Time/hh:mm:ss	Logtime/min	Oxy/% air sat.	Phase/°	Amp	Temp/°C	% air-sat.	% oxygen	pO2 (hPa)	pO2 (Torr)	cO2 [mg/L]	cO2 [µmol/L]	Salinity	chlorinity	SalCorcO2 [mg/L]	SalCorcO2 [µmol/L]
10	15:13:48	0.00	94.890	26.160	38685.000	32.000	94.918107	19.8853435	191.958966	143.981463	6.92945338	216.545418	35	19.3739612	5.53304083	172.907526
10	15:13:56	0.13	94.740	26.170	38677.000	32.000	94.826168	19.8660823	191.773032	143.842000	6.92274141	216.335669	35	19.3739612	5.52768145	172.740045
10	15:14:11	0.38	94.740	26.170	38667.000	32.000	94.826168	19.8660823	191.773032	143.842000	6.92274141	216.335669	35	19.3739612	5.52768145	172.740045
10	15:14:26	0.63	94.670	26.180	38672.000	32.000	94.734341	19.8468444	191.587323	143.702707	6.91603756	216.126174	35	19.3739612	5.52232855	172.572767
10	15:14:41	0.88	94.860	26.160	38666.000	32.000	94.918107	19.8853435	191.958966	143.981463	6.92945338	216.545418	35	19.3739612	5.53304083	172.907526
10	15:14:56	1.13	94.550	26.200	38691.000	32.000	94.551018	19.8084382	191.216577	143.424624	6.90265415	215.707942	35	19.3739612	5.51164214	172.238817
10	15:15:11	1.38	94.830	26.160	38666.000	32.000	94.918107	19.8853435	191.958966	143.981463	6.92945338	216.545418	35	19.3739612	5.53304083	172.907526
10	15:15:26	1.63	94.760	26.170	38672.000	32.000	94.826168	19.8660823	191.773032	143.842000	6.92274141	216.335669	35	19.3739612	5.52768145	172.740045
10	15:15:41	1.88	94.630	26.190	38680.000	32.000	94.642624	19.8276297	191.401838	143.563581	6.90934181	215.916932	35	19.3739612	5.51698212	172.405691
10	15:15:56	2.13	94.370	26.210	38671.000	32.000	94.459522	19.7892699	191.031540	143.285834	6.89597457	215.499205	35	19.3739612	5.50630862	172.072144
10	15:16:11	2.38	94.340	26.220	38747.000	32.000	94.368137	19.7701248	190.846726	143.147212	6.88930306	215.290721	35	19.3739612	5.50098154	171.905673
10	15:16:26	2.63	94.580	26.190	38727.000	32.000	94.642624	19.8276297	191.401838	143.563581	6.90934181	215.916932	35	19.3739612	5.51698212	172.405691
10	15:16:41	2.88	94.360	26.220	38749.000	32.000	94.368137	19.7701248	190.846726	143.147212	6.88930306	215.290721	35	19.3739612	5.50098154	171.905673
10	15:16:56	3.13	94.510	26.200	38714.000	32.000	94.551018	19.8084382	191.216577	143.424624	6.90265415	215.707942	35	19.3739612	5.51164214	172.238817
10	15:17:11	3.38	94.500	26.200	38749.000	32.000	94.551018	19.8084382	191.216577	143.424624	6.90265415	215.707942	35	19.3739612	5.51164214	172.238817
10	15:17:26	3.63	94.170	26.240	38747.000	32.000	94.185698	19.7319038	190.477768	142.870470	6.87598419	214.874506	35	19.3739612	5.49034667	171.573333
10	15:17:41	3.88	94.520	26.200	38779.000	32.000	94.551018	19.8084382	191.216577	143.424624	6.90265415	215.707942	35	19.3739612	5.51164214	172.238817
10	15:17:56	4.13	94.640	26.190	38780.000	32.000	94.642624	19.8276297	191.401838	143.563581	6.90934181	215.916932	35	19.3739612	5.51698212	172.405691
10	15:18:11	4.38	94.300	26.220	38780.000	32.000	94.368137	19.7701248	190.846726	143.147212	6.88930306	215.290721	35	19.3739612	5.50098154	171.905673
10	15:18:26	4.63	94.250	26.230	38819.000	32.000	94.276863	19.7510028	190.662136	143.008758	6.88263960	215.082488	35	19.3739612	5.49566089	171.739403
10	15:18:41	4.88	94.620	26.190	38821.000	32.000	94.642624	19.8276297	191.401838	143.563581	6.90934181	215.916932	35	19.3739612	5.51698212	172.405691
10	15:18:56	5.13	94.070	26.250	38847.000	32.000	94.094644	19.7128279	190.293623	142.732350	6.86933680	214.666775	35	19.3739612	5.48503885	171.407464
10	15:19:11	5.38	94.450	26.210	38837.000	32.000	94.459522	19.7892699	191.031540	143.285834	6.89597457	215.499205	35	19.3739612	5.50630862	172.072144
10	15:19:26	5.63	93.720	26.290	38851.000	32.000	93.731523	19.6367540	189.559260	142.181530	6.84282730	213.838353	35	19.3739612	5.46387150	170.745984
10	15:19:41	5.88	94.030	26.250	38858.000	32.000	94.094644	19.7128279	190.293623	142.732350	6.86933680	214.666775	35	19.3739612	5.48503885	171.407464
10	15:19:56	6.13	94.190	26.230	38893.000	32.000	94.276863	19.7510028	190.662136	143.008758	6.88263960	215.082488	35	19.3739612	5.49566089	171.739403
10	15:20:11	6.38	94.080	26.250	38892.000	32.000	94.094644	19.7128279	190.293623	142.732350	6.86933680	214.666775	35	19.3739612	5.48503885	171.407464
10	15:20:26	6.63	93.710	26.290	38899.000	32.000	93.731523	19.6367540	189.559260	142.181530	6.84282730	213.838353	35	19.3739612	5.46387150	170.745984
10	15:20:41	6.88	93.710	26.290	38901.000	32.000	93.731523	19.6367540	189.559260	142.181530	6.84282730	213.838353	35	19.3739612	5.46387150	170.745984
10	15:20:56	7.13	93.430	26.320	38914.000	32.000	93.460329	19.5799388	189.010806	141.770155	6.82302889	213.219653	35	19.3739612	5.44806284	170.251964
10	15:21:11	7.38	93.620	26.300	38918.000	32.000	93.641016	19.6177928	189.376222	142.044240	6.83621988	213.631871	35	19.3739612	5.45859560	170.581112
10	15:21:26	7.63	93.200	26.340	38937.000	32.000	93.280076	19.5421759	188.646270	141.496730	6.80986964	212.808426	35	19.3739612	5.43755542	169.923607
10	15:21:41	7.88	93.590	26.300	38956.000	32.000	93.641016	19.6177928	189.376222	142.044240	6.83621988	213.631871	35	19.3739612	5.45859560	170.581112
10	15:21:56	8.13	93.580	26.300	38960.000	32.000	93.641016	19.6177928	189.376222	142.044240	6.83621988	213.631871	35	19.3739612	5.45859560	170.581112
10	15:22:11	8.38	93.620	26.300	38975.000	32.000	93.641016	19.6177928	189.376222	142.044240	6.83621988	213.631871	35	19.3739612	5.45859560	170.581112
10	15:22:26	8.63	93.250	26.340	38996.000	32.000	93.280076	19.5421759	188.646270	141.496730	6.80986964	212.808426	35	19.3739612	5.43755542	169.923607
10	15:22:41	8.88	92.920	26.370	39000.000	32.000	93.010509	19.4857017	188.101108	141.087823	6.79019003	212.193439	35	19.3739612	5.42184162	169.432551
10	15:22:56	9.13	93.200	26.340	39004.000	32.000	93.280076	19.5421759	188.646270	141.496730	6.80986964	212.808426	35	19.3739612	5.43755542	169.923607
10	15:23:11	9.38	93.520	26.310	39028.000	32.000	93.550618	19.5988544	189.193404	141.907115	6.82962041	213.425638	35	19.3739612	5.45332605	170.416439
10	15:23:26	9.63	93.100	26.350	39049.000	32.000	93.190112	19.5233285	188.464331	141.360264	6.80330188	212.603184	35	19.3739612	5.43231118	169.759724
10	15:23:41	9.88	93.100	26.350	39043.000	32.000	93.190112	19.5233285	188.464331	141.360264	6.80330188	212.603184	35	19.3739612	5.43231118	169.759724
10	15:23:56	10.13	92.590	26.410	39053.000	32.000	92.652596	19.4107188	187.377277	140.544904	6.76406073	211.376898	35	19.3739612	5.40097785	168.780558
10	15:24:11	10.38	92.960	26.370	39091.000	32.000	93.010509	19.4857017	188.101108	141.087823	6.79019003	212.193439	35	19.3739612	5.42184162	169.432551
10	15:24:26	10.63	93.140	26.350	39109.000	32.000	93.190112	19.5233285	188.464331	141.360264	6.80330188	212.603184	35	19.3739612	5.43231118	169.759724
10	15:24:41	10.88	92.830	26.390	39092.000	32.000	92.831337	19.4481652	187.738758	140.816038	6.77710968	211.784678	35	19.3739612	5.41139720	169.106162
10	15:24:56	11.13	92.570	26.410	39114.000	32.000	92.652596	19.4107188	187.377277	140.544904	6.76406073	211.376898	35	19.3739612	5.40097785	168.780558
10	15:25:11	11.38	92.870	26.380	39137.000	32.000	92.920870	19.4669222	187.919824	140.951849	6.78364593	211.988935	35	19.3739612	5.41661627	169.269258
10	15:25:26	11.63	92.710	26.400	39132.000	32.000	92.741913	19.4294308	187.557909	140.680389	6.77058129	211.580665	35	19.3739612	5.40618439	168.943262
10	15:25:41	11.88	92.300	26.440	39162.000	32.000	92.385287	19.3547176	186.836680	140.139422	6.74454595	210.767061	35	19.3739612	5.38539566	168.293614
10	15:25:56	12.13	92.540	26.420	39202.000	32.000	92.563386	19.3920293	187.196862	140.409581	6.75754799	211.173375	35	19.3739612	5.39577755	168.618048
10	15:26:11	12.38	92.550	26.420	39198.000	32.000	92.563386	19.3920293	187.196862	140.409581	6.75754799	211.173375	35	19.3739612	5.39577755	168.618048
10	15:26:26	12.63	92.320	26.440	39175.000	32.000	92.385287	19.3547176	186.836680	140.139422	6.74454595	210.767061	35	19.3739612	5.38539566	168.293614
10	15:26:41	12.88	92.300	26.440	39231.000	32.000	92.385287	19.3547176	186.836680	140.139422	6.74454595	210.767061	35	19.3739612	5.38539566	168.293614
10	15:26:56	13.13	91.800	26.500	39237.000	32.000	91.853545	19.2433177	185.761305	139.332822	6.70572639	209.553950	35	19.3739612	5.35439895	167.324967
10	15:27:11	13.38	92.190	26.460	39234.000	32.000	92.207614	19.3174952	186.477362	139.869911	6.73157506	210.361721	35	19.3739612	5.37503864	167.969958
10	15:27:26	13.63	92.240	26.450	39290.000	32.000	92.296397	19.3360952	186.656914	140.004586	6.73805662	210.564269	35	19.3739612	5.38021404	168.131689
10	15:27:41	13.88	92.320	26.440	39267.000	32.000	92.385287	19.3547176	186.836680	140.139422	6.74454595	210.767061	35	19.3739612	5.38539566	168.293614
10	15:27:56	14.13	92.250	26.450	39317.000	32.000	92.296397	19.3360952	186.656914	140.004586	6.73805662	210.564269	35	19.3739612	5.38021404	168.131689
10	15:28:11	14.38	92.110	26.470	39324.000	32.000	92.118938	19.2989175	186.298026	139.735397	6.72510128	210.159415	35	19.3739612	5.36986944	167.808420
10	15:28:26	14.63	92.050	26.470	39293.000	32.000	92.118938	19.2989175	186.298026	139.735397	6.72510128	210.159415	35	19.3739612	5.36986944	167.808420
10	15:28:41	14.88	91.660	26.520	39321.000	32.000	91.677145	19.2063620	185.404561	139.065241	6.69284841	209.151513	35	19.3739612	5.34411613	167.003629
10	15:28:56	15.13	91.960	26.480	39352.000	32.000	92.030368	19.2803620	186.118905	139.601045	6.71863524	209.957351	35	19.3739612	5.36470643	167.647076
10	15:29:11	15.38	91.940	26.490	39368.000	32.000	91.941903	19.2618288	185.939998	139.466853	6.71217695	209.755530	35	19.3739612	5.35954961	167.485925
10	15:29:26	15.63	91.880	26.490	39383.000	32.000	91.941903	19.2618288	185.939998	139.466853	6.71217695	209.755530	35	19.3739612	5.35954961	167.485925
10	15:29:41	15.88	91.550	26.530	39379.000	32.000	91.589104	19.1879172	185.226509	138.931691	6.68642097	208.950655	35	19.3739612	5.33898393	166.843248
10	15:29:56	16.13	91.800	26.500	39379.000	32.000	91.853545	19.2433177	185.761305	139.332822	6.70572639	209.553950	35	19.3739612	5.35439895	167.324967
10	15:30:11	16.38	91.700	26.510	39395.000	32.000	91.765292	19.2248288	185.582826	139.198952	6.69928355	209.352611	35	19.3739612	5.34925446	167.164202
10	15:30:26	16.63	91.400	26.550	39455.000	32.000	91.413336	19.1510939	184.871042	138.665068	6.67358913	208.549660	35	19.3739612	5.32873795	166.523061
10	15:30:41	16.88	91.350	26.550	39428.000	32.000	91.413336	19.1510939	184.871042	138.665068	6.67358913	208.549660	35	19.3739612	5.32873795	166.523061
10	15:30:56	17.13	91.410	26.550	39439.000	32.000	91.413336	19.1510939	184.871042	138.665068	6.67358913	208.549660	35	19.3739612	5.32873795	166.523061
10	15:31:11	17.38	91.230	26.570	39457.000	32.000	91.237988	19.1143585	184.516425	138.399083	6.66078794	208.149623	35	19.3739612	5.31851643	166.203638
10	15:31:26	17.63	91.400	26.550	39426.000	32.000	91.413336	19.1510939	184.871042	138.665068	6.67358913	208.549660	35	19.3739612	5.32873795	166.523061
10	15:31:41	17.88	91.150	26.570	39496.000	32.000	91.237988	19.1143585	184.516425	138.399083	6.66078794	208.149623	35	19.3739612	5.31851643	166.203638
10	15:31:56	18.13	91.180	26.570	39505.000	32.000	91.237988	19.1143585	184.516425	138.399083	6.66078794	208.149623	35	19.3739612	5.31851643	166.203638
10	15:32:11	18.38	91.080	26.580	39500.000	32.000	91.150471	19.0960237	184.339434	138.266328	6.65439880	207.949963	35	19.3739612	5.31341482	166.044213
10	15:32:26	18.63	91.190	26.570	39538.000	32.000	91.237988	19.1143585	184.516425	138.399083	6.66078794	208.149623	35	19.3739612	5.31851643	166.203638
10	15:32:41	18.88	91.190	26.570	39540.000	32.000	91.237988	19.1143585	184.516425	138.399083	6.66078794	208.149623	35	19.3739612	5.31851643	166.203638
10	15:32:56	19.13	90.960	26.600	39556.000	32.000	90.975750	19.0594197	183.986085	138.001294	6.64164339	207.551356	35	19.3739612	5.30322986	165.725933
10	15:33:11	19.38	90.860	26.610	39549.000	32.000	90.888546	19.0411505	183.809727	137.869014	6.63527710	207.352409	35	19.3739612	5.29814649	165.567078
10	15:33:26	19.63	90.400	26.660	39579.000	32.000	90.454083	18.9501303	182.931083	137.209975	6.60355928	206.361227	35	19.3739612	5.27282040	164.775637
