Chamber	Time/hh:mm:ss	Logtime/min	Oxy/% air sat.	Phase/°	Amp	Temp/°C	% air-sat.	% oxygen	pO2 (hPa)	pO2 (Torr)	cO2 [mg/L]	cO2 [µmol/L]	Salinity	chlorinity	SalCorcO2 [mg/L]	SalCorcO2 [µmol/L]
8	14:05:18	0.00	95.150	26.630	27388.000	29.000	95.168404	19.9377807	193.962737	145.484419	7.30685929	228.339353	35	19.3739612	5.91985536	184.995480
8	14:05:33	0.25	94.850	26.660	27343.000	29.000	94.895420	19.8805906	193.406369	145.067107	7.28590008	227.684378	35	19.3739612	5.90287468	184.464834
8	14:05:48	0.50	94.920	26.650	27331.000	29.000	94.986307	19.8996313	193.591604	145.206046	7.29287817	227.902443	35	19.3739612	5.90852817	184.641505
8	14:06:03	0.75	94.280	26.720	27370.000	29.000	94.352367	19.7668209	192.299572	144.236939	7.24420541	226.381419	35	19.3739612	5.86909458	183.409206
8	14:06:18	1.00	94.980	26.650	27359.000	29.000	94.986307	19.8996313	193.591604	145.206046	7.29287817	227.902443	35	19.3739612	5.90852817	184.641505
8	14:06:32	1.25	94.190	26.730	27341.000	29.000	94.262234	19.7479380	192.115872	144.099152	7.23728516	226.165161	35	19.3739612	5.86348795	183.233998
8	14:06:48	1.50	93.620	26.800	27389.000	29.000	93.634289	19.6163834	190.836056	143.139209	7.18907264	224.658520	35	19.3739612	5.82442723	182.013351
8	14:07:03	1.75	94.150	26.740	27383.000	29.000	94.172208	19.7290775	191.932389	143.961529	7.23037312	225.949160	35	19.3739612	5.85788796	183.058999
8	14:07:18	2.00	94.500	26.700	27363.000	29.000	94.532955	19.8046540	192.667627	144.513004	7.25807061	226.814706	35	19.3739612	5.88032785	183.760245
8	14:07:32	2.25	94.860	26.660	27351.000	29.000	94.895420	19.8805906	193.406369	145.067107	7.28590008	227.684378	35	19.3739612	5.90287468	184.464834
8	14:07:47	2.50	94.390	26.710	27393.000	29.000	94.442607	19.7857262	192.483490	144.374890	7.25113389	226.597934	35	19.3739612	5.87470788	183.584621
8	14:08:02	2.75	94.600	26.690	27440.000	29.000	94.623409	19.8236043	192.851983	144.651283	7.26501557	227.031737	35	19.3739612	5.88595451	183.936078
8	14:08:17	3.00	93.820	26.770	27366.000	29.000	93.902770	19.6726303	191.383247	143.549637	7.20968615	225.302692	35	19.3739612	5.84112784	182.535245
8	14:08:32	3.25	94.350	26.720	27393.000	29.000	94.352367	19.7668209	192.299572	144.236939	7.24420541	226.381419	35	19.3739612	5.86909458	183.409206
8	14:08:48	3.50	94.130	26.740	27395.000	29.000	94.172208	19.7290775	191.932389	143.961529	7.23037312	225.949160	35	19.3739612	5.85788796	183.058999
8	14:09:02	3.75	94.060	26.750	27418.000	29.000	94.082289	19.7102395	191.749125	143.824069	7.22346928	225.733415	35	19.3739612	5.85229462	182.884207
8	14:09:17	4.00	95.050	26.640	27430.000	29.000	95.077301	19.9186946	193.777060	145.345150	7.29986457	228.120768	35	19.3739612	5.91418839	184.818387
8	14:09:33	4.25	94.010	26.750	27386.000	29.000	94.082289	19.7102395	191.749125	143.824069	7.22346928	225.733415	35	19.3739612	5.85229462	182.884207
8	14:09:48	4.50	93.390	26.820	27425.000	29.000	93.455831	19.5789965	190.472341	142.866399	7.17537095	224.230342	35	19.3739612	5.81332643	181.666451
8	14:10:02	4.75	93.950	26.760	27425.000	29.000	93.992476	19.6914237	191.566078	143.686772	7.21657362	225.517926	35	19.3739612	5.84670792	182.709622
8	14:10:17	5.00	94.490	26.700	27427.000	29.000	94.532955	19.8046540	192.667627	144.513004	7.25807061	226.814706	35	19.3739612	5.88032785	183.760245
8	14:10:33	5.25	94.250	26.730	27388.000	29.000	94.262234	19.7479380	192.115872	144.099152	7.23728516	226.165161	35	19.3739612	5.86348795	183.233998
8	14:10:48	5.50	94.140	26.740	27385.000	29.000	94.172208	19.7290775	191.932389	143.961529	7.23037312	225.949160	35	19.3739612	5.85788796	183.058999
8	14:11:02	5.75	94.380	26.710	27406.000	29.000	94.442607	19.7857262	192.483490	144.374890	7.25113389	226.597934	35	19.3739612	5.87470788	183.584621
8	14:11:17	6.00	93.900	26.770	27437.000	29.000	93.902770	19.6726303	191.383247	143.549637	7.20968615	225.302692	35	19.3739612	5.84112784	182.535245
8	14:11:33	6.25	93.500	26.810	27430.000	29.000	93.545007	19.5976789	190.654091	143.002723	7.18221774	224.444304	35	19.3739612	5.81887354	181.839798
8	14:11:47	6.50	94.070	26.750	27438.000	29.000	94.082289	19.7102395	191.749125	143.824069	7.22346928	225.733415	35	19.3739612	5.85229462	182.884207
8	14:12:03	6.75	93.340	26.830	27456.000	29.000	93.366760	19.5603362	190.290806	142.730236	7.16853227	224.016633	35	19.3739612	5.80778588	181.493309
8	14:12:17	7.00	93.840	26.770	27440.000	29.000	93.902770	19.6726303	191.383247	143.549637	7.20968615	225.302692	35	19.3739612	5.84112784	182.535245
8	14:12:33	7.25	93.720	26.790	27420.000	29.000	93.723676	19.6351102	191.018237	143.275856	7.19593566	224.872990	35	19.3739612	5.82998750	182.187109
8	14:12:48	7.50	93.630	26.800	27442.000	29.000	93.634289	19.6163834	190.836056	143.139209	7.18907264	224.658520	35	19.3739612	5.82442723	182.013351
8	14:13:02	7.75	93.820	26.770	27459.000	29.000	93.902770	19.6726303	191.383247	143.549637	7.20968615	225.302692	35	19.3739612	5.84112784	182.535245
8	14:13:18	8.00	93.760	26.780	27420.000	29.000	93.813170	19.6538591	191.200634	143.412666	7.20280683	225.087713	35	19.3739612	5.83555437	182.361074
8	14:13:33	8.25	93.580	26.800	27424.000	29.000	93.634289	19.6163834	190.836056	143.139209	7.18907264	224.658520	35	19.3739612	5.82442723	182.013351
8	14:13:47	8.50	94.320	26.720	27470.000	29.000	94.352367	19.7668209	192.299572	144.236939	7.24420541	226.381419	35	19.3739612	5.86909458	183.409206
8	14:14:03	8.75	93.550	26.800	27467.000	29.000	93.634289	19.6163834	190.836056	143.139209	7.18907264	224.658520	35	19.3739612	5.82442723	182.013351
8	14:14:18	9.00	93.190	26.840	27453.000	29.000	93.277795	19.5416980	190.109486	142.594235	7.16170167	223.803177	35	19.3739612	5.80225188	181.320371
8	14:14:32	9.25	93.370	26.820	27445.000	29.000	93.455831	19.5789965	190.472341	142.866399	7.17537095	224.230342	35	19.3739612	5.81332643	181.666451
8	14:14:48	9.50	93.790	26.780	27524.000	29.000	93.813170	19.6538591	191.200634	143.412666	7.20280683	225.087713	35	19.3739612	5.83555437	182.361074
8	14:15:03	9.75	93.510	26.810	27479.000	29.000	93.545007	19.5976789	190.654091	143.002723	7.18221774	224.444304	35	19.3739612	5.81887354	181.839798
8	14:15:17	10.00	93.430	26.820	27490.000	29.000	93.455831	19.5789965	190.472341	142.866399	7.17537095	224.230342	35	19.3739612	5.81332643	181.666451
8	14:15:32	10.25	92.950	26.870	27526.000	29.000	93.011529	19.4859154	189.566810	142.187194	7.14125831	223.164322	35	19.3739612	5.78568912	180.802785
8	14:15:48	10.50	93.560	26.800	27485.000	29.000	93.634289	19.6163834	190.836056	143.139209	7.18907264	224.658520	35	19.3739612	5.82442723	182.013351
8	14:16:03	10.75	94.100	26.740	27502.000	29.000	94.172208	19.7290775	191.932389	143.961529	7.23037312	225.949160	35	19.3739612	5.85788796	183.058999
8	14:16:18	11.00	93.960	26.760	27500.000	29.000	93.992476	19.6914237	191.566078	143.686772	7.21657362	225.517926	35	19.3739612	5.84670792	182.709622
8	14:16:33	11.25	93.280	26.830	27534.000	29.000	93.366760	19.5603362	190.290806	142.730236	7.16853227	224.016633	35	19.3739612	5.80778588	181.493309
8	14:16:48	11.50	93.330	26.830	27547.000	29.000	93.366760	19.5603362	190.290806	142.730236	7.16853227	224.016633	35	19.3739612	5.80778588	181.493309
8	14:17:02	11.75	93.260	26.840	27543.000	29.000	93.277795	19.5416980	190.109486	142.594235	7.16170167	223.803177	35	19.3739612	5.80225188	181.320371
8	14:17:18	12.00	93.840	26.770	27505.000	29.000	93.902770	19.6726303	191.383247	143.549637	7.20968615	225.302692	35	19.3739612	5.84112784	182.535245
8	14:17:32	12.25	94.040	26.750	27496.000	29.000	94.082289	19.7102395	191.749125	143.824069	7.22346928	225.733415	35	19.3739612	5.85229462	182.884207
8	14:17:47	12.50	93.020	26.860	27526.000	29.000	93.100180	19.5044876	189.747488	142.322714	7.14806471	223.377022	35	19.3739612	5.79120351	180.975110
8	14:18:03	12.75	92.680	26.900	27564.000	29.000	92.746207	19.4303303	189.026056	141.781594	7.12088732	222.527729	35	19.3739612	5.76918499	180.287031
8	14:18:17	13.00	92.290	26.950	27504.000	29.000	92.306086	19.3381250	188.129046	141.108778	7.08709561	221.471738	35	19.3739612	5.74180771	179.431491
8	14:18:33	13.25	93.230	26.840	27530.000	29.000	93.277795	19.5416980	190.109486	142.594235	7.16170167	223.803177	35	19.3739612	5.80225188	181.320371
8	14:18:48	13.50	93.360	26.830	27546.000	29.000	93.366760	19.5603362	190.290806	142.730236	7.16853227	224.016633	35	19.3739612	5.80778588	181.493309
8	14:19:03	13.75	93.400	26.820	27582.000	29.000	93.455831	19.5789965	190.472341	142.866399	7.17537095	224.230342	35	19.3739612	5.81332643	181.666451
8	14:19:18	14.00	93.000	26.870	27540.000	29.000	93.011529	19.4859154	189.566810	142.187194	7.14125831	223.164322	35	19.3739612	5.78568912	180.802785
8	14:19:33	14.25	93.180	26.850	27563.000	29.000	93.188935	19.5230818	189.928380	142.458394	7.15487916	223.589974	35	19.3739612	5.79672443	181.147638
8	14:19:47	14.50	93.210	26.840	27584.000	29.000	93.277795	19.5416980	190.109486	142.594235	7.16170167	223.803177	35	19.3739612	5.80225188	181.320371
8	14:20:03	14.75	93.380	26.820	27570.000	29.000	93.455831	19.5789965	190.472341	142.866399	7.17537095	224.230342	35	19.3739612	5.81332643	181.666451
8	14:20:18	15.00	93.070	26.860	27649.000	29.000	93.100180	19.5044876	189.747488	142.322714	7.14806471	223.377022	35	19.3739612	5.79120351	180.975110
8	14:20:33	15.25	93.230	26.840	27594.000	29.000	93.277795	19.5416980	190.109486	142.594235	7.16170167	223.803177	35	19.3739612	5.80225188	181.320371
8	14:20:48	15.50	93.360	26.830	27580.000	29.000	93.366760	19.5603362	190.290806	142.730236	7.16853227	224.016633	35	19.3739612	5.80778588	181.493309
8	14:21:02	15.75	93.970	26.760	27579.000	29.000	93.992476	19.6914237	191.566078	143.686772	7.21657362	225.517926	35	19.3739612	5.84670792	182.709622
8	14:21:17	16.00	92.920	26.880	27602.000	29.000	92.922984	19.4673651	189.386346	142.051834	7.13445995	222.951874	35	19.3739612	5.78018124	180.630664
8	14:21:33	16.25	92.700	26.900	27634.000	29.000	92.746207	19.4303303	189.026056	141.781594	7.12088732	222.527729	35	19.3739612	5.76918499	180.287031
8	14:21:48	16.50	92.920	26.880	27570.000	29.000	92.922984	19.4673651	189.386346	142.051834	7.13445995	222.951874	35	19.3739612	5.78018124	180.630664
8	14:22:03	16.75	92.690	26.900	27607.000	29.000	92.746207	19.4303303	189.026056	141.781594	7.12088732	222.527729	35	19.3739612	5.76918499	180.287031
8	14:22:18	17.00	93.520	26.810	27664.000	29.000	93.545007	19.5976789	190.654091	143.002723	7.18221774	224.444304	35	19.3739612	5.81887354	181.839798
8	14:22:32	17.25	92.740	26.900	27609.000	29.000	92.746207	19.4303303	189.026056	141.781594	7.12088732	222.527729	35	19.3739612	5.76918499	180.287031
8	14:22:47	17.50	92.560	26.920	27613.000	29.000	92.569847	19.3933829	188.666617	141.511991	7.10734670	222.104585	35	19.3739612	5.75821469	179.944209
8	14:23:02	17.75	93.530	26.810	27634.000	29.000	93.545007	19.5976789	190.654091	143.002723	7.18221774	224.444304	35	19.3739612	5.81887354	181.839798
8	14:23:18	18.00	92.350	26.940	27618.000	29.000	92.393902	19.3565225	188.308025	141.243024	7.09383802	221.682438	35	19.3739612	5.74727025	179.602195
8	14:23:32	18.25	92.530	26.920	27624.000	29.000	92.569847	19.3933829	188.666617	141.511991	7.10734670	222.104585	35	19.3739612	5.75821469	179.944209
8	14:23:48	18.50	92.170	26.960	27672.000	29.000	92.218373	19.3197491	187.950278	140.974691	7.08036116	221.261286	35	19.3739612	5.73635160	179.260987
8	14:24:02	18.75	92.340	26.940	27646.000	29.000	92.393902	19.3565225	188.308025	141.243024	7.09383802	221.682438	35	19.3739612	5.74727025	179.602195
8	14:24:17	19.00	92.210	26.960	27630.000	29.000	92.218373	19.3197491	187.950278	140.974691	7.08036116	221.261286	35	19.3739612	5.73635160	179.260987
8	14:24:33	19.25	92.270	26.950	27670.000	29.000	92.306086	19.3381250	188.129046	141.108778	7.08709561	221.471738	35	19.3739612	5.74180771	179.431491
8	14:24:48	19.50	92.220	26.950	27683.000	29.000	92.306086	19.3381250	188.129046	141.108778	7.08709561	221.471738	35	19.3739612	5.74180771	179.431491
8	14:25:02	19.75	92.270	26.950	27674.000	29.000	92.306086	19.3381250	188.129046	141.108778	7.08709561	221.471738	35	19.3739612	5.74180771	179.431491
8	14:25:17	20.00	91.700	27.010	27682.000	29.000	91.781354	19.2281937	187.059590	140.306618	7.04680765	220.212739	35	19.3739612	5.70916729	178.411478
8	14:25:33	20.25	92.240	26.950	27673.000	29.000	92.306086	19.3381250	188.129046	141.108778	7.08709561	221.471738	35	19.3739612	5.74180771	179.431491
8	14:25:48	20.50	92.160	26.960	27687.000	29.000	92.218373	19.3197491	187.950278	140.974691	7.08036116	221.261286	35	19.3739612	5.73635160	179.260987
8	14:26:03	20.75	92.670	26.900	27687.000	29.000	92.746207	19.4303303	189.026056	141.781594	7.12088732	222.527729	35	19.3739612	5.76918499	180.287031
8	14:26:17	21.00	92.640	26.910	27684.000	29.000	92.657975	19.4118457	188.846231	141.646713	7.11411301	222.316032	35	19.3739612	5.76369660	180.115519
8	14:26:33	21.25	92.220	26.950	27661.000	29.000	92.306086	19.3381250	188.129046	141.108778	7.08709561	221.471738	35	19.3739612	5.74180771	179.431491
8	14:26:48	21.50	93.420	26.820	27758.000	29.000	93.455831	19.5789965	190.472341	142.866399	7.17537095	224.230342	35	19.3739612	5.81332643	181.666451
8	14:27:03	21.75	91.920	26.990	27677.000	29.000	91.955853	19.2647511	187.415236	140.573375	7.06020535	220.631417	35	19.3739612	5.72002181	178.750681
8	14:27:17	22.00	92.310	26.940	27717.000	29.000	92.393902	19.3565225	188.308025	141.243024	7.09383802	221.682438	35	19.3739612	5.74727025	179.602195
8	14:27:33	22.25	92.360	26.940	27721.000	29.000	92.393902	19.3565225	188.308025	141.243024	7.09383802	221.682438	35	19.3739612	5.74727025	179.602195
8	14:27:48	22.50	91.440	27.040	27724.000	29.000	91.520375	19.1735185	186.527688	139.907658	7.02677013	219.586567	35	19.3739612	5.69293334	177.904167
8	14:28:03	22.75	92.940	26.870	27728.000	29.000	93.011529	19.4859154	189.566810	142.187194	7.14125831	223.164322	35	19.3739612	5.78568912	180.802785
8	14:28:18	23.00	92.110	26.970	27767.000	29.000	92.130763	19.3013948	187.771720	140.840761	7.07363464	221.051082	35	19.3739612	5.73090192	179.090685
8	14:28:33	23.25	92.490	26.920	27767.000	29.000	92.569847	19.3933829	188.666617	141.511991	7.10734670	222.104585	35	19.3739612	5.75821469	179.944209
8	14:28:48	23.50	92.130	26.970	27727.000	29.000	92.130763	19.3013948	187.771720	140.840761	7.07363464	221.051082	35	19.3739612	5.73090192	179.090685
8	14:29:02	23.75	92.840	26.880	27734.000	29.000	92.922984	19.4673651	189.386346	142.051834	7.13445995	222.951874	35	19.3739612	5.78018124	180.630664
8	14:29:18	24.00	91.920	26.990	27765.000	29.000	91.955853	19.2647511	187.415236	140.573375	7.06020535	220.631417	35	19.3739612	5.72002181	178.750681
8	14:29:33	24.25	91.310	27.060	27749.000	29.000	91.346899	19.1371754	186.174128	139.642465	7.01345101	219.170344	35	19.3739612	5.68214248	177.566952
8	14:29:48	24.50	91.490	27.040	27741.000	29.000	91.520375	19.1735185	186.527688	139.907658	7.02677013	219.586567	35	19.3739612	5.69293334	177.904167
