Chamber	Time/hh:mm:ss	Logtime/min	Oxy/% air sat.	Phase/°	Amp	Temp/°C	% air-sat.	% oxygen	pO2 (hPa)	pO2 (Torr)	cO2 [mg/L]	cO2 [µmol/L]	Salinity	chlorinity	SalCorcO2 [mg/L]	SalCorcO2 [µmol/L]
7	14:05:16	0.00	93.260	26.840	29822.000	29.000	93.277795	19.5416980	190.109486	142.594235	7.16170167	223.803177	35	19.3739612	5.80225188	181.320371
7	14:05:31	0.25	93.660	26.790	29806.000	29.000	93.723676	19.6351102	191.018237	143.275856	7.19593566	224.872990	35	19.3739612	5.82998750	182.187109
7	14:05:46	0.50	93.890	26.770	29828.000	29.000	93.902770	19.6726303	191.383247	143.549637	7.20968615	225.302692	35	19.3739612	5.84112784	182.535245
7	14:06:01	0.75	93.580	26.800	29864.000	29.000	93.634289	19.6163834	190.836056	143.139209	7.18907264	224.658520	35	19.3739612	5.82442723	182.013351
7	14:06:16	1.00	93.580	26.800	29883.000	29.000	93.634289	19.6163834	190.836056	143.139209	7.18907264	224.658520	35	19.3739612	5.82442723	182.013351
7	14:06:31	1.25	93.880	26.770	29843.000	29.000	93.902770	19.6726303	191.383247	143.549637	7.20968615	225.302692	35	19.3739612	5.84112784	182.535245
7	14:06:46	1.50	93.790	26.780	29872.000	29.000	93.813170	19.6538591	191.200634	143.412666	7.20280683	225.087713	35	19.3739612	5.83555437	182.361074
7	14:07:01	1.75	93.330	26.830	29871.000	29.000	93.366760	19.5603362	190.290806	142.730236	7.16853227	224.016633	35	19.3739612	5.80778588	181.493309
7	14:07:16	2.00	93.080	26.860	29894.000	29.000	93.100180	19.5044876	189.747488	142.322714	7.14806471	223.377022	35	19.3739612	5.79120351	180.975110
7	14:07:31	2.25	93.580	26.800	29888.000	29.000	93.634289	19.6163834	190.836056	143.139209	7.18907264	224.658520	35	19.3739612	5.82442723	182.013351
7	14:07:46	2.50	92.970	26.870	29882.000	29.000	93.011529	19.4859154	189.566810	142.187194	7.14125831	223.164322	35	19.3739612	5.78568912	180.802785
7	14:08:01	2.75	93.550	26.800	29889.000	29.000	93.634289	19.6163834	190.836056	143.139209	7.18907264	224.658520	35	19.3739612	5.82442723	182.013351
7	14:08:16	3.00	93.530	26.810	29927.000	29.000	93.545007	19.5976789	190.654091	143.002723	7.18221774	224.444304	35	19.3739612	5.81887354	181.839798
7	14:08:31	3.25	93.590	26.800	29914.000	29.000	93.634289	19.6163834	190.836056	143.139209	7.18907264	224.658520	35	19.3739612	5.82442723	182.013351
7	14:08:46	3.50	92.780	26.890	29925.000	29.000	92.834543	19.4488368	189.206095	141.916634	7.12766963	222.739676	35	19.3739612	5.77467987	180.458746
7	14:09:01	3.75	93.060	26.860	29929.000	29.000	93.100180	19.5044876	189.747488	142.322714	7.14806471	223.377022	35	19.3739612	5.79120351	180.975110
7	14:09:16	4.00	92.790	26.890	29975.000	29.000	92.834543	19.4488368	189.206095	141.916634	7.12766963	222.739676	35	19.3739612	5.77467987	180.458746
7	14:09:31	4.25	93.010	26.870	29943.000	29.000	93.011529	19.4859154	189.566810	142.187194	7.14125831	223.164322	35	19.3739612	5.78568912	180.802785
7	14:09:46	4.50	92.970	26.870	29994.000	29.000	93.011529	19.4859154	189.566810	142.187194	7.14125831	223.164322	35	19.3739612	5.78568912	180.802785
7	14:10:01	4.75	92.270	26.950	30017.000	29.000	92.306086	19.3381250	188.129046	141.108778	7.08709561	221.471738	35	19.3739612	5.74180771	179.431491
7	14:10:16	5.00	92.770	26.890	29998.000	29.000	92.834543	19.4488368	189.206095	141.916634	7.12766963	222.739676	35	19.3739612	5.77467987	180.458746
7	14:10:31	5.25	92.430	26.930	30045.000	29.000	92.481823	19.3749418	188.487215	141.377428	7.10058838	221.893387	35	19.3739612	5.75273924	179.773101
7	14:10:46	5.50	92.840	26.880	30020.000	29.000	92.922984	19.4673651	189.386346	142.051834	7.13445995	222.951874	35	19.3739612	5.78018124	180.630664
7	14:11:01	5.75	92.800	26.890	30042.000	29.000	92.834543	19.4488368	189.206095	141.916634	7.12766963	222.739676	35	19.3739612	5.77467987	180.458746
7	14:11:16	6.00	92.350	26.940	30053.000	29.000	92.393902	19.3565225	188.308025	141.243024	7.09383802	221.682438	35	19.3739612	5.74727025	179.602195
7	14:11:31	6.25	92.390	26.940	30059.000	29.000	92.393902	19.3565225	188.308025	141.243024	7.09383802	221.682438	35	19.3739612	5.74727025	179.602195
7	14:11:46	6.50	92.020	26.980	30068.000	29.000	92.043256	19.2830622	187.593373	140.706990	7.06691604	220.841126	35	19.3739612	5.72545866	178.920583
7	14:12:01	6.75	92.380	26.940	30040.000	29.000	92.393902	19.3565225	188.308025	141.243024	7.09383802	221.682438	35	19.3739612	5.74727025	179.602195
7	14:12:16	7.00	92.430	26.930	30061.000	29.000	92.481823	19.3749418	188.487215	141.377428	7.10058838	221.893387	35	19.3739612	5.75273924	179.773101
7	14:12:31	7.25	92.040	26.980	30118.000	29.000	92.043256	19.2830622	187.593373	140.706990	7.06691604	220.841126	35	19.3739612	5.72545866	178.920583
7	14:12:46	7.50	92.090	26.970	30117.000	29.000	92.130763	19.3013948	187.771720	140.840761	7.07363464	221.051082	35	19.3739612	5.73090192	179.090685
7	14:13:01	7.75	92.100	26.970	30116.000	29.000	92.130763	19.3013948	187.771720	140.840761	7.07363464	221.051082	35	19.3739612	5.73090192	179.090685
7	14:13:16	8.00	92.530	26.920	30133.000	29.000	92.569847	19.3933829	188.666617	141.511991	7.10734670	222.104585	35	19.3739612	5.75821469	179.944209
7	14:13:31	8.25	91.770	27.010	30155.000	29.000	91.781354	19.2281937	187.059590	140.306618	7.04680765	220.212739	35	19.3739612	5.70916729	178.411478
7	14:13:46	8.50	92.240	26.950	30154.000	29.000	92.306086	19.3381250	188.129046	141.108778	7.08709561	221.471738	35	19.3739612	5.74180771	179.431491
7	14:14:01	8.75	92.420	26.930	30141.000	29.000	92.481823	19.3749418	188.487215	141.377428	7.10058838	221.893387	35	19.3739612	5.75273924	179.773101
7	14:14:16	9.00	92.130	26.970	30162.000	29.000	92.130763	19.3013948	187.771720	140.840761	7.07363464	221.051082	35	19.3739612	5.73090192	179.090685
7	14:14:31	9.25	92.210	26.960	30179.000	29.000	92.218373	19.3197491	187.950278	140.974691	7.08036116	221.261286	35	19.3739612	5.73635160	179.260987
7	14:14:46	9.50	91.820	27.000	30153.000	29.000	91.868552	19.2464616	187.237308	140.439918	7.05350255	220.421955	35	19.3739612	5.71459135	178.580980
7	14:15:01	9.75	91.440	27.040	30185.000	29.000	91.520375	19.1735185	186.527688	139.907658	7.02677013	219.586567	35	19.3739612	5.69293334	177.904167
7	14:15:16	10.00	91.810	27.000	30215.000	29.000	91.868552	19.2464616	187.237308	140.439918	7.05350255	220.421955	35	19.3739612	5.71459135	178.580980
7	14:15:31	10.25	91.760	27.010	30244.000	29.000	91.781354	19.2281937	187.059590	140.306618	7.04680765	220.212739	35	19.3739612	5.70916729	178.411478
7	14:15:46	10.50	92.060	26.970	30259.000	29.000	92.130763	19.3013948	187.771720	140.840761	7.07363464	221.051082	35	19.3739612	5.73090192	179.090685
7	14:16:01	10.75	91.370	27.050	30238.000	29.000	91.433586	19.1553363	186.350804	139.774984	7.02010666	219.378333	35	19.3739612	5.68753474	177.735461
7	14:16:16	11.00	91.130	27.080	30232.000	29.000	91.173831	19.1009176	185.821398	139.377895	7.00016314	218.755098	35	19.3739612	5.67137695	177.230530
7	14:16:31	11.25	91.180	27.070	30265.000	29.000	91.260314	19.1190359	185.997659	139.510103	7.00680317	218.962599	35	19.3739612	5.67675655	177.398642
7	14:16:46	11.50	91.770	27.010	30276.000	29.000	91.781354	19.2281937	187.059590	140.306618	7.04680765	220.212739	35	19.3739612	5.70916729	178.411478
7	14:17:01	11.75	91.690	27.020	30279.000	29.000	91.694259	19.2099472	186.882080	140.173475	7.04012062	220.003769	35	19.3739612	5.70374961	178.242175
7	14:17:16	12.00	90.700	27.130	30295.000	29.000	90.742934	19.0106447	184.943187	138.719181	6.96707965	217.721239	35	19.3739612	5.64457344	176.392920
7	14:17:31	12.25	91.230	27.070	30261.000	29.000	91.260314	19.1190359	185.997659	139.510103	7.00680317	218.962599	35	19.3739612	5.67675655	177.398642
7	14:17:46	12.50	90.390	27.170	30331.000	29.000	90.400031	18.9388065	184.244315	138.194983	6.94075216	216.898505	35	19.3739612	5.62324348	175.726359
7	14:18:01	12.75	90.050	27.210	30339.000	29.000	90.058730	18.8673040	183.548710	137.673235	6.91454768	216.079615	35	19.3739612	5.60201320	175.062912
7	14:18:16	13.00	90.680	27.130	30353.000	29.000	90.742934	19.0106447	184.943187	138.719181	6.96707965	217.721239	35	19.3739612	5.64457344	176.392920
7	14:18:31	13.25	91.410	27.050	30352.000	29.000	91.433586	19.1553363	186.350804	139.774984	7.02010666	219.378333	35	19.3739612	5.68753474	177.735461
7	14:18:46	13.50	90.880	27.110	30357.000	29.000	90.914990	19.0466904	185.293853	138.982203	6.98028976	218.134055	35	19.3739612	5.65527597	176.727374
7	14:19:01	13.75	91.340	27.060	30324.000	29.000	91.346899	19.1371754	186.174128	139.642465	7.01345101	219.170344	35	19.3739612	5.68214248	177.566952
7	14:19:16	14.00	90.340	27.170	30399.000	29.000	90.400031	18.9388065	184.244315	138.194983	6.94075216	216.898505	35	19.3739612	5.62324348	175.726359
7	14:19:31	14.25	90.460	27.160	30383.000	29.000	90.485606	18.9567345	184.418726	138.325802	6.94732247	217.103827	35	19.3739612	5.62856660	175.892706
7	14:19:46	14.50	90.110	27.200	30372.000	29.000	90.143906	18.8851482	183.722306	137.803443	6.92108731	216.283978	35	19.3739612	5.60731146	175.228483
7	14:20:01	14.75	90.340	27.170	30467.000	29.000	90.400031	18.9388065	184.244315	138.194983	6.94075216	216.898505	35	19.3739612	5.62324348	175.726359
7	14:20:16	15.00	90.600	27.140	30398.000	29.000	90.657058	18.9926536	184.768162	138.587901	6.96048621	217.515194	35	19.3739612	5.63923157	176.225987
7	14:20:31	15.25	90.270	27.180	30488.000	29.000	90.314556	18.9208995	184.070109	138.064317	6.93418953	216.693423	35	19.3739612	5.61792659	175.560206
7	14:20:46	15.50	89.940	27.220	30445.000	29.000	89.973654	18.8494805	183.375316	137.543178	6.90801570	215.875491	35	19.3739612	5.59672113	174.897535
7	14:21:01	15.75	90.040	27.210	30422.000	29.000	90.058730	18.8673040	183.548710	137.673235	6.91454768	216.079615	35	19.3739612	5.60201320	175.062912
7	14:21:16	16.00	90.400	27.170	30474.000	29.000	90.400031	18.9388065	184.244315	138.194983	6.94075216	216.898505	35	19.3739612	5.62324348	175.726359
7	14:21:31	16.25	90.170	27.190	30509.000	29.000	90.229181	18.9030134	183.896106	137.933804	6.92763459	216.488581	35	19.3739612	5.61261592	175.394247
7	14:21:46	16.50	90.600	27.140	30491.000	29.000	90.657058	18.9926536	184.768162	138.587901	6.96048621	217.515194	35	19.3739612	5.63923157	176.225987
7	14:22:01	16.75	89.810	27.230	30503.000	29.000	89.888677	18.8316779	183.202125	137.413274	6.90149134	215.671605	35	19.3739612	5.59143524	174.732351
7	14:22:16	17.00	89.800	27.240	30513.000	29.000	89.803800	18.8138961	183.029137	137.283522	6.89497461	215.467957	35	19.3739612	5.58615553	174.567360
7	14:22:31	17.25	89.970	27.220	30531.000	29.000	89.973654	18.8494805	183.375316	137.543178	6.90801570	215.875491	35	19.3739612	5.59672113	174.897535
7	14:22:46	17.50	90.620	27.140	30539.000	29.000	90.657058	18.9926536	184.768162	138.587901	6.96048621	217.515194	35	19.3739612	5.63923157	176.225987
7	14:23:01	17.75	89.250	27.300	30583.000	29.000	89.296612	18.7076402	181.995437	136.508181	6.85603361	214.251050	35	19.3739612	5.55460639	173.581450
7	14:23:16	18.00	89.650	27.250	30609.000	29.000	89.719022	18.7961351	182.856350	137.153921	6.88846549	215.264547	35	19.3739612	5.58088198	174.402562
7	14:23:31	18.25	89.270	27.300	30561.000	29.000	89.296612	18.7076402	181.995437	136.508181	6.85603361	214.251050	35	19.3739612	5.55460639	173.581450
7	14:23:46	18.50	89.170	27.310	30606.000	29.000	89.212425	18.6900031	181.823855	136.379484	6.84956990	214.049059	35	19.3739612	5.54936964	173.417801
7	14:24:01	18.75	88.940	27.340	30602.000	29.000	88.960453	18.6372148	181.310311	135.994292	6.83022391	213.444497	35	19.3739612	5.53369595	172.927998
7	14:24:16	19.00	88.820	27.350	30600.000	29.000	88.876657	18.6196597	181.139527	135.866194	6.82379026	213.243446	35	19.3739612	5.52848355	172.765111
7	14:24:31	19.25	89.110	27.320	30657.000	29.000	89.128336	18.6723865	181.652474	136.250937	6.84311372	213.847304	35	19.3739612	5.54413899	173.254343
7	14:24:46	19.50	88.520	27.390	30641.000	29.000	88.542450	18.5496432	180.458378	135.355289	6.79813038	212.441574	35	19.3739612	5.50769448	172.115452
7	14:25:01	19.75	89.380	27.280	30652.000	29.000	89.465280	18.7429762	182.339199	136.766025	6.86898366	214.655739	35	19.3739612	5.56509824	173.909320
7	14:25:16	20.00	88.800	27.350	30698.000	29.000	88.876657	18.6196597	181.139527	135.866194	6.82379026	213.243446	35	19.3739612	5.52848355	172.765111
7	14:25:31	20.25	89.500	27.270	30705.000	29.000	89.549762	18.7606751	182.511382	136.895172	6.87547002	214.858438	35	19.3739612	5.57035335	174.073542
7	14:25:46	20.50	88.310	27.410	30697.000	29.000	88.375928	18.5147568	180.118990	135.100726	6.78534513	212.042035	35	19.3739612	5.49733615	171.791755
7	14:26:01	20.75	88.870	27.350	30720.000	29.000	88.876657	18.6196597	181.139527	135.866194	6.82379026	213.243446	35	19.3739612	5.52848355	172.765111
7	14:26:16	21.00	89.110	27.320	30695.000	29.000	89.128336	18.6723865	181.652474	136.250937	6.84311372	213.847304	35	19.3739612	5.54413899	173.254343
7	14:26:31	21.25	88.260	27.420	30773.000	29.000	88.292812	18.4973441	179.949591	134.973666	6.77896364	211.842614	35	19.3739612	5.49216601	171.630188
7	14:26:46	21.50	88.530	27.390	30719.000	29.000	88.542450	18.5496432	180.458378	135.355289	6.79813038	212.441574	35	19.3739612	5.50769448	172.115452
7	14:27:01	21.75	88.140	27.430	30777.000	29.000	88.209792	18.4799515	179.780389	134.846754	6.77258955	211.643423	35	19.3739612	5.48700187	171.468808
7	14:27:16	22.00	88.770	27.360	30771.000	29.000	88.792960	18.6021250	180.968943	135.738245	6.81736409	213.042628	35	19.3739612	5.52327720	172.602413
7	14:27:31	22.25	88.250	27.420	30778.000	29.000	88.292812	18.4973441	179.949591	134.973666	6.77896364	211.842614	35	19.3739612	5.49216601	171.630188
7	14:27:46	22.50	88.240	27.420	30786.000	29.000	88.292812	18.4973441	179.949591	134.973666	6.77896364	211.842614	35	19.3739612	5.49216601	171.630188
7	14:28:01	22.75	88.350	27.410	30805.000	29.000	88.375928	18.5147568	180.118990	135.100726	6.78534513	212.042035	35	19.3739612	5.49733615	171.791755
7	14:28:16	23.00	88.540	27.390	30792.000	29.000	88.542450	18.5496432	180.458378	135.355289	6.79813038	212.441574	35	19.3739612	5.50769448	172.115452
7	14:28:31	23.25	88.320	27.410	30830.000	29.000	88.375928	18.5147568	180.118990	135.100726	6.78534513	212.042035	35	19.3739612	5.49733615	171.791755
7	14:28:46	23.50	88.570	27.380	30827.000	29.000	88.625856	18.5671168	180.628368	135.482792	6.80453416	212.641692	35	19.3739612	5.51288268	172.277584
7	14:29:01	23.75	87.670	27.490	30832.000	29.000	87.713694	18.3760188	178.769291	134.088366	6.73449999	210.453125	35	19.3739612	5.45614255	170.504455
7	14:29:16	24.00	88.250	27.420	30854.000	29.000	88.292812	18.4973441	179.949591	134.973666	6.77896364	211.842614	35	19.3739612	5.49216601	171.630188
7	14:29:31	24.25	87.880	27.460	30878.000	29.000	87.961311	18.4278947	179.273960	134.466900	6.75351163	211.047239	35	19.3739612	5.47154536	170.985793
7	14:29:46	24.50	87.240	27.540	30903.000	29.000	87.302905	18.2899587	177.932063	133.460391	6.70296039	209.467512	35	19.3739612	5.43058987	169.705933
