Chamber	Time/hh:mm:ss	Logtime/min	Oxy/% air sat.	Phase/°	Amp	Temp/°C	% air-sat.	% oxygen	pO2 (hPa)	pO2 (Torr)	cO2 [mg/L]	cO2 [µmol/L]	Salinity	chlorinity	SalCorcO2 [mg/L]	SalCorcO2 [µmol/L]
7	10:38:55	0.00	94.790	27.890	31641.000	22.000	94.805748	19.8618041	195.935361	146.964013	8.25885212	258.089129	35	19.3739612	6.74517709	210.786784
7	10:39:08	0.22	93.570	28.030	31607.000	22.000	93.581170	19.6052551	193.404522	145.065722	8.15217497	254.755468	35	19.3739612	6.65805163	208.064114
7	10:39:23	0.47	94.280	27.940	31630.000	22.000	94.366153	19.7697090	195.026849	146.282571	8.22055752	256.892423	35	19.3739612	6.71390109	209.809409
7	10:39:38	0.72	94.110	27.960	31650.000	22.000	94.191016	19.7330179	194.664893	146.011081	8.20530075	256.415648	35	19.3739612	6.70144056	209.420018
7	10:39:53	0.97	94.170	27.960	31656.000	22.000	94.191016	19.7330179	194.664893	146.011081	8.20530075	256.415648	35	19.3739612	6.70144056	209.420018
7	10:40:08	1.22	93.900	27.990	31667.000	22.000	93.929058	19.6781377	194.123503	145.605004	8.18248070	255.702522	35	19.3739612	6.68280295	208.837592
7	10:40:23	1.47	94.080	27.970	31628.000	22.000	94.103597	19.7147036	194.484224	145.875567	8.19768539	256.177669	35	19.3739612	6.69522095	209.225655
7	10:40:38	1.72	94.260	27.950	31648.000	22.000	94.278535	19.7513530	194.845768	146.146748	8.21292478	256.653900	35	19.3739612	6.70766728	209.614602
7	10:40:53	1.97	94.290	27.940	31684.000	22.000	94.366153	19.7697090	195.026849	146.282571	8.22055752	256.892423	35	19.3739612	6.71390109	209.809409
7	10:41:08	2.22	94.410	27.930	31653.000	22.000	94.453871	19.7880860	195.208137	146.418548	8.22819897	257.131218	35	19.3739612	6.72014202	210.004438
7	10:41:23	2.47	94.500	27.920	31656.000	22.000	94.541690	19.8064840	195.389632	146.554681	8.23584914	257.370286	35	19.3739612	6.72639007	210.199690
7	10:41:38	2.72	93.850	27.990	31712.000	22.000	93.929058	19.6781377	194.123503	145.605004	8.18248070	255.702522	35	19.3739612	6.68280295	208.837592
7	10:41:53	2.97	93.730	28.010	31684.000	22.000	93.754916	19.6416549	193.763604	145.335056	8.16731059	255.228456	35	19.3739612	6.67041321	208.450413
7	10:42:08	3.22	94.260	27.950	31707.000	22.000	94.278535	19.7513530	194.845768	146.146748	8.21292478	256.653900	35	19.3739612	6.70766728	209.614602
7	10:42:23	3.47	93.920	27.990	31701.000	22.000	93.929058	19.6781377	194.123503	145.605004	8.18248070	255.702522	35	19.3739612	6.68280295	208.837592
7	10:42:38	3.72	93.410	28.040	31717.000	22.000	93.494445	19.5870862	193.225287	144.931285	8.14462007	254.519377	35	19.3739612	6.65188139	207.871293
7	10:42:53	3.97	93.640	28.020	31728.000	22.000	93.667994	19.6234446	193.583961	145.200312	8.15973848	254.991827	35	19.3739612	6.66422891	208.257153
7	10:43:08	4.22	93.930	27.980	31681.000	22.000	94.016278	19.6964102	194.303761	145.740209	8.19007872	255.939960	35	19.3739612	6.68900841	209.031513
7	10:43:23	4.47	93.660	28.020	31720.000	22.000	93.667994	19.6234446	193.583961	145.200312	8.15973848	254.991827	35	19.3739612	6.66422891	208.257153
7	10:43:38	4.72	93.580	28.020	31714.000	22.000	93.667994	19.6234446	193.583961	145.200312	8.15973848	254.991827	35	19.3739612	6.66422891	208.257153
7	10:43:53	4.97	93.900	27.990	31712.000	22.000	93.929058	19.6781377	194.123503	145.605004	8.18248070	255.702522	35	19.3739612	6.68280295	208.837592
7	10:44:08	5.22	93.700	28.010	31725.000	22.000	93.754916	19.6416549	193.763604	145.335056	8.16731059	255.228456	35	19.3739612	6.67041321	208.450413
7	10:44:23	5.47	93.250	28.060	31761.000	22.000	93.321291	19.5508104	192.867428	144.662868	8.12953600	254.048000	35	19.3739612	6.63956191	207.486310
7	10:44:38	5.72	93.470	28.040	31785.000	22.000	93.494445	19.5870862	193.225287	144.931285	8.14462007	254.519377	35	19.3739612	6.65188139	207.871293
7	10:44:53	5.97	93.640	28.020	31767.000	22.000	93.667994	19.6234446	193.583961	145.200312	8.15973848	254.991827	35	19.3739612	6.66422891	208.257153
7	10:45:08	6.22	93.620	28.020	31748.000	22.000	93.667994	19.6234446	193.583961	145.200312	8.15973848	254.991827	35	19.3739612	6.66422891	208.257153
7	10:45:23	6.47	93.130	28.080	31770.000	22.000	93.148529	19.5146169	192.510382	144.395060	8.11448617	253.577693	35	19.3739612	6.62727040	207.102200
7	10:45:38	6.72	93.800	28.000	31767.000	22.000	93.841937	19.6598859	193.943451	145.469953	8.17489133	255.465354	35	19.3739612	6.67660455	208.643892
7	10:45:53	6.97	93.580	28.020	31762.000	22.000	93.667994	19.6234446	193.583961	145.200312	8.15973848	254.991827	35	19.3739612	6.66422891	208.257153
7	10:46:08	7.22	93.500	28.030	31807.000	22.000	93.581170	19.6052551	193.404522	145.065722	8.15217497	254.755468	35	19.3739612	6.65805163	208.064114
7	10:46:23	7.47	93.540	28.030	31787.000	22.000	93.581170	19.6052551	193.404522	145.065722	8.15217497	254.755468	35	19.3739612	6.65805163	208.064114
7	10:46:38	7.72	93.080	28.080	31804.000	22.000	93.148529	19.5146169	192.510382	144.395060	8.11448617	253.577693	35	19.3739612	6.62727040	207.102200
7	10:46:53	7.97	92.950	28.100	31802.000	22.000	92.976160	19.4785055	192.154145	144.127860	8.09947048	253.108453	35	19.3739612	6.61500678	206.718962
7	10:47:08	8.22	93.320	28.060	31774.000	22.000	93.321291	19.5508104	192.867428	144.662868	8.12953600	254.048000	35	19.3739612	6.63956191	207.486310
7	10:47:23	8.47	93.510	28.030	31818.000	22.000	93.581170	19.6052551	193.404522	145.065722	8.15217497	254.755468	35	19.3739612	6.65805163	208.064114
7	10:47:38	8.72	92.830	28.110	31825.000	22.000	92.890122	19.4604805	191.976330	143.994487	8.09197541	252.874232	35	19.3739612	6.60888539	206.527669
7	10:47:53	8.97	93.020	28.090	31802.000	22.000	93.062296	19.4965509	192.332163	144.261384	8.10697406	253.342940	35	19.3739612	6.62113511	206.910472
7	10:48:08	9.22	93.150	28.070	31817.000	22.000	93.234861	19.5327033	192.688804	144.528888	8.12200681	253.812713	35	19.3739612	6.63341267	207.294146
7	10:48:23	9.47	93.500	28.030	31860.000	22.000	93.581170	19.6052551	193.404522	145.065722	8.15217497	254.755468	35	19.3739612	6.65805163	208.064114
7	10:48:38	9.72	92.660	28.130	31883.000	22.000	92.718338	19.4244918	191.621304	143.728195	8.07701075	252.406586	35	19.3739612	6.59666344	206.145733
7	10:48:53	9.97	92.870	28.110	31843.000	22.000	92.890122	19.4604805	191.976330	143.994487	8.09197541	252.874232	35	19.3739612	6.60888539	206.527669
7	10:49:08	10.22	93.240	28.060	31858.000	22.000	93.321291	19.5508104	192.867428	144.662868	8.12953600	254.048000	35	19.3739612	6.63956191	207.486310
7	10:49:23	10.47	92.620	28.140	31886.000	22.000	92.632592	19.4065281	191.444093	143.595275	8.06954113	252.173160	35	19.3739612	6.59056285	205.955089
7	10:49:38	10.72	92.850	28.110	31864.000	22.000	92.890122	19.4604805	191.976330	143.994487	8.09197541	252.874232	35	19.3739612	6.60888539	206.527669
7	10:49:53	10.97	92.790	28.120	31885.000	22.000	92.804181	19.4424760	191.798717	143.861266	8.08448884	252.640276	35	19.3739612	6.60277095	206.336592
7	10:50:08	11.22	92.830	28.110	31859.000	22.000	92.890122	19.4604805	191.976330	143.994487	8.09197541	252.874232	35	19.3739612	6.60888539	206.527669
7	10:50:23	11.47	92.280	28.180	31895.000	22.000	92.290579	19.3348762	190.737252	143.065100	8.03974716	251.242099	35	19.3739612	6.56622949	205.194672
7	10:50:38	11.72	92.620	28.140	31880.000	22.000	92.632592	19.4065281	191.444093	143.595275	8.06954113	252.173160	35	19.3739612	6.59056285	205.955089
7	10:50:53	11.97	92.130	28.190	31899.000	22.000	92.205317	19.3170139	190.561042	142.932931	8.03231973	251.009992	35	19.3739612	6.56016335	205.005105
7	10:51:08	12.22	91.940	28.220	31886.000	22.000	91.950110	19.2635481	190.033605	142.537319	8.01008778	250.315243	35	19.3739612	6.54200606	204.437689
7	10:51:23	12.47	92.700	28.130	31923.000	22.000	92.718338	19.4244918	191.621304	143.728195	8.07701075	252.406586	35	19.3739612	6.59666344	206.145733
7	10:51:38	12.72	92.600	28.140	31899.000	22.000	92.632592	19.4065281	191.444093	143.595275	8.06954113	252.173160	35	19.3739612	6.59056285	205.955089
7	10:51:53	12.97	92.340	28.170	31920.000	22.000	92.375937	19.3527588	190.913663	143.197419	8.04718301	251.474469	35	19.3739612	6.57230250	205.384453
7	10:52:08	13.22	92.890	28.110	31958.000	22.000	92.890122	19.4604805	191.976330	143.994487	8.09197541	252.874232	35	19.3739612	6.60888539	206.527669
7	10:52:23	13.47	92.990	28.090	31931.000	22.000	93.062296	19.4965509	192.332163	144.261384	8.10697406	253.342940	35	19.3739612	6.62113511	206.910472
7	10:52:38	13.72	92.410	28.160	31923.000	22.000	92.461392	19.3706616	191.090272	143.329887	8.05462727	251.707102	35	19.3739612	6.57838239	205.574450
7	10:52:53	13.97	92.230	28.180	31950.000	22.000	92.290579	19.3348762	190.737252	143.065100	8.03974716	251.242099	35	19.3739612	6.56622949	205.194672
7	10:53:08	14.22	92.320	28.170	31960.000	22.000	92.375937	19.3527588	190.913663	143.197419	8.04718301	251.474469	35	19.3739612	6.57230250	205.384453
7	10:53:23	14.47	93.160	28.070	31970.000	22.000	93.234861	19.5327033	192.688804	144.528888	8.12200681	253.812713	35	19.3739612	6.63341267	207.294146
7	10:53:38	14.72	92.420	28.160	31966.000	22.000	92.461392	19.3706616	191.090272	143.329887	8.05462727	251.707102	35	19.3739612	6.57838239	205.574450
7	10:53:53	14.97	92.350	28.170	31973.000	22.000	92.375937	19.3527588	190.913663	143.197419	8.04718301	251.474469	35	19.3739612	6.57230250	205.384453
7	10:54:08	15.22	92.080	28.200	32037.000	22.000	92.120152	19.2991718	190.385031	142.800911	8.02490070	250.778147	35	19.3739612	6.55410407	204.815752
7	10:54:23	15.47	92.600	28.140	31992.000	22.000	92.632592	19.4065281	191.444093	143.595275	8.06954113	252.173160	35	19.3739612	6.59056285	205.955089
7	10:54:38	15.72	91.900	28.220	32010.000	22.000	91.950110	19.2635481	190.033605	142.537319	8.01008778	250.315243	35	19.3739612	6.54200606	204.437689
7	10:54:53	15.97	91.350	28.290	31991.000	22.000	91.357981	19.1394970	188.809850	141.619425	7.95850540	248.703294	35	19.3739612	6.49987765	203.121176
7	10:55:08	16.22	92.060	28.200	31986.000	22.000	92.120152	19.2991718	190.385031	142.800911	8.02490070	250.778147	35	19.3739612	6.55410407	204.815752
7	10:55:23	16.47	92.130	28.190	32021.000	22.000	92.205317	19.3170139	190.561042	142.932931	8.03231973	251.009992	35	19.3739612	6.56016335	205.005105
7	10:55:38	16.72	92.230	28.180	32057.000	22.000	92.290579	19.3348762	190.737252	143.065100	8.03974716	251.242099	35	19.3739612	6.56622949	205.194672
7	10:55:53	16.97	91.920	28.220	32029.000	22.000	91.950110	19.2635481	190.033605	142.537319	8.01008778	250.315243	35	19.3739612	6.54200606	204.437689
7	10:56:08	17.22	92.290	28.180	32051.000	22.000	92.290579	19.3348762	190.737252	143.065100	8.03974716	251.242099	35	19.3739612	6.56622949	205.194672
7	10:56:23	17.47	92.090	28.200	32072.000	22.000	92.120152	19.2991718	190.385031	142.800911	8.02490070	250.778147	35	19.3739612	6.55410407	204.815752
7	10:56:38	17.72	91.880	28.220	32094.000	22.000	91.950110	19.2635481	190.033605	142.537319	8.01008778	250.315243	35	19.3739612	6.54200606	204.437689
7	10:56:53	17.97	91.860	28.230	32036.000	22.000	91.865233	19.2457664	189.858190	142.405747	8.00269388	250.084184	35	19.3739612	6.53596730	204.248978
7	10:57:08	18.22	91.450	28.270	32052.000	22.000	91.526683	19.1748402	189.158508	141.880941	7.97320165	249.162551	35	19.3739612	6.51188038	203.496262
7	10:57:23	18.47	91.630	28.250	32092.000	22.000	91.695767	19.2102632	189.507954	142.143047	7.98793111	249.622847	35	19.3739612	6.52391024	203.872195
7	10:57:38	18.72	91.830	28.230	32101.000	22.000	91.865233	19.2457664	189.858190	142.405747	8.00269388	250.084184	35	19.3739612	6.53596730	204.248978
7	10:57:53	18.97	91.570	28.260	32080.000	22.000	91.611178	19.1925417	189.333132	142.011920	7.98056222	249.392569	35	19.3739612	6.51789191	203.684122
7	10:58:08	19.22	91.400	28.280	32129.000	22.000	91.442285	19.1571586	188.984080	141.750109	7.96584938	248.932793	35	19.3739612	6.50587563	203.308613
7	10:58:23	19.47	91.780	28.230	32122.000	22.000	91.865233	19.2457664	189.858190	142.405747	8.00269388	250.084184	35	19.3739612	6.53596730	204.248978
7	10:58:38	19.72	91.730	28.240	32130.000	22.000	91.780452	19.2280048	189.682973	142.274323	7.99530832	249.853385	35	19.3739612	6.52993536	204.060480
7	10:58:53	19.97	91.480	28.270	32148.000	22.000	91.526683	19.1748402	189.158508	141.880941	7.97320165	249.162551	35	19.3739612	6.51188038	203.496262
7	10:59:08	20.22	91.610	28.250	32096.000	22.000	91.695767	19.2102632	189.507954	142.143047	7.98793111	249.622847	35	19.3739612	6.52391024	203.872195
7	10:59:23	20.47	91.240	28.300	32140.000	22.000	91.273772	19.1218553	188.635815	141.488888	7.95116970	248.474053	35	19.3739612	6.49388643	202.933951
7	10:59:38	20.72	91.570	28.260	32168.000	22.000	91.611178	19.1925417	189.333132	142.011920	7.98056222	249.392569	35	19.3739612	6.51789191	203.684122
7	10:59:53	20.97	91.290	28.290	32132.000	22.000	91.357981	19.1394970	188.809850	141.619425	7.95850540	248.703294	35	19.3739612	6.49987765	203.121176
7	11:00:08	21.22	90.720	28.360	32184.000	22.000	90.770509	19.0164216	187.595719	140.708749	7.90732868	247.104021	35	19.3739612	6.45808055	201.815017
7	11:00:23	21.47	91.400	28.280	32176.000	22.000	91.442285	19.1571586	188.984080	141.750109	7.96584938	248.932793	35	19.3739612	6.50587563	203.308613
7	11:00:38	21.72	91.230	28.300	32171.000	22.000	91.273772	19.1218553	188.635815	141.488888	7.95116970	248.474053	35	19.3739612	6.49388643	202.933951
7	11:00:53	21.97	91.200	28.300	32210.000	22.000	91.273772	19.1218553	188.635815	141.488888	7.95116970	248.474053	35	19.3739612	6.49388643	202.933951
7	11:01:08	22.22	91.350	28.290	32191.000	22.000	91.357981	19.1394970	188.809850	141.619425	7.95850540	248.703294	35	19.3739612	6.49987765	203.121176
7	11:01:23	22.47	90.680	28.370	32195.000	22.000	90.686961	18.9989184	187.423051	140.579238	7.90005060	246.876581	35	19.3739612	6.45213639	201.629262
7	11:01:38	22.72	90.720	28.360	32183.000	22.000	90.770509	19.0164216	187.595719	140.708749	7.90732868	247.104021	35	19.3739612	6.45808055	201.815017
7	11:01:53	22.97	90.680	28.370	32214.000	22.000	90.686961	18.9989184	187.423051	140.579238	7.90005060	246.876581	35	19.3739612	6.45213639	201.629262
