Chamber	Time/hh:mm:ss	Logtime/min	Oxy/% air sat.	Phase/°	Amp	Temp/°C	% air-sat.	% oxygen	pO2 (hPa)	pO2 (Torr)	cO2 [mg/L]	cO2 [µmol/L]	Salinity	chlorinity	SalCorcO2 [mg/L]	SalCorcO2 [µmol/L]
9	13:32:24	0.00	95.540	26.580	31749.000	29.000	95.625551	20.0335529	194.894448	146.183262	7.34195819	229.436193	35	19.3739612	5.94829171	185.884116
9	13:32:34	0.17	95.450	26.590	31781.000	29.000	95.533903	20.0143528	194.707661	146.043160	7.33492166	229.216302	35	19.3739612	5.94259087	185.705965
9	13:32:49	0.42	95.220	26.620	31810.000	29.000	95.259616	19.9568895	194.148635	145.623855	7.31386235	228.558198	35	19.3739612	5.92552908	185.172784
9	13:33:04	0.67	94.910	26.650	31780.000	29.000	94.986307	19.8996313	193.591604	145.206046	7.29287817	227.902443	35	19.3739612	5.90852817	184.641505
9	13:33:19	0.92	95.760	26.560	31795.000	29.000	95.809174	20.0720220	195.268691	146.463967	7.35605646	229.876764	35	19.3739612	5.95971382	186.241057
9	13:33:34	1.17	94.930	26.650	31790.000	29.000	94.986307	19.8996313	193.591604	145.206046	7.29287817	227.902443	35	19.3739612	5.90852817	184.641505
9	13:33:49	1.42	94.890	26.660	31813.000	29.000	94.895420	19.8805906	193.406369	145.067107	7.28590008	227.684378	35	19.3739612	5.90287468	184.464834
9	13:34:04	1.67	94.990	26.640	31841.000	29.000	95.077301	19.9186946	193.777060	145.345150	7.29986457	228.120768	35	19.3739612	5.91418839	184.818387
9	13:34:19	1.92	95.320	26.610	31820.000	29.000	95.350936	19.9760211	194.334755	145.763456	7.32087375	228.777305	35	19.3739612	5.93120957	185.350299
9	13:34:34	2.17	95.180	26.620	31829.000	29.000	95.259616	19.9568895	194.148635	145.623855	7.31386235	228.558198	35	19.3739612	5.92552908	185.172784
9	13:34:49	2.42	95.200	26.620	31847.000	29.000	95.259616	19.9568895	194.148635	145.623855	7.31386235	228.558198	35	19.3739612	5.92552908	185.172784
9	13:35:04	2.67	94.760	26.670	31836.000	29.000	94.804642	19.8615726	193.221354	144.928334	7.27893030	227.466572	35	19.3739612	5.89722791	184.288372
9	13:35:19	2.92	95.260	26.610	31835.000	29.000	95.350936	19.9760211	194.334755	145.763456	7.32087375	228.777305	35	19.3739612	5.93120957	185.350299
9	13:35:34	3.17	94.940	26.650	31840.000	29.000	94.986307	19.8996313	193.591604	145.206046	7.29287817	227.902443	35	19.3739612	5.90852817	184.641505
9	13:35:49	3.42	94.800	26.670	31879.000	29.000	94.804642	19.8615726	193.221354	144.928334	7.27893030	227.466572	35	19.3739612	5.89722791	184.288372
9	13:36:04	3.67	94.740	26.670	31877.000	29.000	94.804642	19.8615726	193.221354	144.928334	7.27893030	227.466572	35	19.3739612	5.89722791	184.288372
9	13:36:19	3.92	95.010	26.640	31893.000	29.000	95.077301	19.9186946	193.777060	145.345150	7.29986457	228.120768	35	19.3739612	5.91418839	184.818387
9	13:36:34	4.17	94.740	26.670	31881.000	29.000	94.804642	19.8615726	193.221354	144.928334	7.27893030	227.466572	35	19.3739612	5.89722791	184.288372
9	13:36:49	4.42	95.250	26.620	31905.000	29.000	95.259616	19.9568895	194.148635	145.623855	7.31386235	228.558198	35	19.3739612	5.92552908	185.172784
9	13:37:04	4.67	94.650	26.680	31895.000	29.000	94.713972	19.8425771	193.036559	144.789726	7.27196880	227.249025	35	19.3739612	5.89158786	184.112121
9	13:37:19	4.92	94.530	26.700	31910.000	29.000	94.532955	19.8046540	192.667627	144.513004	7.25807061	226.814706	35	19.3739612	5.88032785	183.760245
9	13:37:34	5.17	94.400	26.710	31947.000	29.000	94.442607	19.7857262	192.483490	144.374890	7.25113389	226.597934	35	19.3739612	5.87470788	183.584621
9	13:37:49	5.42	94.580	26.690	31939.000	29.000	94.623409	19.8236043	192.851983	144.651283	7.26501557	227.031737	35	19.3739612	5.88595451	183.936078
9	13:38:04	5.67	94.350	26.720	31960.000	29.000	94.352367	19.7668209	192.299572	144.236939	7.24420541	226.381419	35	19.3739612	5.86909458	183.409206
9	13:38:19	5.92	94.200	26.730	31919.000	29.000	94.262234	19.7479380	192.115872	144.099152	7.23728516	226.165161	35	19.3739612	5.86348795	183.233998
9	13:38:34	6.17	94.410	26.710	31946.000	29.000	94.442607	19.7857262	192.483490	144.374890	7.25113389	226.597934	35	19.3739612	5.87470788	183.584621
9	13:38:49	6.42	94.340	26.720	31990.000	29.000	94.352367	19.7668209	192.299572	144.236939	7.24420541	226.381419	35	19.3739612	5.86909458	183.409206
9	13:39:04	6.67	94.460	26.700	31956.000	29.000	94.532955	19.8046540	192.667627	144.513004	7.25807061	226.814706	35	19.3739612	5.88032785	183.760245
9	13:39:19	6.92	94.170	26.740	32015.000	29.000	94.172208	19.7290775	191.932389	143.961529	7.23037312	225.949160	35	19.3739612	5.85788796	183.058999
9	13:39:34	7.17	93.270	26.840	31998.000	29.000	93.277795	19.5416980	190.109486	142.594235	7.16170167	223.803177	35	19.3739612	5.80225188	181.320371
9	13:39:49	7.42	94.190	26.730	32034.000	29.000	94.262234	19.7479380	192.115872	144.099152	7.23728516	226.165161	35	19.3739612	5.86348795	183.233998
9	13:40:04	7.67	93.750	26.780	32058.000	29.000	93.813170	19.6538591	191.200634	143.412666	7.20280683	225.087713	35	19.3739612	5.83555437	182.361074
9	13:40:19	7.92	94.010	26.750	32068.000	29.000	94.082289	19.7102395	191.749125	143.824069	7.22346928	225.733415	35	19.3739612	5.85229462	182.884207
9	13:40:34	8.17	93.100	26.850	32059.000	29.000	93.188935	19.5230818	189.928380	142.458394	7.15487916	223.589974	35	19.3739612	5.79672443	181.147638
9	13:40:49	8.42	93.970	26.760	32033.000	29.000	93.992476	19.6914237	191.566078	143.686772	7.21657362	225.517926	35	19.3739612	5.84670792	182.709622
9	13:41:04	8.67	93.790	26.780	32047.000	29.000	93.813170	19.6538591	191.200634	143.412666	7.20280683	225.087713	35	19.3739612	5.83555437	182.361074
9	13:41:19	8.92	93.530	26.810	32078.000	29.000	93.545007	19.5976789	190.654091	143.002723	7.18221774	224.444304	35	19.3739612	5.81887354	181.839798
9	13:41:34	9.17	93.730	26.780	32065.000	29.000	93.813170	19.6538591	191.200634	143.412666	7.20280683	225.087713	35	19.3739612	5.83555437	182.361074
9	13:41:49	9.42	93.620	26.800	32113.000	29.000	93.634289	19.6163834	190.836056	143.139209	7.18907264	224.658520	35	19.3739612	5.82442723	182.013351
9	13:42:04	9.67	93.770	26.780	32109.000	29.000	93.813170	19.6538591	191.200634	143.412666	7.20280683	225.087713	35	19.3739612	5.83555437	182.361074
9	13:42:19	9.92	93.330	26.830	32100.000	29.000	93.366760	19.5603362	190.290806	142.730236	7.16853227	224.016633	35	19.3739612	5.80778588	181.493309
9	13:42:34	10.17	93.500	26.810	32127.000	29.000	93.545007	19.5976789	190.654091	143.002723	7.18221774	224.444304	35	19.3739612	5.81887354	181.839798
9	13:42:49	10.42	93.210	26.840	32120.000	29.000	93.277795	19.5416980	190.109486	142.594235	7.16170167	223.803177	35	19.3739612	5.80225188	181.320371
9	13:43:04	10.67	93.270	26.840	32153.000	29.000	93.277795	19.5416980	190.109486	142.594235	7.16170167	223.803177	35	19.3739612	5.80225188	181.320371
9	13:43:19	10.92	93.140	26.850	32147.000	29.000	93.188935	19.5230818	189.928380	142.458394	7.15487916	223.589974	35	19.3739612	5.79672443	181.147638
9	13:43:34	11.17	93.000	26.870	32159.000	29.000	93.011529	19.4859154	189.566810	142.187194	7.14125831	223.164322	35	19.3739612	5.78568912	180.802785
9	13:43:49	11.42	92.980	26.870	32194.000	29.000	93.011529	19.4859154	189.566810	142.187194	7.14125831	223.164322	35	19.3739612	5.78568912	180.802785
9	13:44:04	11.67	93.260	26.840	32157.000	29.000	93.277795	19.5416980	190.109486	142.594235	7.16170167	223.803177	35	19.3739612	5.80225188	181.320371
9	13:44:19	11.92	93.140	26.850	32194.000	29.000	93.188935	19.5230818	189.928380	142.458394	7.15487916	223.589974	35	19.3739612	5.79672443	181.147638
9	13:44:34	12.17	92.560	26.920	32199.000	29.000	92.569847	19.3933829	188.666617	141.511991	7.10734670	222.104585	35	19.3739612	5.75821469	179.944209
9	13:44:49	12.42	92.970	26.870	32178.000	29.000	93.011529	19.4859154	189.566810	142.187194	7.14125831	223.164322	35	19.3739612	5.78568912	180.802785
9	13:45:04	12.67	92.640	26.910	32181.000	29.000	92.657975	19.4118457	188.846231	141.646713	7.11411301	222.316032	35	19.3739612	5.76369660	180.115519
9	13:45:19	12.92	92.560	26.920	32237.000	29.000	92.569847	19.3933829	188.666617	141.511991	7.10734670	222.104585	35	19.3739612	5.75821469	179.944209
9	13:45:34	13.17	93.310	26.830	32209.000	29.000	93.366760	19.5603362	190.290806	142.730236	7.16853227	224.016633	35	19.3739612	5.80778588	181.493309
9	13:45:49	13.42	92.840	26.880	32199.000	29.000	92.922984	19.4673651	189.386346	142.051834	7.13445995	222.951874	35	19.3739612	5.78018124	180.630664
9	13:46:04	13.67	92.470	26.930	32248.000	29.000	92.481823	19.3749418	188.487215	141.377428	7.10058838	221.893387	35	19.3739612	5.75273924	179.773101
9	13:46:19	13.92	92.670	26.900	32254.000	29.000	92.746207	19.4303303	189.026056	141.781594	7.12088732	222.527729	35	19.3739612	5.76918499	180.287031
9	13:46:34	14.17	93.020	26.860	32266.000	29.000	93.100180	19.5044876	189.747488	142.322714	7.14806471	223.377022	35	19.3739612	5.79120351	180.975110
9	13:46:49	14.42	92.660	26.900	32282.000	29.000	92.746207	19.4303303	189.026056	141.781594	7.12088732	222.527729	35	19.3739612	5.76918499	180.287031
9	13:47:04	14.67	92.690	26.900	32266.000	29.000	92.746207	19.4303303	189.026056	141.781594	7.12088732	222.527729	35	19.3739612	5.76918499	180.287031
9	13:47:19	14.92	92.400	26.930	32282.000	29.000	92.481823	19.3749418	188.487215	141.377428	7.10058838	221.893387	35	19.3739612	5.75273924	179.773101
9	13:47:34	15.17	92.300	26.950	32270.000	29.000	92.306086	19.3381250	188.129046	141.108778	7.08709561	221.471738	35	19.3739612	5.74180771	179.431491
9	13:47:49	15.42	92.290	26.950	32274.000	29.000	92.306086	19.3381250	188.129046	141.108778	7.08709561	221.471738	35	19.3739612	5.74180771	179.431491
9	13:48:04	15.67	92.560	26.920	32288.000	29.000	92.569847	19.3933829	188.666617	141.511991	7.10734670	222.104585	35	19.3739612	5.75821469	179.944209
9	13:48:19	15.92	92.490	26.920	32346.000	29.000	92.569847	19.3933829	188.666617	141.511991	7.10734670	222.104585	35	19.3739612	5.75821469	179.944209
9	13:48:34	16.17	91.610	27.020	32307.000	29.000	91.694259	19.2099472	186.882080	140.173475	7.04012062	220.003769	35	19.3739612	5.70374961	178.242175
9	13:48:49	16.42	91.830	27.000	32370.000	29.000	91.868552	19.2464616	187.237308	140.439918	7.05350255	220.421955	35	19.3739612	5.71459135	178.580980
9	13:49:04	16.67	92.340	26.940	32369.000	29.000	92.393902	19.3565225	188.308025	141.243024	7.09383802	221.682438	35	19.3739612	5.74727025	179.602195
9	13:49:19	16.92	91.900	26.990	32383.000	29.000	91.955853	19.2647511	187.415236	140.573375	7.06020535	220.631417	35	19.3739612	5.72002181	178.750681
9	13:49:34	17.17	92.210	26.960	32378.000	29.000	92.218373	19.3197491	187.950278	140.974691	7.08036116	221.261286	35	19.3739612	5.73635160	179.260987
9	13:49:49	17.42	92.200	26.960	32369.000	29.000	92.218373	19.3197491	187.950278	140.974691	7.08036116	221.261286	35	19.3739612	5.73635160	179.260987
9	13:50:04	17.67	91.800	27.000	32396.000	29.000	91.868552	19.2464616	187.237308	140.439918	7.05350255	220.421955	35	19.3739612	5.71459135	178.580980
9	13:50:19	17.92	92.070	26.970	32408.000	29.000	92.130763	19.3013948	187.771720	140.840761	7.07363464	221.051082	35	19.3739612	5.73090192	179.090685
9	13:50:34	18.17	91.620	27.020	32420.000	29.000	91.694259	19.2099472	186.882080	140.173475	7.04012062	220.003769	35	19.3739612	5.70374961	178.242175
9	13:50:49	18.42	91.720	27.010	32421.000	29.000	91.781354	19.2281937	187.059590	140.306618	7.04680765	220.212739	35	19.3739612	5.70916729	178.411478
9	13:51:04	18.67	91.750	27.010	32436.000	29.000	91.781354	19.2281937	187.059590	140.306618	7.04680765	220.212739	35	19.3739612	5.70916729	178.411478
9	13:51:19	18.92	91.840	27.000	32427.000	29.000	91.868552	19.2464616	187.237308	140.439918	7.05350255	220.421955	35	19.3739612	5.71459135	178.580980
9	13:51:34	19.17	92.160	26.960	32434.000	29.000	92.218373	19.3197491	187.950278	140.974691	7.08036116	221.261286	35	19.3739612	5.73635160	179.260987
9	13:51:49	19.42	91.420	27.050	32454.000	29.000	91.433586	19.1553363	186.350804	139.774984	7.02010666	219.378333	35	19.3739612	5.68753474	177.735461
9	13:52:04	19.67	91.840	27.000	32436.000	29.000	91.868552	19.2464616	187.237308	140.439918	7.05350255	220.421955	35	19.3739612	5.71459135	178.580980
9	13:52:19	19.92	91.520	27.030	32452.000	29.000	91.607266	19.1917221	186.704780	140.040488	7.03344145	219.795045	35	19.3739612	5.69833829	178.073072
