Chamber	Time/hh:mm:ss	Logtime/min	Oxy/% air sat.	Phase/°	Amp	Temp/°C	% air-sat.	% oxygen	pO2 (hPa)	pO2 (Torr)	cO2 [mg/L]	cO2 [µmol/L]	Salinity	chlorinity	SalCorcO2 [mg/L]	SalCorcO2 [µmol/L]
6	10:05:51	0.00	97.060	27.630	36680.000	22.000	97.132652	20.3492907	200.744383	150.571086	8.46155674	264.423648	35	19.3739612	6.91073019	215.960318
6	10:06:06	0.25	97.300	27.610	36723.000	22.000	97.314541	20.3873963	201.120292	150.853042	8.47740165	264.918802	35	19.3739612	6.92367106	216.364720
6	10:06:21	0.50	96.920	27.650	36764.000	22.000	96.951183	20.3112728	200.369339	150.289779	8.44574828	263.929634	35	19.3739612	6.89781909	215.556847
6	10:06:36	0.75	96.760	27.670	36728.000	22.000	96.770130	20.2733423	199.995157	150.009118	8.42997618	263.436756	35	19.3739612	6.88493769	215.154303
6	10:06:51	1.00	96.940	27.650	36672.000	22.000	96.951183	20.3112728	200.369339	150.289779	8.44574828	263.929634	35	19.3739612	6.89781909	215.556847
6	10:07:06	1.25	96.950	27.650	36758.000	22.000	96.951183	20.3112728	200.369339	150.289779	8.44574828	263.929634	35	19.3739612	6.89781909	215.556847
6	10:07:21	1.50	96.670	27.680	36783.000	22.000	96.679760	20.2544097	199.808389	149.869030	8.42210373	263.190742	35	19.3739612	6.87850809	214.953378
6	10:07:36	1.75	96.680	27.670	36795.000	22.000	96.770130	20.2733423	199.995157	150.009118	8.42997618	263.436756	35	19.3739612	6.88493769	215.154303
6	10:07:51	2.00	96.260	27.720	36778.000	22.000	96.319317	20.1788968	199.063459	149.310286	8.39070427	262.209508	35	19.3739612	6.85286350	214.151984
6	10:08:06	2.25	96.130	27.740	36755.000	22.000	96.139715	20.1412703	198.692276	149.031874	8.37505857	261.720580	35	19.3739612	6.84008532	213.752666
6	10:08:21	2.50	96.660	27.680	36801.000	22.000	96.679760	20.2544097	199.808389	149.869030	8.42210373	263.190742	35	19.3739612	6.87850809	214.953378
6	10:08:36	2.75	96.840	27.660	36760.000	22.000	96.860604	20.2922966	200.182140	150.149368	8.43785770	263.683053	35	19.3739612	6.89137468	215.355459
6	10:08:51	3.00	96.060	27.740	36757.000	22.000	96.139715	20.1412703	198.692276	149.031874	8.37505857	261.720580	35	19.3739612	6.84008532	213.752666
6	10:09:06	3.25	96.430	27.700	36783.000	22.000	96.499331	20.2166099	199.435496	149.589337	8.40638596	262.699561	35	19.3739612	6.86567106	214.552221
6	10:09:21	3.50	96.760	27.670	36786.000	22.000	96.770130	20.2733423	199.995157	150.009118	8.42997618	263.436756	35	19.3739612	6.88493769	215.154303
6	10:09:36	3.75	96.640	27.680	36818.000	22.000	96.679760	20.2544097	199.808389	149.869030	8.42210373	263.190742	35	19.3739612	6.87850809	214.953378
6	10:09:51	4.00	96.440	27.700	36788.000	22.000	96.499331	20.2166099	199.435496	149.589337	8.40638596	262.699561	35	19.3739612	6.86567106	214.552221
6	10:10:06	4.25	96.310	27.720	36746.000	22.000	96.319317	20.1788968	199.063459	149.310286	8.39070427	262.209508	35	19.3739612	6.85286350	214.151984
6	10:10:21	4.50	96.280	27.720	36825.000	22.000	96.319317	20.1788968	199.063459	149.310286	8.39070427	262.209508	35	19.3739612	6.85286350	214.151984
6	10:10:36	4.75	96.990	27.640	36825.000	22.000	97.041865	20.3302708	200.556753	150.430351	8.45364796	264.176499	35	19.3739612	6.90427092	215.758466
6	10:10:51	5.00	96.850	27.660	36847.000	22.000	96.860604	20.2922966	200.182140	150.149368	8.43785770	263.683053	35	19.3739612	6.89137468	215.355459
6	10:11:06	5.25	97.040	27.640	36792.000	22.000	97.041865	20.3302708	200.556753	150.430351	8.45364796	264.176499	35	19.3739612	6.90427092	215.758466
6	10:11:21	5.50	96.200	27.730	36815.000	22.000	96.229464	20.1600728	198.877761	149.171000	8.38287693	261.964904	35	19.3739612	6.84647074	213.952211
6	10:11:36	5.75	96.860	27.660	36796.000	22.000	96.860604	20.2922966	200.182140	150.149368	8.43785770	263.683053	35	19.3739612	6.89137468	215.355459
6	10:11:51	6.00	95.770	27.780	36847.000	22.000	95.781746	20.0662758	197.952460	148.476966	8.34387468	260.746084	35	19.3739612	6.81461679	212.956775
6	10:12:06	6.25	96.500	27.690	36838.000	22.000	96.589494	20.2354989	199.621835	149.729103	8.41424033	262.945010	35	19.3739612	6.87208589	214.752684
6	10:12:21	6.50	97.050	27.630	36842.000	22.000	97.132652	20.3492907	200.744383	150.571086	8.46155674	264.423648	35	19.3739612	6.91073019	215.960318
6	10:12:36	6.75	96.230	27.720	36863.000	22.000	96.319317	20.1788968	199.063459	149.310286	8.39070427	262.209508	35	19.3739612	6.85286350	214.151984
6	10:12:51	7.00	95.630	27.790	36852.000	22.000	95.692510	20.0475809	197.768036	148.338636	8.33610103	260.503157	35	19.3739612	6.80826789	212.758372
6	10:13:06	7.25	96.310	27.720	36871.000	22.000	96.319317	20.1788968	199.063459	149.310286	8.39070427	262.209508	35	19.3739612	6.85286350	214.151984
6	10:13:21	7.50	96.300	27.720	36830.000	22.000	96.319317	20.1788968	199.063459	149.310286	8.39070427	262.209508	35	19.3739612	6.85286350	214.151984
6	10:13:36	7.75	96.150	27.730	36877.000	22.000	96.229464	20.1600728	198.877761	149.171000	8.38287693	261.964904	35	19.3739612	6.84647074	213.952211
6	10:13:51	8.00	96.980	27.640	36916.000	22.000	97.041865	20.3302708	200.556753	150.430351	8.45364796	264.176499	35	19.3739612	6.90427092	215.758466
6	10:14:06	8.25	95.720	27.780	36917.000	22.000	95.781746	20.0662758	197.952460	148.476966	8.34387468	260.746084	35	19.3739612	6.81461679	212.956775
6	10:14:21	8.50	95.960	27.750	36856.000	22.000	96.050069	20.1224894	198.507003	148.892908	8.36724917	261.476537	35	19.3739612	6.83370723	213.553351
6	10:14:36	8.75	96.050	27.740	36910.000	22.000	96.139715	20.1412703	198.692276	149.031874	8.37505857	261.720580	35	19.3739612	6.84008532	213.752666
6	10:14:51	9.00	95.730	27.780	36890.000	22.000	95.781746	20.0662758	197.952460	148.476966	8.34387468	260.746084	35	19.3739612	6.81461679	212.956775
6	10:15:06	9.25	95.680	27.790	36894.000	22.000	95.692510	20.0475809	197.768036	148.338636	8.33610103	260.503157	35	19.3739612	6.80826789	212.758372
6	10:15:21	9.50	95.600	27.800	36899.000	22.000	95.603376	20.0289074	197.583823	148.200464	8.32833629	260.260509	35	19.3739612	6.80192626	212.560196
6	10:15:36	9.75	95.520	27.800	36880.000	22.000	95.603376	20.0289074	197.583823	148.200464	8.32833629	260.260509	35	19.3739612	6.80192626	212.560196
6	10:15:51	10.00	95.730	27.780	36888.000	22.000	95.781746	20.0662758	197.952460	148.476966	8.34387468	260.746084	35	19.3739612	6.81461679	212.956775
6	10:16:06	10.25	96.000	27.750	36952.000	22.000	96.050069	20.1224894	198.507003	148.892908	8.36724917	261.476537	35	19.3739612	6.83370723	213.553351
6	10:16:21	10.50	95.930	27.760	36884.000	22.000	95.960525	20.1037300	198.321944	148.754102	8.35944874	261.232773	35	19.3739612	6.82733645	213.354264
6	10:16:36	10.75	96.060	27.740	36939.000	22.000	96.139715	20.1412703	198.692276	149.031874	8.37505857	261.720580	35	19.3739612	6.84008532	213.752666
6	10:16:51	11.00	95.050	27.860	36906.000	22.000	95.070712	19.9173142	196.482964	147.374750	8.28193407	258.810440	35	19.3739612	6.76402860	211.375894
6	10:17:06	11.25	95.880	27.760	36958.000	22.000	95.960525	20.1037300	198.321944	148.754102	8.35944874	261.232773	35	19.3739612	6.82733645	213.354264
6	10:17:21	11.50	96.420	27.700	36946.000	22.000	96.499331	20.2166099	199.435496	149.589337	8.40638596	262.699561	35	19.3739612	6.86567106	214.552221
6	10:17:36	11.75	95.460	27.810	36940.000	22.000	95.514345	20.0102552	197.399821	148.062451	8.32058043	260.018139	35	19.3739612	6.79559189	212.362247
6	10:17:51	12.00	96.140	27.730	36959.000	22.000	96.229464	20.1600728	198.877761	149.171000	8.38287693	261.964904	35	19.3739612	6.84647074	213.952211
6	10:18:06	12.25	95.250	27.830	36931.000	22.000	95.336587	19.9730150	197.032448	147.786898	8.30509535	259.534230	35	19.3739612	6.78294490	211.967028
6	10:18:21	12.50	95.680	27.790	36983.000	22.000	95.692510	20.0475809	197.768036	148.338636	8.33610103	260.503157	35	19.3739612	6.80826789	212.758372
6	10:18:36	12.75	95.700	27.780	36956.000	22.000	95.781746	20.0662758	197.952460	148.476966	8.34387468	260.746084	35	19.3739612	6.81461679	212.956775
6	10:18:51	13.00	95.550	27.800	36986.000	22.000	95.603376	20.0289074	197.583823	148.200464	8.32833629	260.260509	35	19.3739612	6.80192626	212.560196
6	10:19:06	13.25	95.200	27.840	36951.000	22.000	95.247861	19.9544268	196.849077	147.649358	8.29736609	259.292690	35	19.3739612	6.77663225	211.769758
6	10:19:21	13.50	95.770	27.780	36987.000	22.000	95.781746	20.0662758	197.952460	148.476966	8.34387468	260.746084	35	19.3739612	6.81461679	212.956775
6	10:19:36	13.75	95.150	27.850	37005.000	22.000	95.159236	19.9358599	196.665916	147.511975	8.28964567	259.051427	35	19.3739612	6.77032682	211.572713
6	10:19:51	14.00	95.710	27.780	37025.000	22.000	95.781746	20.0662758	197.952460	148.476966	8.34387468	260.746084	35	19.3739612	6.81461679	212.956775
6	10:20:06	14.25	95.270	27.830	37006.000	22.000	95.336587	19.9730150	197.032448	147.786898	8.30509535	259.534230	35	19.3739612	6.78294490	211.967028
6	10:20:21	14.50	95.270	27.830	37023.000	22.000	95.336587	19.9730150	197.032448	147.786898	8.30509535	259.534230	35	19.3739612	6.78294490	211.967028
6	10:20:36	14.75	95.170	27.840	37056.000	22.000	95.247861	19.9544268	196.849077	147.649358	8.29736609	259.292690	35	19.3739612	6.77663225	211.769758
6	10:20:51	15.00	95.710	27.780	37034.000	22.000	95.781746	20.0662758	197.952460	148.476966	8.34387468	260.746084	35	19.3739612	6.81461679	212.956775
6	10:21:06	15.25	95.120	27.850	37010.000	22.000	95.159236	19.9358599	196.665916	147.511975	8.28964567	259.051427	35	19.3739612	6.77032682	211.572713
6	10:21:21	15.50	94.980	27.870	37009.000	22.000	94.982290	19.8987897	196.300221	147.237681	8.27423129	258.569728	35	19.3739612	6.75773758	211.179299
6	10:21:36	15.75	95.000	27.860	37058.000	22.000	95.070712	19.9173142	196.482964	147.374750	8.28193407	258.810440	35	19.3739612	6.76402860	211.375894
6	10:21:51	16.00	95.400	27.820	37081.000	22.000	95.425415	19.9916244	197.216030	147.924596	8.31283346	259.776046	35	19.3739612	6.78926478	212.164524
6	10:22:06	16.25	95.200	27.840	37061.000	22.000	95.247861	19.9544268	196.849077	147.649358	8.29736609	259.292690	35	19.3739612	6.77663225	211.769758
6	10:22:21	16.50	95.400	27.820	37074.000	22.000	95.425415	19.9916244	197.216030	147.924596	8.31283346	259.776046	35	19.3739612	6.78926478	212.164524
6	10:22:36	16.75	94.570	27.910	37071.000	22.000	94.629609	19.8249030	195.571334	146.690969	8.24350805	257.609626	35	19.3739612	6.73264526	210.395164
6	10:22:51	17.00	94.940	27.870	37108.000	22.000	94.982290	19.8987897	196.300221	147.237681	8.27423129	258.569728	35	19.3739612	6.75773758	211.179299
6	10:23:06	17.25	95.230	27.840	37030.000	22.000	95.247861	19.9544268	196.849077	147.649358	8.29736609	259.292690	35	19.3739612	6.77663225	211.769758
6	10:23:21	17.50	95.030	27.860	37104.000	22.000	95.070712	19.9173142	196.482964	147.374750	8.28193407	258.810440	35	19.3739612	6.76402860	211.375894
6	10:23:36	17.75	94.740	27.890	37089.000	22.000	94.805748	19.8618041	195.935361	146.964013	8.25885212	258.089129	35	19.3739612	6.74517709	210.786784
6	10:23:51	18.00	95.400	27.820	37073.000	22.000	95.425415	19.9916244	197.216030	147.924596	8.31283346	259.776046	35	19.3739612	6.78926478	212.164524
6	10:24:06	18.25	95.320	27.830	37099.000	22.000	95.336587	19.9730150	197.032448	147.786898	8.30509535	259.534230	35	19.3739612	6.78294490	211.967028
6	10:24:21	18.50	94.700	27.900	37113.000	22.000	94.717628	19.8433430	195.753243	146.827413	8.25117570	257.849241	35	19.3739612	6.73890760	210.590862
6	10:24:36	18.75	94.480	27.920	37142.000	22.000	94.541690	19.8064840	195.389632	146.554681	8.23584914	257.370286	35	19.3739612	6.72639007	210.199690
6	10:24:51	19.00	95.000	27.860	37098.000	22.000	95.070712	19.9173142	196.482964	147.374750	8.28193407	258.810440	35	19.3739612	6.76402860	211.375894
6	10:25:06	19.25	94.830	27.880	37089.000	22.000	94.893968	19.8802863	196.117687	147.100769	8.26653731	258.329291	35	19.3739612	6.75145375	210.982930
