Chamber	Time/hh:mm:ss	Logtime/min	Oxy/% air sat.	Phase/°	Amp	Temp/°C	% air-sat.	% oxygen	pO2 (hPa)	pO2 (Torr)	cO2 [mg/L]	cO2 [µmol/L]	Salinity	chlorinity	SalCorcO2 [mg/L]	SalCorcO2 [µmol/L]
10	11:53:16	0.00	95.280	27.120	40536.000	26.000	95.366834	19.9793517	195.657746	146.755784	7.71624305	241.132595	35	19.3739612	6.29575029	196.742196
10	11:53:17	0.01	95.000	27.160	40520.000	26.000	95.006593	19.9038812	194.918664	146.201425	7.68709554	240.221736	35	19.3739612	6.27196857	195.999018
10	11:53:25	0.15	95.300	27.120	40524.000	26.000	95.366834	19.9793517	195.657746	146.755784	7.71624305	241.132595	35	19.3739612	6.29575029	196.742196
10	11:53:40	0.40	95.300	27.120	40505.000	26.000	95.366834	19.9793517	195.657746	146.755784	7.71624305	241.132595	35	19.3739612	6.29575029	196.742196
10	11:53:55	0.65	94.930	27.160	40511.000	26.000	95.006593	19.9038812	194.918664	146.201425	7.68709554	240.221736	35	19.3739612	6.27196857	195.999018
10	11:54:10	0.90	95.510	27.100	40529.000	26.000	95.547588	20.0172198	196.028588	147.033939	7.73086811	241.589628	35	19.3739612	6.30768300	197.115094
10	11:54:25	1.15	95.450	27.110	40568.000	26.000	95.457158	19.9982746	195.843059	146.894780	7.72355129	241.360978	35	19.3739612	6.30171314	196.928536
10	11:54:40	1.40	94.900	27.170	40540.000	26.000	94.916796	19.8850688	194.734434	146.063241	7.67982996	239.994686	35	19.3739612	6.26604052	195.813766
10	11:54:55	1.65	95.330	27.120	40548.000	26.000	95.366834	19.9793517	195.657746	146.755784	7.71624305	241.132595	35	19.3739612	6.29575029	196.742196
10	11:55:10	1.90	95.360	27.120	40546.000	26.000	95.366834	19.9793517	195.657746	146.755784	7.71624305	241.132595	35	19.3739612	6.29575029	196.742196
10	11:55:25	2.15	94.860	27.170	40567.000	26.000	94.916796	19.8850688	194.734434	146.063241	7.67982996	239.994686	35	19.3739612	6.26604052	195.813766
10	11:55:40	2.40	95.330	27.120	40563.000	26.000	95.366834	19.9793517	195.657746	146.755784	7.71624305	241.132595	35	19.3739612	6.29575029	196.742196
10	11:55:55	2.65	95.050	27.150	40574.000	26.000	95.096495	19.9227157	195.103110	146.339772	7.69436962	240.449051	35	19.3739612	6.27790356	196.184486
10	11:56:10	2.90	94.850	27.170	40574.000	26.000	94.916796	19.8850688	194.734434	146.063241	7.67982996	239.994686	35	19.3739612	6.26604052	195.813766
10	11:56:25	3.15	94.970	27.160	40535.000	26.000	95.006593	19.9038812	194.918664	146.201425	7.68709554	240.221736	35	19.3739612	6.27196857	195.999018
10	11:56:40	3.40	94.640	27.200	40574.000	26.000	94.648035	19.8287632	194.183034	145.649656	7.65808415	239.315130	35	19.3739612	6.24829792	195.259310
10	11:56:55	3.65	95.270	27.130	40586.000	26.000	95.276615	19.9604509	195.472651	146.616951	7.70894337	240.904480	35	19.3739612	6.28979441	196.556075
10	11:57:10	3.90	94.940	27.160	40582.000	26.000	95.006593	19.9038812	194.918664	146.201425	7.68709554	240.221736	35	19.3739612	6.27196857	195.999018
10	11:57:25	4.15	95.110	27.140	40577.000	26.000	95.186503	19.9415723	195.287773	146.478280	7.70165223	240.676632	35	19.3739612	6.28384550	196.370172
10	11:57:40	4.40	95.200	27.130	40603.000	26.000	95.276615	19.9604509	195.472651	146.616951	7.70894337	240.904480	35	19.3739612	6.28979441	196.556075
10	11:57:55	4.65	95.180	27.140	40601.000	26.000	95.186503	19.9415723	195.287773	146.478280	7.70165223	240.676632	35	19.3739612	6.28384550	196.370172
10	11:58:10	4.90	94.830	27.170	40616.000	26.000	94.916796	19.8850688	194.734434	146.063241	7.67982996	239.994686	35	19.3739612	6.26604052	195.813766
10	11:58:25	5.15	95.100	27.140	40619.000	26.000	95.186503	19.9415723	195.287773	146.478280	7.70165223	240.676632	35	19.3739612	6.28384550	196.370172
10	11:58:40	5.40	95.140	27.140	40645.000	26.000	95.186503	19.9415723	195.287773	146.478280	7.70165223	240.676632	35	19.3739612	6.28384550	196.370172
10	11:58:55	5.65	94.750	27.180	40599.000	26.000	94.827104	19.8662783	194.550419	145.925218	7.67257288	239.767902	35	19.3739612	6.26011941	195.628731
10	11:59:10	5.90	94.960	27.160	40655.000	26.000	95.006593	19.9038812	194.918664	146.201425	7.68709554	240.221736	35	19.3739612	6.27196857	195.999018
10	11:59:25	6.15	94.960	27.160	40657.000	26.000	95.006593	19.9038812	194.918664	146.201425	7.68709554	240.221736	35	19.3739612	6.27196857	195.999018
10	11:59:40	6.40	94.900	27.170	40666.000	26.000	94.916796	19.8850688	194.734434	146.063241	7.67982996	239.994686	35	19.3739612	6.26604052	195.813766
10	11:59:55	6.65	94.400	27.220	40666.000	26.000	94.469383	19.7913358	193.816507	145.374737	7.64362924	238.863414	35	19.3739612	6.23650404	194.890751
10	12:00:10	6.90	94.450	27.220	40676.000	26.000	94.469383	19.7913358	193.816507	145.374737	7.64362924	238.863414	35	19.3739612	6.23650404	194.890751
10	12:00:25	7.15	94.150	27.250	40664.000	26.000	94.202187	19.7353582	193.268318	144.963561	7.62201010	238.187816	35	19.3739612	6.21886480	194.339525
10	12:00:40	7.40	94.470	27.210	40740.000	26.000	94.558657	19.8100386	193.999663	145.512116	7.65085247	239.089140	35	19.3739612	6.24239754	195.074923
10	12:00:55	7.65	94.620	27.200	40687.000	26.000	94.648035	19.8287632	194.183034	145.649656	7.65808415	239.315130	35	19.3739612	6.24829792	195.259310
10	12:01:10	7.90	94.730	27.190	40696.000	26.000	94.737517	19.8475098	194.366619	145.787356	7.66532428	239.541384	35	19.3739612	6.25420521	195.443913
10	12:01:25	8.15	94.240	27.240	40693.000	26.000	94.291148	19.7539956	193.450835	145.100459	7.62920807	238.412752	35	19.3739612	6.22473768	194.523053
10	12:01:40	8.40	94.550	27.210	40739.000	26.000	94.558657	19.8100386	193.999663	145.512116	7.65085247	239.089140	35	19.3739612	6.24239754	195.074923
10	12:01:55	8.65	94.400	27.220	40725.000	26.000	94.469383	19.7913358	193.816507	145.374737	7.64362924	238.863414	35	19.3739612	6.23650404	194.890751
10	12:02:10	8.90	94.210	27.240	40716.000	26.000	94.291148	19.7539956	193.450835	145.100459	7.62920807	238.412752	35	19.3739612	6.22473768	194.523053
10	12:02:25	9.15	94.370	27.230	40739.000	26.000	94.380214	19.7726548	193.633564	145.237518	7.63641445	238.637951	35	19.3739612	6.23061743	194.706795
10	12:02:40	9.40	94.390	27.220	40756.000	26.000	94.469383	19.7913358	193.816507	145.374737	7.64362924	238.863414	35	19.3739612	6.23650404	194.890751
10	12:02:55	9.65	93.860	27.280	40736.000	26.000	93.935925	19.6795763	192.722046	144.553822	7.60046651	237.514579	35	19.3739612	6.20128719	193.790225
10	12:03:10	9.90	94.130	27.250	40775.000	26.000	94.202187	19.7353582	193.268318	144.963561	7.62201010	238.187816	35	19.3739612	6.21886480	194.339525
10	12:03:25	10.15	94.060	27.260	40781.000	26.000	94.113330	19.7167425	193.086015	144.826822	7.61482053	237.963141	35	19.3739612	6.21299876	194.156211
10	12:03:40	10.40	94.040	27.260	40816.000	26.000	94.113330	19.7167425	193.086015	144.826822	7.61482053	237.963141	35	19.3739612	6.21299876	194.156211
10	12:03:55	10.65	94.250	27.240	40817.000	26.000	94.291148	19.7539956	193.450835	145.100459	7.62920807	238.412752	35	19.3739612	6.22473768	194.523053
10	12:04:10	10.90	93.990	27.270	40830.000	26.000	94.024575	19.6981486	192.903925	144.690242	7.60763934	237.738729	35	19.3739612	6.20713956	193.973111
10	12:04:25	11.15	94.240	27.240	40783.000	26.000	94.291148	19.7539956	193.450835	145.100459	7.62920807	238.412752	35	19.3739612	6.22473768	194.523053
10	12:04:40	11.40	94.160	27.250	40847.000	26.000	94.202187	19.7353582	193.268318	144.963561	7.62201010	238.187816	35	19.3739612	6.21886480	194.339525
10	12:04:55	11.65	93.960	27.270	40812.000	26.000	94.024575	19.6981486	192.903925	144.690242	7.60763934	237.738729	35	19.3739612	6.20713956	193.973111
10	12:05:10	11.90	93.820	27.290	40822.000	26.000	93.847378	19.6610256	192.540380	144.417560	7.59330205	237.290689	35	19.3739612	6.19544164	193.607551
10	12:05:25	12.15	93.780	27.290	40842.000	26.000	93.847378	19.6610256	192.540380	144.417560	7.59330205	237.290689	35	19.3739612	6.19544164	193.607551
10	12:05:40	12.40	93.460	27.330	40870.000	26.000	93.494218	19.5870388	191.815827	143.874099	7.56472752	236.397735	35	19.3739612	6.17212744	192.878982
10	12:05:55	12.65	93.370	27.340	40867.000	26.000	93.406185	19.5685958	191.635215	143.738629	7.55760466	236.175146	35	19.3739612	6.16631583	192.697370
10	12:06:10	12.90	93.690	27.300	40889.000	26.000	93.758934	19.6424966	192.358925	144.281457	7.58614593	237.067060	35	19.3739612	6.18960290	193.425091
10	12:06:25	13.15	93.450	27.330	40922.000	26.000	93.494218	19.5870388	191.815827	143.874099	7.56472752	236.397735	35	19.3739612	6.17212744	192.878982
10	12:06:40	13.40	93.520	27.320	40911.000	26.000	93.582354	19.6055032	191.996648	144.009727	7.57185868	236.620584	35	19.3739612	6.17794581	193.060807
10	12:06:55	13.65	93.370	27.340	40918.000	26.000	93.406185	19.5685958	191.635215	143.738629	7.55760466	236.175146	35	19.3739612	6.16631583	192.697370
10	12:07:10	13.90	93.420	27.330	40911.000	26.000	93.494218	19.5870388	191.815827	143.874099	7.56472752	236.397735	35	19.3739612	6.17212744	192.878982
10	12:07:25	14.15	93.380	27.340	40950.000	26.000	93.406185	19.5685958	191.635215	143.738629	7.55760466	236.175146	35	19.3739612	6.16631583	192.697370
10	12:07:40	14.40	93.440	27.330	40961.000	26.000	93.494218	19.5870388	191.815827	143.874099	7.56472752	236.397735	35	19.3739612	6.17212744	192.878982
10	12:07:55	14.65	93.600	27.310	40964.000	26.000	93.670592	19.6239891	192.177681	144.145513	7.57899814	236.843692	35	19.3739612	6.18377096	193.242843
10	12:08:10	14.90	93.470	27.330	40989.000	26.000	93.494218	19.5870388	191.815827	143.874099	7.56472752	236.397735	35	19.3739612	6.17212744	192.878982
10	12:08:25	15.15	93.410	27.330	40971.000	26.000	93.494218	19.5870388	191.815827	143.874099	7.56472752	236.397735	35	19.3739612	6.17212744	192.878982
10	12:08:40	15.40	93.170	27.360	40998.000	26.000	93.230426	19.5317743	191.274621	143.468161	7.54338377	235.730743	35	19.3739612	6.15471288	192.334778
10	12:08:55	15.65	93.340	27.340	40964.000	26.000	93.406185	19.5685958	191.635215	143.738629	7.55760466	236.175146	35	19.3739612	6.16631583	192.697370
10	12:09:10	15.90	92.930	27.390	40955.000	26.000	92.967552	19.4767022	190.735301	143.063636	7.52211436	235.066074	35	19.3739612	6.13735898	191.792468
10	12:09:25	16.15	92.980	27.380	41019.000	26.000	93.055075	19.4950383	190.914866	143.198321	7.52919592	235.287373	35	19.3739612	6.14313689	191.973028
10	12:09:40	16.40	93.230	27.350	41015.000	26.000	93.318255	19.5501743	191.454813	143.603316	7.55049008	235.952815	35	19.3739612	6.16051098	192.515968
10	12:09:55	16.65	93.250	27.350	41028.000	26.000	93.318255	19.5501743	191.454813	143.603316	7.55049008	235.952815	35	19.3739612	6.16051098	192.515968
10	12:10:10	16.90	93.450	27.330	41028.000	26.000	93.494218	19.5870388	191.815827	143.874099	7.56472752	236.397735	35	19.3739612	6.17212744	192.878982
10	12:10:25	17.15	93.450	27.330	41037.000	26.000	93.494218	19.5870388	191.815827	143.874099	7.56472752	236.397735	35	19.3739612	6.17212744	192.878982
10	12:10:40	17.40	93.200	27.360	41063.000	26.000	93.230426	19.5317743	191.274621	143.468161	7.54338377	235.730743	35	19.3739612	6.15471288	192.334778
10	12:10:55	17.65	93.090	27.370	41065.000	26.000	93.142700	19.5133956	191.094639	143.333163	7.53628572	235.508929	35	19.3739612	6.14892153	192.153798
10	12:11:10	17.90	92.920	27.390	41069.000	26.000	92.967552	19.4767022	190.735301	143.063636	7.52211436	235.066074	35	19.3739612	6.13735898	191.792468
10	12:11:25	18.15	92.930	27.390	41111.000	26.000	92.967552	19.4767022	190.735301	143.063636	7.52211436	235.066074	35	19.3739612	6.13735898	191.792468
10	12:11:40	18.40	92.880	27.400	41085.000	26.000	92.880131	19.4583875	190.555945	142.929108	7.51504101	234.845032	35	19.3739612	6.13158778	191.612118
10	12:11:55	18.65	92.470	27.440	41091.000	26.000	92.531460	19.3853409	189.840600	142.392553	7.48682962	233.963426	35	19.3739612	6.10856986	190.892808
10	12:12:10	18.90	93.060	27.370	41107.000	26.000	93.142700	19.5133956	191.094639	143.333163	7.53628572	235.508929	35	19.3739612	6.14892153	192.153798
10	12:12:25	19.15	92.940	27.390	41116.000	26.000	92.967552	19.4767022	190.735301	143.063636	7.52211436	235.066074	35	19.3739612	6.13735898	191.792468
10	12:12:40	19.40	92.390	27.450	41152.000	26.000	92.444545	19.3671322	189.662282	142.258803	7.47979721	233.743663	35	19.3739612	6.10283205	190.713502
10	12:12:55	19.65	92.390	27.450	41151.000	26.000	92.444545	19.3671322	189.662282	142.258803	7.47979721	233.743663	35	19.3739612	6.10283205	190.713502
10	12:13:10	19.90	92.630	27.420	41131.000	26.000	92.705593	19.4218218	190.197858	142.660519	7.50091894	234.403717	35	19.3739612	6.12006546	191.252046
