Chamber	Time/hh:mm:ss	Logtime/min	Oxy/% air sat.	Phase/°	Amp	Temp/°C	% air-sat.	% oxygen	pO2 (hPa)	pO2 (Torr)	cO2 [mg/L]	cO2 [µmol/L]	Salinity	chlorinity	SalCorcO2 [mg/L]	SalCorcO2 [µmol/L]
5	10:05:49	0.00	93.850	27.990	42271.000	22.000	93.929058	19.6781377	194.123503	145.605004	8.18248070	255.702522	35	19.3739612	6.68280295	208.837592
5	10:06:04	0.25	93.990	27.980	42274.000	22.000	94.016278	19.6964102	194.303761	145.740209	8.19007872	255.939960	35	19.3739612	6.68900841	209.031513
5	10:06:19	0.50	93.900	27.990	42258.000	22.000	93.929058	19.6781377	194.123503	145.605004	8.18248070	255.702522	35	19.3739612	6.68280295	208.837592
5	10:06:34	0.75	94.270	27.950	42277.000	22.000	94.278535	19.7513530	194.845768	146.146748	8.21292478	256.653900	35	19.3739612	6.70766728	209.614602
5	10:06:49	1.00	93.810	28.000	42261.000	22.000	93.841937	19.6598859	193.943451	145.469953	8.17489133	255.465354	35	19.3739612	6.67660455	208.643892
5	10:07:04	1.25	93.970	27.980	42271.000	22.000	94.016278	19.6964102	194.303761	145.740209	8.19007872	255.939960	35	19.3739612	6.68900841	209.031513
5	10:07:19	1.50	93.460	28.040	42272.000	22.000	93.494445	19.5870862	193.225287	144.931285	8.14462007	254.519377	35	19.3739612	6.65188139	207.871293
5	10:07:34	1.75	94.050	27.970	42273.000	22.000	94.103597	19.7147036	194.484224	145.875567	8.19768539	256.177669	35	19.3739612	6.69522095	209.225655
5	10:07:49	2.00	94.450	27.930	42295.000	22.000	94.453871	19.7880860	195.208137	146.418548	8.22819897	257.131218	35	19.3739612	6.72014202	210.004438
5	10:08:04	2.25	93.590	28.020	42278.000	22.000	93.667994	19.6234446	193.583961	145.200312	8.15973848	254.991827	35	19.3739612	6.66422891	208.257153
5	10:08:19	2.50	93.780	28.000	42272.000	22.000	93.841937	19.6598859	193.943451	145.469953	8.17489133	255.465354	35	19.3739612	6.67660455	208.643892
5	10:08:34	2.75	93.990	27.980	42305.000	22.000	94.016278	19.6964102	194.303761	145.740209	8.19007872	255.939960	35	19.3739612	6.68900841	209.031513
5	10:08:49	3.00	93.680	28.010	42307.000	22.000	93.754916	19.6416549	193.763604	145.335056	8.16731059	255.228456	35	19.3739612	6.67041321	208.450413
5	10:09:04	3.25	94.020	27.970	42261.000	22.000	94.103597	19.7147036	194.484224	145.875567	8.19768539	256.177669	35	19.3739612	6.69522095	209.225655
5	10:09:19	3.50	93.720	28.010	42309.000	22.000	93.754916	19.6416549	193.763604	145.335056	8.16731059	255.228456	35	19.3739612	6.67041321	208.450413
5	10:09:34	3.75	94.070	27.970	42312.000	22.000	94.103597	19.7147036	194.484224	145.875567	8.19768539	256.177669	35	19.3739612	6.69522095	209.225655
5	10:09:49	4.00	93.670	28.010	42304.000	22.000	93.754916	19.6416549	193.763604	145.335056	8.16731059	255.228456	35	19.3739612	6.67041321	208.450413
5	10:10:04	4.25	93.880	27.990	42305.000	22.000	93.929058	19.6781377	194.123503	145.605004	8.18248070	255.702522	35	19.3739612	6.68280295	208.837592
5	10:10:19	4.50	93.780	28.000	42332.000	22.000	93.841937	19.6598859	193.943451	145.469953	8.17489133	255.465354	35	19.3739612	6.67660455	208.643892
5	10:10:34	4.75	93.800	28.000	42301.000	22.000	93.841937	19.6598859	193.943451	145.469953	8.17489133	255.465354	35	19.3739612	6.67660455	208.643892
5	10:10:49	5.00	93.800	28.000	42313.000	22.000	93.841937	19.6598859	193.943451	145.469953	8.17489133	255.465354	35	19.3739612	6.67660455	208.643892
5	10:11:04	5.25	93.370	28.050	42297.000	22.000	93.407819	19.5689380	193.046256	144.797000	8.13707375	254.283555	35	19.3739612	6.64571815	207.678692
5	10:11:19	5.50	93.520	28.030	42322.000	22.000	93.581170	19.6052551	193.404522	145.065722	8.15217497	254.755468	35	19.3739612	6.65805163	208.064114
5	10:11:34	5.75	93.430	28.040	42317.000	22.000	93.494445	19.5870862	193.225287	144.931285	8.14462007	254.519377	35	19.3739612	6.65188139	207.871293
5	10:11:49	6.00	93.680	28.010	42322.000	22.000	93.754916	19.6416549	193.763604	145.335056	8.16731059	255.228456	35	19.3739612	6.67041321	208.450413
5	10:12:04	6.25	93.990	27.980	42324.000	22.000	94.016278	19.6964102	194.303761	145.740209	8.19007872	255.939960	35	19.3739612	6.68900841	209.031513
5	10:12:19	6.50	93.350	28.050	42354.000	22.000	93.407819	19.5689380	193.046256	144.797000	8.13707375	254.283555	35	19.3739612	6.64571815	207.678692
5	10:12:34	6.75	93.180	28.070	42349.000	22.000	93.234861	19.5327033	192.688804	144.528888	8.12200681	253.812713	35	19.3739612	6.63341267	207.294146
5	10:12:49	7.00	93.400	28.050	42360.000	22.000	93.407819	19.5689380	193.046256	144.797000	8.13707375	254.283555	35	19.3739612	6.64571815	207.678692
5	10:13:04	7.25	93.260	28.060	42339.000	22.000	93.321291	19.5508104	192.867428	144.662868	8.12953600	254.048000	35	19.3739612	6.63956191	207.486310
5	10:13:19	7.50	93.650	28.020	42359.000	22.000	93.667994	19.6234446	193.583961	145.200312	8.15973848	254.991827	35	19.3739612	6.66422891	208.257153
5	10:13:34	7.75	93.320	28.050	42359.000	22.000	93.407819	19.5689380	193.046256	144.797000	8.13707375	254.283555	35	19.3739612	6.64571815	207.678692
5	10:13:49	8.00	93.700	28.010	42358.000	22.000	93.754916	19.6416549	193.763604	145.335056	8.16731059	255.228456	35	19.3739612	6.67041321	208.450413
5	10:14:04	8.25	93.580	28.020	42360.000	22.000	93.667994	19.6234446	193.583961	145.200312	8.15973848	254.991827	35	19.3739612	6.66422891	208.257153
5	10:14:19	8.50	93.320	28.060	42423.000	22.000	93.321291	19.5508104	192.867428	144.662868	8.12953600	254.048000	35	19.3739612	6.63956191	207.486310
5	10:14:34	8.75	93.020	28.090	42401.000	22.000	93.062296	19.4965509	192.332163	144.261384	8.10697406	253.342940	35	19.3739612	6.62113511	206.910472
5	10:14:49	9.00	93.370	28.050	42402.000	22.000	93.407819	19.5689380	193.046256	144.797000	8.13707375	254.283555	35	19.3739612	6.64571815	207.678692
5	10:15:04	9.25	93.540	28.030	42406.000	22.000	93.581170	19.6052551	193.404522	145.065722	8.15217497	254.755468	35	19.3739612	6.65805163	208.064114
5	10:15:19	9.50	92.870	28.110	42380.000	22.000	92.890122	19.4604805	191.976330	143.994487	8.09197541	252.874232	35	19.3739612	6.60888539	206.527669
5	10:15:34	9.75	93.010	28.090	42403.000	22.000	93.062296	19.4965509	192.332163	144.261384	8.10697406	253.342940	35	19.3739612	6.62113511	206.910472
5	10:15:49	10.00	93.190	28.070	42414.000	22.000	93.234861	19.5327033	192.688804	144.528888	8.12200681	253.812713	35	19.3739612	6.63341267	207.294146
5	10:16:04	10.25	92.970	28.100	42406.000	22.000	92.976160	19.4785055	192.154145	144.127860	8.09947048	253.108453	35	19.3739612	6.61500678	206.718962
5	10:16:19	10.50	93.120	28.080	42395.000	22.000	93.148529	19.5146169	192.510382	144.395060	8.11448617	253.577693	35	19.3739612	6.62727040	207.102200
5	10:16:34	10.75	93.130	28.080	42400.000	22.000	93.148529	19.5146169	192.510382	144.395060	8.11448617	253.577693	35	19.3739612	6.62727040	207.102200
5	10:16:49	11.00	93.060	28.090	42423.000	22.000	93.062296	19.4965509	192.332163	144.261384	8.10697406	253.342940	35	19.3739612	6.62113511	206.910472
5	10:17:04	11.25	92.990	28.090	42433.000	22.000	93.062296	19.4965509	192.332163	144.261384	8.10697406	253.342940	35	19.3739612	6.62113511	206.910472
5	10:17:19	11.50	93.010	28.090	42448.000	22.000	93.062296	19.4965509	192.332163	144.261384	8.10697406	253.342940	35	19.3739612	6.62113511	206.910472
5	10:17:34	11.75	92.830	28.110	42442.000	22.000	92.890122	19.4604805	191.976330	143.994487	8.09197541	252.874232	35	19.3739612	6.60888539	206.527669
5	10:17:49	12.00	92.950	28.100	42464.000	22.000	92.976160	19.4785055	192.154145	144.127860	8.09947048	253.108453	35	19.3739612	6.61500678	206.718962
5	10:18:04	12.25	92.760	28.120	42461.000	22.000	92.804181	19.4424760	191.798717	143.861266	8.08448884	252.640276	35	19.3739612	6.60277095	206.336592
5	10:18:19	12.50	93.030	28.090	42446.000	22.000	93.062296	19.4965509	192.332163	144.261384	8.10697406	253.342940	35	19.3739612	6.62113511	206.910472
5	10:18:34	12.75	92.890	28.110	42462.000	22.000	92.890122	19.4604805	191.976330	143.994487	8.09197541	252.874232	35	19.3739612	6.60888539	206.527669
5	10:18:49	13.00	92.800	28.120	42502.000	22.000	92.804181	19.4424760	191.798717	143.861266	8.08448884	252.640276	35	19.3739612	6.60277095	206.336592
5	10:19:04	13.25	92.760	28.120	42507.000	22.000	92.804181	19.4424760	191.798717	143.861266	8.08448884	252.640276	35	19.3739612	6.60277095	206.336592
5	10:19:19	13.50	92.740	28.120	42504.000	22.000	92.804181	19.4424760	191.798717	143.861266	8.08448884	252.640276	35	19.3739612	6.60277095	206.336592
5	10:19:34	13.75	92.580	28.140	42506.000	22.000	92.632592	19.4065281	191.444093	143.595275	8.06954113	252.173160	35	19.3739612	6.59056285	205.955089
5	10:19:49	14.00	92.710	28.130	42513.000	22.000	92.718338	19.4244918	191.621304	143.728195	8.07701075	252.406586	35	19.3739612	6.59666344	206.145733
5	10:20:04	14.25	92.370	28.170	42508.000	22.000	92.375937	19.3527588	190.913663	143.197419	8.04718301	251.474469	35	19.3739612	6.57230250	205.384453
5	10:20:19	14.50	92.670	28.130	42521.000	22.000	92.718338	19.4244918	191.621304	143.728195	8.07701075	252.406586	35	19.3739612	6.59666344	206.145733
5	10:20:34	14.75	92.590	28.140	42499.000	22.000	92.632592	19.4065281	191.444093	143.595275	8.06954113	252.173160	35	19.3739612	6.59056285	205.955089
5	10:20:49	15.00	92.560	28.140	42520.000	22.000	92.632592	19.4065281	191.444093	143.595275	8.06954113	252.173160	35	19.3739612	6.59056285	205.955089
5	10:21:04	15.25	92.690	28.130	42502.000	22.000	92.718338	19.4244918	191.621304	143.728195	8.07701075	252.406586	35	19.3739612	6.59666344	206.145733
5	10:21:19	15.50	92.480	28.150	42548.000	22.000	92.546943	19.3885847	191.267083	143.462506	8.06207998	251.939999	35	19.3739612	6.58446917	205.764662
5	10:21:34	15.75	92.530	28.150	42542.000	22.000	92.546943	19.3885847	191.267083	143.462506	8.06207998	251.939999	35	19.3739612	6.58446917	205.764662
5	10:21:49	16.00	92.440	28.160	42532.000	22.000	92.461392	19.3706616	191.090272	143.329887	8.05462727	251.707102	35	19.3739612	6.57838239	205.574450
5	10:22:04	16.25	92.150	28.190	42523.000	22.000	92.205317	19.3170139	190.561042	142.932931	8.03231973	251.009992	35	19.3739612	6.56016335	205.005105
5	10:22:19	16.50	92.400	28.160	42573.000	22.000	92.461392	19.3706616	191.090272	143.329887	8.05462727	251.707102	35	19.3739612	6.57838239	205.574450
5	10:22:34	16.75	92.380	28.160	42536.000	22.000	92.461392	19.3706616	191.090272	143.329887	8.05462727	251.707102	35	19.3739612	6.57838239	205.574450
5	10:22:49	17.00	92.170	28.190	42581.000	22.000	92.205317	19.3170139	190.561042	142.932931	8.03231973	251.009992	35	19.3739612	6.56016335	205.005105
5	10:23:04	17.25	92.290	28.180	42574.000	22.000	92.290579	19.3348762	190.737252	143.065100	8.03974716	251.242099	35	19.3739612	6.56622949	205.194672
5	10:23:19	17.50	92.220	28.180	42554.000	22.000	92.290579	19.3348762	190.737252	143.065100	8.03974716	251.242099	35	19.3739612	6.56622949	205.194672
5	10:23:34	17.75	92.190	28.190	42571.000	22.000	92.205317	19.3170139	190.561042	142.932931	8.03231973	251.009992	35	19.3739612	6.56016335	205.005105
5	10:23:49	18.00	92.380	28.160	42600.000	22.000	92.461392	19.3706616	191.090272	143.329887	8.05462727	251.707102	35	19.3739612	6.57838239	205.574450
5	10:24:04	18.25	92.420	28.160	42579.000	22.000	92.461392	19.3706616	191.090272	143.329887	8.05462727	251.707102	35	19.3739612	6.57838239	205.574450
5	10:24:19	18.50	92.180	28.190	42630.000	22.000	92.205317	19.3170139	190.561042	142.932931	8.03231973	251.009992	35	19.3739612	6.56016335	205.005105
5	10:24:34	18.75	92.070	28.200	42579.000	22.000	92.120152	19.2991718	190.385031	142.800911	8.02490070	250.778147	35	19.3739612	6.55410407	204.815752
5	10:24:49	19.00	92.090	28.200	42623.000	22.000	92.120152	19.2991718	190.385031	142.800911	8.02490070	250.778147	35	19.3739612	6.55410407	204.815752
5	10:25:04	19.25	92.070	28.200	42596.000	22.000	92.120152	19.2991718	190.385031	142.800911	8.02490070	250.778147	35	19.3739612	6.55410407	204.815752
