Chamber	Time/hh:mm:ss	Logtime/min	Oxy/% air sat.	Phase/°	Amp	Temp/°C	% air-sat.	% oxygen	pO2 (hPa)	pO2 (Torr)	cO2 [mg/L]	cO2 [µmol/L]	Salinity	chlorinity	SalCorcO2 [mg/L]	SalCorcO2 [µmol/L]
6	15:13:50	0.00	96.500	25.980	33615.000	32.000	96.592214	20.2360688	195.344618	146.520918	7.05167074	220.364711	35	19.3739612	5.63062915	175.957161
6	15:14:03	0.21	95.180	26.130	33587.000	32.000	95.194593	19.9432673	192.518121	144.400865	6.94963810	217.176191	35	19.3739612	5.54915796	173.411186
6	15:14:18	0.46	96.060	26.030	33593.000	32.000	96.123508	20.1378750	194.396725	145.809938	7.01745312	219.295410	35	19.3739612	5.60330701	175.103344
6	15:14:33	0.71	95.810	26.060	33613.000	32.000	95.843649	20.0792445	193.830749	145.385419	6.99702214	218.656942	35	19.3739612	5.58699324	174.593539
6	15:14:48	0.96	95.190	26.130	33610.000	32.000	95.194593	19.9432673	192.518121	144.400865	6.94963810	217.176191	35	19.3739612	5.54915796	173.411186
6	15:15:03	1.21	95.590	26.080	33636.000	32.000	95.657642	20.0402760	193.454574	145.103264	6.98344277	218.232586	35	19.3739612	5.57615036	174.254699
6	15:15:18	1.46	95.400	26.100	33623.000	32.000	95.472086	20.0014019	193.079312	144.821794	6.96989630	217.809260	35	19.3739612	5.56533376	173.916680
6	15:15:33	1.71	95.930	26.050	33571.000	32.000	95.936822	20.0987643	194.019178	145.526754	7.00382420	218.869506	35	19.3739612	5.59242456	174.763267
6	15:15:48	1.96	95.290	26.110	33610.000	32.000	95.379476	19.9820002	192.892021	144.681314	6.96313538	217.597981	35	19.3739612	5.55993529	173.747978
6	15:16:03	2.21	94.510	26.200	33635.000	32.000	94.551018	19.8084382	191.216577	143.424624	6.90265415	215.707942	35	19.3739612	5.51164214	172.238817
6	15:16:18	2.46	95.340	26.110	33648.000	32.000	95.379476	19.9820002	192.892021	144.681314	6.96313538	217.597981	35	19.3739612	5.55993529	173.747978
6	15:16:33	2.71	95.750	26.060	33681.000	32.000	95.843649	20.0792445	193.830749	145.385419	6.99702214	218.656942	35	19.3739612	5.58699324	174.593539
6	15:16:48	2.96	95.210	26.120	33651.000	32.000	95.286979	19.9626220	192.704958	144.541004	6.95638265	217.386958	35	19.3739612	5.55454336	173.579480
6	15:17:03	3.21	94.820	26.170	33683.000	32.000	94.826168	19.8660823	191.773032	143.842000	6.92274141	216.335669	35	19.3739612	5.52768145	172.740045
6	15:17:18	3.46	95.840	26.060	33676.000	32.000	95.843649	20.0792445	193.830749	145.385419	6.99702214	218.656942	35	19.3739612	5.58699324	174.593539
6	15:17:33	3.71	95.320	26.110	33698.000	32.000	95.379476	19.9820002	192.892021	144.681314	6.96313538	217.597981	35	19.3739612	5.55993529	173.747978
6	15:17:48	3.96	94.410	26.210	33669.000	32.000	94.459522	19.7892699	191.031540	143.285834	6.89597457	215.499205	35	19.3739612	5.50630862	172.072144
6	15:18:03	4.21	94.950	26.150	33680.000	32.000	95.010158	19.9046281	192.145125	144.121094	6.93617347	216.755421	35	19.3739612	5.53840670	173.075209
6	15:18:18	4.46	94.220	26.230	33736.000	32.000	94.276863	19.7510028	190.662136	143.008758	6.88263960	215.082488	35	19.3739612	5.49566089	171.739403
6	15:18:33	4.71	95.120	26.130	33711.000	32.000	95.194593	19.9432673	192.518121	144.400865	6.94963810	217.176191	35	19.3739612	5.54915796	173.411186
6	15:18:48	4.96	95.130	26.130	33769.000	32.000	95.194593	19.9432673	192.518121	144.400865	6.94963810	217.176191	35	19.3739612	5.54915796	173.411186
6	15:19:03	5.21	94.530	26.200	33728.000	32.000	94.551018	19.8084382	191.216577	143.424624	6.90265415	215.707942	35	19.3739612	5.51164214	172.238817
6	15:19:18	5.46	94.620	26.190	33784.000	32.000	94.642624	19.8276297	191.401838	143.563581	6.90934181	215.916932	35	19.3739612	5.51698212	172.405691
6	15:19:33	5.71	94.700	26.180	33726.000	32.000	94.734341	19.8468444	191.587323	143.702707	6.91603756	216.126174	35	19.3739612	5.52232855	172.572767
6	15:19:48	5.96	95.250	26.120	33767.000	32.000	95.286979	19.9626220	192.704958	144.541004	6.95638265	217.386958	35	19.3739612	5.55454336	173.579480
6	15:20:03	6.21	94.110	26.240	33795.000	32.000	94.185698	19.7319038	190.477768	142.870470	6.87598419	214.874506	35	19.3739612	5.49034667	171.573333
6	15:20:18	6.46	94.090	26.250	33811.000	32.000	94.094644	19.7128279	190.293623	142.732350	6.86933680	214.666775	35	19.3739612	5.48503885	171.407464
6	15:20:33	6.71	94.720	26.180	33816.000	32.000	94.734341	19.8468444	191.587323	143.702707	6.91603756	216.126174	35	19.3739612	5.52232855	172.572767
6	15:20:48	6.96	94.070	26.250	33836.000	32.000	94.094644	19.7128279	190.293623	142.732350	6.86933680	214.666775	35	19.3739612	5.48503885	171.407464
6	15:21:03	7.21	94.340	26.220	33775.000	32.000	94.368137	19.7701248	190.846726	143.147212	6.88930306	215.290721	35	19.3739612	5.50098154	171.905673
6	15:21:18	7.46	94.910	26.160	33860.000	32.000	94.918107	19.8853435	191.958966	143.981463	6.92945338	216.545418	35	19.3739612	5.53304083	172.907526
6	15:21:33	7.71	94.980	26.150	33835.000	32.000	95.010158	19.9046281	192.145125	144.121094	6.93617347	216.755421	35	19.3739612	5.53840670	173.075209
6	15:21:48	7.96	93.630	26.300	33823.000	32.000	93.641016	19.6177928	189.376222	142.044240	6.83621988	213.631871	35	19.3739612	5.45859560	170.581112
6	15:22:03	8.21	94.710	26.180	33848.000	32.000	94.734341	19.8468444	191.587323	143.702707	6.91603756	216.126174	35	19.3739612	5.52232855	172.572767
6	15:22:18	8.46	94.340	26.220	33873.000	32.000	94.368137	19.7701248	190.846726	143.147212	6.88930306	215.290721	35	19.3739612	5.50098154	171.905673
6	15:22:33	8.71	94.060	26.250	33889.000	32.000	94.094644	19.7128279	190.293623	142.732350	6.86933680	214.666775	35	19.3739612	5.48503885	171.407464
6	15:22:48	8.96	94.460	26.200	33901.000	32.000	94.551018	19.8084382	191.216577	143.424624	6.90265415	215.707942	35	19.3739612	5.51164214	172.238817
6	15:23:03	9.21	94.430	26.210	33906.000	32.000	94.459522	19.7892699	191.031540	143.285834	6.89597457	215.499205	35	19.3739612	5.50630862	172.072144
6	15:23:18	9.46	94.220	26.230	33908.000	32.000	94.276863	19.7510028	190.662136	143.008758	6.88263960	215.082488	35	19.3739612	5.49566089	171.739403
6	15:23:33	9.71	93.760	26.280	33919.000	32.000	93.822139	19.6557381	189.742519	142.318986	6.84944269	214.045084	35	19.3739612	5.46915377	170.911055
6	15:23:48	9.96	94.510	26.200	33912.000	32.000	94.551018	19.8084382	191.216577	143.424624	6.90265415	215.707942	35	19.3739612	5.51164214	172.238817
6	15:24:03	10.21	93.690	26.290	33907.000	32.000	93.731523	19.6367540	189.559260	142.181530	6.84282730	213.838353	35	19.3739612	5.46387150	170.745984
6	15:24:18	10.46	94.100	26.240	33915.000	32.000	94.185698	19.7319038	190.477768	142.870470	6.87598419	214.874506	35	19.3739612	5.49034667	171.573333
6	15:24:33	10.71	93.460	26.310	33975.000	32.000	93.550618	19.5988544	189.193404	141.907115	6.82962041	213.425638	35	19.3739612	5.45332605	170.416439
6	15:24:48	10.96	93.890	26.270	33949.000	32.000	93.912864	19.6747451	189.925999	142.456608	6.85606606	214.252064	35	19.3739612	5.47444241	171.076325
6	15:25:03	11.21	93.540	26.310	33998.000	32.000	93.550618	19.5988544	189.193404	141.907115	6.82962041	213.425638	35	19.3739612	5.45332605	170.416439
6	15:25:18	11.46	93.400	26.320	33969.000	32.000	93.460329	19.5799388	189.010806	141.770155	6.82302889	213.219653	35	19.3739612	5.44806284	170.251964
6	15:25:33	11.71	94.000	26.260	33945.000	32.000	94.003699	19.6937750	190.109700	142.594395	6.86269743	214.459295	35	19.3739612	5.47973743	171.241795
6	15:25:48	11.96	93.840	26.270	34023.000	32.000	93.912864	19.6747451	189.925999	142.456608	6.85606606	214.252064	35	19.3739612	5.47444241	171.076325
6	15:26:03	12.21	93.390	26.320	33992.000	32.000	93.460329	19.5799388	189.010806	141.770155	6.82302889	213.219653	35	19.3739612	5.44806284	170.251964
6	15:26:18	12.46	93.650	26.290	34049.000	32.000	93.731523	19.6367540	189.559260	142.181530	6.84282730	213.838353	35	19.3739612	5.46387150	170.745984
6	15:26:33	12.71	93.550	26.300	34079.000	32.000	93.641016	19.6177928	189.376222	142.044240	6.83621988	213.631871	35	19.3739612	5.45859560	170.581112
6	15:26:48	12.96	93.720	26.290	34094.000	32.000	93.731523	19.6367540	189.559260	142.181530	6.84282730	213.838353	35	19.3739612	5.46387150	170.745984
6	15:27:03	13.21	94.250	26.230	34072.000	32.000	94.276863	19.7510028	190.662136	143.008758	6.88263960	215.082488	35	19.3739612	5.49566089	171.739403
6	15:27:18	13.46	94.060	26.250	34077.000	32.000	94.094644	19.7128279	190.293623	142.732350	6.86933680	214.666775	35	19.3739612	5.48503885	171.407464
6	15:27:33	13.71	93.270	26.340	34069.000	32.000	93.280076	19.5421759	188.646270	141.496730	6.80986964	212.808426	35	19.3739612	5.43755542	169.923607
6	15:27:48	13.96	93.910	26.270	34054.000	32.000	93.912864	19.6747451	189.925999	142.456608	6.85606606	214.252064	35	19.3739612	5.47444241	171.076325
6	15:28:03	14.21	92.320	26.440	34077.000	32.000	92.385287	19.3547176	186.836680	140.139422	6.74454595	210.767061	35	19.3739612	5.38539566	168.293614
6	15:28:18	14.46	93.380	26.320	34040.000	32.000	93.460329	19.5799388	189.010806	141.770155	6.82302889	213.219653	35	19.3739612	5.44806284	170.251964
6	15:28:33	14.71	92.900	26.380	34142.000	32.000	92.920870	19.4669222	187.919824	140.951849	6.78364593	211.988935	35	19.3739612	5.41661627	169.269258
6	15:28:48	14.96	93.320	26.330	34099.000	32.000	93.370148	19.5610460	188.828429	141.633360	6.81644530	213.013916	35	19.3739612	5.44280596	170.087686
6	15:29:03	15.21	93.280	26.340	34111.000	32.000	93.280076	19.5421759	188.646270	141.496730	6.80986964	212.808426	35	19.3739612	5.43755542	169.923607
6	15:29:18	15.46	93.320	26.330	34099.000	32.000	93.370148	19.5610460	188.828429	141.633360	6.81644530	213.013916	35	19.3739612	5.44280596	170.087686
6	15:29:33	15.71	92.760	26.390	34092.000	32.000	92.831337	19.4481652	187.738758	140.816038	6.77710968	211.784678	35	19.3739612	5.41139720	169.106162
6	15:29:48	15.96	92.750	26.390	34119.000	32.000	92.831337	19.4481652	187.738758	140.816038	6.77710968	211.784678	35	19.3739612	5.41139720	169.106162
6	15:30:03	16.21	93.190	26.340	34137.000	32.000	93.280076	19.5421759	188.646270	141.496730	6.80986964	212.808426	35	19.3739612	5.43755542	169.923607
6	15:30:18	16.46	93.300	26.330	34154.000	32.000	93.370148	19.5610460	188.828429	141.633360	6.81644530	213.013916	35	19.3739612	5.44280596	170.087686
6	15:30:33	16.71	93.240	26.340	34167.000	32.000	93.280076	19.5421759	188.646270	141.496730	6.80986964	212.808426	35	19.3739612	5.43755542	169.923607
6	15:30:48	16.96	92.420	26.430	34181.000	32.000	92.474283	19.3733623	187.016663	140.274421	6.75104307	210.970096	35	19.3739612	5.39058349	168.455734
6	15:31:03	17.21	92.690	26.400	34184.000	32.000	92.741913	19.4294308	187.557909	140.680389	6.77058129	211.580665	35	19.3739612	5.40618439	168.943262
6	15:31:18	17.46	92.260	26.450	34197.000	32.000	92.296397	19.3360952	186.656914	140.004586	6.73805662	210.564269	35	19.3739612	5.38021404	168.131689
6	15:31:33	17.71	92.830	26.390	34155.000	32.000	92.831337	19.4481652	187.738758	140.816038	6.77710968	211.784678	35	19.3739612	5.41139720	169.106162
6	15:31:48	17.96	93.160	26.350	34171.000	32.000	93.190112	19.5233285	188.464331	141.360264	6.80330188	212.603184	35	19.3739612	5.43231118	169.759724
6	15:32:03	18.21	93.130	26.350	34195.000	32.000	93.190112	19.5233285	188.464331	141.360264	6.80330188	212.603184	35	19.3739612	5.43231118	169.759724
6	15:32:18	18.46	92.680	26.400	34207.000	32.000	92.741913	19.4294308	187.557909	140.680389	6.77058129	211.580665	35	19.3739612	5.40618439	168.943262
6	15:32:33	18.71	92.880	26.380	34274.000	32.000	92.920870	19.4669222	187.919824	140.951849	6.78364593	211.988935	35	19.3739612	5.41661627	169.269258
6	15:32:48	18.96	92.630	26.410	34242.000	32.000	92.652596	19.4107188	187.377277	140.544904	6.76406073	211.376898	35	19.3739612	5.40097785	168.780558
6	15:33:03	19.21	92.560	26.420	34276.000	32.000	92.563386	19.3920293	187.196862	140.409581	6.75754799	211.173375	35	19.3739612	5.39577755	168.618048
6	15:33:18	19.46	92.650	26.410	34283.000	32.000	92.652596	19.4107188	187.377277	140.544904	6.76406073	211.376898	35	19.3739612	5.40097785	168.780558
6	15:33:33	19.71	92.060	26.470	34294.000	32.000	92.118938	19.2989175	186.298026	139.735397	6.72510128	210.159415	35	19.3739612	5.36986944	167.808420
