Chamber	Time/hh:mm:ss	Logtime/min	Oxy/% air sat.	Phase/°	Amp	Temp/°C	% air-sat.	% oxygen	pO2 (hPa)	pO2 (Torr)	cO2 [mg/L]	cO2 [µmol/L]	Salinity	chlorinity	SalCorcO2 [mg/L]	SalCorcO2 [µmol/L]
5	13:14:47	0.00	91.450	27.040	42484.000	29.000	91.520375	19.1735185	186.527688	139.907658	7.02677013	219.586567	35	19.3739612	5.69293334	177.904167
5	13:15:00	0.23	91.910	26.990	42493.000	29.000	91.955853	19.2647511	187.415236	140.573375	7.06020535	220.631417	35	19.3739612	5.72002181	178.750681
5	13:15:15	0.48	91.450	27.040	42517.000	29.000	91.520375	19.1735185	186.527688	139.907658	7.02677013	219.586567	35	19.3739612	5.69293334	177.904167
5	13:15:31	0.73	91.580	27.030	42554.000	29.000	91.607266	19.1917221	186.704780	140.040488	7.03344145	219.795045	35	19.3739612	5.69833829	178.073072
5	13:15:45	0.98	91.330	27.060	42581.000	29.000	91.346899	19.1371754	186.174128	139.642465	7.01345101	219.170344	35	19.3739612	5.68214248	177.566952
5	13:16:00	1.23	91.300	27.060	42612.000	29.000	91.346899	19.1371754	186.174128	139.642465	7.01345101	219.170344	35	19.3739612	5.68214248	177.566952
5	13:16:15	1.48	91.220	27.070	42655.000	29.000	91.260314	19.1190359	185.997659	139.510103	7.00680317	218.962599	35	19.3739612	5.67675655	177.398642
5	13:16:30	1.73	91.080	27.090	42722.000	29.000	91.087449	19.0828207	185.645343	139.245843	6.99353091	218.547841	35	19.3739612	5.66600365	177.062614
5	13:16:45	1.98	90.880	27.110	42731.000	29.000	90.914990	19.0466904	185.293853	138.982203	6.98028976	218.134055	35	19.3739612	5.65527597	176.727374
5	13:17:00	2.23	90.450	27.160	42831.000	29.000	90.485606	18.9567345	184.418726	138.325802	6.94732247	217.103827	35	19.3739612	5.62856660	175.892706
5	13:17:15	2.48	90.560	27.150	42854.000	29.000	90.571282	18.9746835	184.593342	138.456775	6.95390048	217.309390	35	19.3739612	5.63389596	176.059249
5	13:17:30	2.73	90.340	27.170	42888.000	29.000	90.400031	18.9388065	184.244315	138.194983	6.94075216	216.898505	35	19.3739612	5.62324348	175.726359
5	13:17:45	2.98	90.380	27.170	42934.000	29.000	90.400031	18.9388065	184.244315	138.194983	6.94075216	216.898505	35	19.3739612	5.62324348	175.726359
5	13:18:00	3.23	89.860	27.230	42971.000	29.000	89.888677	18.8316779	183.202125	137.413274	6.90149134	215.671605	35	19.3739612	5.59143524	174.732351
5	13:18:15	3.48	89.890	27.220	43019.000	29.000	89.973654	18.8494805	183.375316	137.543178	6.90801570	215.875491	35	19.3739612	5.59672113	174.897535
5	13:18:31	3.73	89.760	27.240	43047.000	29.000	89.803800	18.8138961	183.029137	137.283522	6.89497461	215.467957	35	19.3739612	5.58615553	174.567360
5	13:18:46	3.98	89.400	27.280	43087.000	29.000	89.465280	18.7429762	182.339199	136.766025	6.86898366	214.655739	35	19.3739612	5.56509824	173.909320
5	13:19:00	4.23	89.500	27.270	43117.000	29.000	89.549762	18.7606751	182.511382	136.895172	6.87547002	214.858438	35	19.3739612	5.57035335	174.073542
5	13:19:15	4.48	89.080	27.320	43164.000	29.000	89.128336	18.6723865	181.652474	136.250937	6.84311372	213.847304	35	19.3739612	5.54413899	173.254343
5	13:19:30	4.73	89.020	27.330	43248.000	29.000	89.044346	18.6547904	181.481293	136.122540	6.83666507	213.645783	35	19.3739612	5.53891443	173.091076
5	13:19:45	4.98	88.820	27.350	43304.000	29.000	88.876657	18.6196597	181.139527	135.866194	6.82379026	213.243446	35	19.3739612	5.52848355	172.765111
5	13:20:00	5.23	88.440	27.400	43341.000	29.000	88.459140	18.5321899	180.288585	135.227933	6.79173404	212.241689	35	19.3739612	5.50251231	171.953510
5	13:20:15	5.48	88.650	27.370	43366.000	29.000	88.709359	18.5846107	180.798556	135.610444	6.81094539	212.842044	35	19.3739612	5.51807692	172.439904
5	13:20:31	5.73	88.170	27.430	43413.000	29.000	88.209792	18.4799515	179.780389	134.846754	6.77258955	211.643423	35	19.3739612	5.48700187	171.468808
5	13:20:46	5.98	88.030	27.450	43464.000	29.000	88.044042	18.4452268	179.442574	134.593371	6.75986356	211.245736	35	19.3739612	5.47669155	171.146611
5	13:21:01	6.23	87.960	27.460	43486.000	29.000	87.961311	18.4278947	179.273960	134.466900	6.75351163	211.047239	35	19.3739612	5.47154536	170.985793
5	13:21:15	6.48	87.920	27.460	43531.000	29.000	87.961311	18.4278947	179.273960	134.466900	6.75351163	211.047239	35	19.3739612	5.47154536	170.985793
5	13:21:30	6.73	87.850	27.470	43561.000	29.000	87.878676	18.4105827	179.105542	134.340575	6.74716707	210.848971	35	19.3739612	5.46640514	170.825161
5	13:21:45	6.98	87.680	27.490	43594.000	29.000	87.713694	18.3760188	178.769291	134.088366	6.73449999	210.453125	35	19.3739612	5.45614255	170.504455
5	13:22:00	7.23	87.270	27.540	43669.000	29.000	87.302905	18.2899587	177.932063	133.460391	6.70296039	209.467512	35	19.3739612	5.43058987	169.705933
5	13:22:15	7.48	87.570	27.500	43657.000	29.000	87.631346	18.3587669	178.601457	133.962480	6.72817745	210.255545	35	19.3739612	5.45102017	170.344380
5	13:22:31	7.73	87.150	27.550	43709.000	29.000	87.221032	18.2728063	177.765198	133.335232	6.69667435	209.271073	35	19.3739612	5.42549705	169.546783
5	13:22:45	7.98	87.290	27.540	43748.000	29.000	87.302905	18.2899587	177.932063	133.460391	6.70296039	209.467512	35	19.3739612	5.43058987	169.705933
5	13:23:00	8.23	86.870	27.590	43763.000	29.000	86.894486	18.2043949	177.099664	132.836039	6.67160272	208.487585	35	19.3739612	5.40518457	168.912018
5	13:23:15	8.48	86.700	27.610	43871.000	29.000	86.731778	18.1703075	176.768049	132.587306	6.65911028	208.097196	35	19.3739612	5.39506348	168.595734
5	13:23:31	8.73	86.750	27.600	43872.000	29.000	86.813085	18.1873414	176.933761	132.711601	6.66535290	208.292278	35	19.3739612	5.40012111	168.753785
5	13:23:45	8.98	86.470	27.640	43925.000	29.000	86.488419	18.1193238	176.272059	132.215282	6.64042562	207.513301	35	19.3739612	5.37992558	168.122674
5	13:24:00	9.23	86.130	27.680	43993.000	29.000	86.165247	18.0516193	175.613402	131.721248	6.61561306	206.737908	35	19.3739612	5.35982300	167.494469
5	13:24:16	9.48	86.160	27.680	44032.000	29.000	86.165247	18.0516193	175.613402	131.721248	6.61561306	206.737908	35	19.3739612	5.35982300	167.494469
5	13:24:30	9.73	86.020	27.690	44050.000	29.000	86.084687	18.0347419	175.449212	131.598095	6.60942777	206.544618	35	19.3739612	5.35481181	167.337869
5	13:24:45	9.98	85.780	27.720	44093.000	29.000	85.843561	17.9842260	174.957773	131.229484	6.59091454	205.966079	35	19.3739612	5.33981280	166.869150
5	13:25:01	10.23	85.830	27.720	44158.000	29.000	85.843561	17.9842260	174.957773	131.229484	6.59091454	205.966079	35	19.3739612	5.33981280	166.869150
5	13:25:15	10.48	85.690	27.730	44231.000	29.000	85.763370	17.9674260	174.794336	131.106896	6.58475765	205.773677	35	19.3739612	5.33482463	166.713270
5	13:25:30	10.73	85.530	27.750	44235.000	29.000	85.603265	17.9338841	174.468026	130.862143	6.57246509	205.389534	35	19.3739612	5.32486546	166.402046
5	13:25:45	10.98	85.120	27.810	44313.000	29.000	85.125151	17.8337192	173.493582	130.131248	6.53575635	204.242386	35	19.3739612	5.29512486	165.472652
5	13:26:00	11.23	85.300	27.780	44301.000	29.000	85.363797	17.8837154	173.979965	130.496066	6.55407911	204.814972	35	19.3739612	5.30996956	165.936549
5	13:26:16	11.48	85.110	27.810	44371.000	29.000	85.125151	17.8337192	173.493582	130.131248	6.53575635	204.242386	35	19.3739612	5.29512486	165.472652
5	13:26:30	11.73	84.860	27.840	44407.000	29.000	84.887325	17.7838947	173.008869	129.767682	6.51749651	203.671766	35	19.3739612	5.28033114	165.010348
5	13:26:45	11.98	84.870	27.840	44433.000	29.000	84.887325	17.7838947	173.008869	129.767682	6.51749651	203.671766	35	19.3739612	5.28033114	165.010348
5	13:27:00	12.23	84.670	27.860	44478.000	29.000	84.729228	17.7507733	172.686652	129.525998	6.50535810	203.292441	35	19.3739612	5.27049687	164.703027
5	13:27:15	12.48	84.630	27.870	44491.000	29.000	84.650316	17.7342411	172.525819	129.405364	6.49929931	203.103104	35	19.3739612	5.26558818	164.549631
5	13:27:30	12.73	84.530	27.880	44510.000	29.000	84.571493	17.7177278	172.365171	129.284867	6.49324746	202.913983	35	19.3739612	5.26068510	164.396409
5	13:27:46	12.98	84.310	27.910	44609.000	29.000	84.335565	17.6683009	171.884327	128.924204	6.47513336	202.347918	35	19.3739612	5.24600946	163.937796
5	13:28:00	13.23	83.840	27.970	44621.000	29.000	83.866129	17.5699541	170.927570	128.206575	6.43909091	201.221591	35	19.3739612	5.21680867	163.025271
5	13:28:16	13.48	83.840	27.970	44697.000	29.000	83.866129	17.5699541	170.927570	128.206575	6.43909091	201.221591	35	19.3739612	5.21680867	163.025271
5	13:28:31	13.73	83.870	27.960	44719.000	29.000	83.944146	17.5862985	171.086574	128.325838	6.44508086	201.408777	35	19.3739612	5.22166159	163.176925
5	13:28:45	13.98	83.530	28.010	44790.000	29.000	83.554953	17.5047626	170.293360	127.730877	6.41519932	200.474979	35	19.3739612	5.19745223	162.420382
5	13:29:01	14.23	83.590	28.000	44841.000	29.000	83.632614	17.5210326	170.451642	127.849598	6.42116201	200.661313	35	19.3739612	5.20228307	162.571346
5	13:29:16	14.48	83.200	28.050	44910.000	29.000	83.245191	17.4398674	169.662034	127.257342	6.39141634	199.731761	35	19.3739612	5.17818379	161.818243
5	13:29:30	14.73	83.100	28.060	44939.000	29.000	83.167970	17.4236897	169.504651	127.139295	6.38548750	199.546484	35	19.3739612	5.17338037	161.668136
5	13:29:45	14.98	82.840	28.100	44990.000	29.000	82.859965	17.3591626	168.876905	126.668446	6.36183940	198.807481	35	19.3739612	5.15422120	161.069413
5	13:30:01	15.23	82.800	28.100	45061.000	29.000	82.859965	17.3591626	168.876905	126.668446	6.36183940	198.807481	35	19.3739612	5.15422120	161.069413
5	13:30:15	15.48	82.420	28.150	45126.000	29.000	82.476920	17.2789148	168.096222	126.082884	6.33242993	197.888435	35	19.3739612	5.13039430	160.324822
5	13:30:30	15.73	82.400	28.160	45150.000	29.000	82.400572	17.2629198	167.940616	125.966169	6.32656803	197.705251	35	19.3739612	5.12564512	160.176410
5	13:30:46	15.98	81.920	28.220	45185.000	29.000	81.944292	17.1673293	167.010673	125.268653	6.29153571	196.610491	35	19.3739612	5.09726272	159.289460
5	13:31:01	16.23	81.870	28.220	45269.000	29.000	81.944292	17.1673293	167.010673	125.268653	6.29153571	196.610491	35	19.3739612	5.09726272	159.289460
5	13:31:15	16.48	81.920	28.220	45301.000	29.000	81.944292	17.1673293	167.010673	125.268653	6.29153571	196.610491	35	19.3739612	5.09726272	159.289460
5	13:31:31	16.73	81.550	28.270	45356.000	29.000	81.566418	17.0881646	166.240528	124.690995	6.26252322	195.703851	35	19.3739612	5.07375744	158.554920
5	13:31:45	16.98	81.790	28.240	45396.000	29.000	81.792886	17.1356097	166.702093	125.037198	6.27991104	196.247220	35	19.3739612	5.08784466	158.995146
5	13:32:00	17.23	81.290	28.300	45436.000	29.000	81.340716	17.0408800	165.780524	124.345963	6.24519421	195.162319	35	19.3739612	5.05971786	158.116183
5	13:32:16	17.48	81.430	28.280	45482.000	29.000	81.491099	17.0723853	166.087020	124.575854	6.25674036	195.523136	35	19.3739612	5.06907230	158.408509
5	13:32:30	17.73	80.960	28.350	45547.000	29.000	80.966239	16.9624270	165.017302	123.773497	6.21644252	194.263829	35	19.3739612	5.03642387	157.388246
5	13:32:46	17.98	80.880	28.360	45597.000	29.000	80.891596	16.9467894	164.865173	123.659391	6.21071159	194.084737	35	19.3739612	5.03178080	157.243150
5	13:33:00	18.23	80.750	28.370	45610.000	29.000	80.817038	16.9311694	164.713215	123.545413	6.20498711	193.905847	35	19.3739612	5.02714296	157.098217
5	13:33:15	18.48	80.750	28.370	45698.000	29.000	80.817038	16.9311694	164.713215	123.545413	6.20498711	193.905847	35	19.3739612	5.02714296	157.098217
5	13:33:31	18.73	80.430	28.420	45701.000	29.000	80.445500	16.8533322	163.955984	122.977441	6.17646112	193.014410	35	19.3739612	5.00403183	156.375995
5	13:33:45	18.98	80.350	28.430	45759.000	29.000	80.371443	16.8378172	163.805048	122.864229	6.17077513	192.836723	35	19.3739612	4.99942517	156.232037
5	13:34:00	19.23	80.170	28.450	45799.000	29.000	80.223577	16.8068395	163.503684	122.638187	6.15942231	192.481947	35	19.3739612	4.99022736	155.944605
5	13:34:15	19.48	80.290	28.440	45834.000	29.000	80.297469	16.8223197	163.654281	122.751145	6.16509553	192.659235	35	19.3739612	4.99482369	156.088240
5	13:34:31	19.73	80.060	28.470	45866.000	29.000	80.076044	16.7759312	163.202995	122.412652	6.14809493	192.127967	35	19.3739612	4.98105018	155.657818
5	13:34:46	19.98	80.030	28.470	45950.000	29.000	80.076044	16.7759312	163.202995	122.412652	6.14809493	192.127967	35	19.3739612	4.98105018	155.657818
5	13:35:01	20.23	79.700	28.520	45947.000	29.000	79.708654	16.6989630	162.454218	121.851021	6.11988739	191.246481	35	19.3739612	4.95819705	154.943658
5	13:35:15	20.48	79.780	28.500	45989.000	29.000	79.855363	16.7296985	162.753225	122.075295	6.13115145	191.598483	35	19.3739612	4.96732294	155.228842
5	13:35:30	20.73	79.610	28.530	46020.000	29.000	79.635422	16.6836210	162.304965	121.739072	6.11426482	191.070776	35	19.3739612	4.95364177	154.801305
5	13:35:46	20.98	79.590	28.530	46083.000	29.000	79.635422	16.6836210	162.304965	121.739072	6.11426482	191.070776	35	19.3739612	4.95364177	154.801305
5	13:36:01	21.23	79.130	28.590	46124.000	29.000	79.197751	16.5919288	161.412946	121.070001	6.08066117	190.020661	35	19.3739612	4.92641683	153.950526
