Chamber	Time/hh:mm:ss	Logtime/min	Oxy/% air sat.	Phase/°	Amp	Temp/°C	% air-sat.	% oxygen	pO2 (hPa)	pO2 (Torr)	cO2 [mg/L]	cO2 [µmol/L]	Salinity	chlorinity	SalCorcO2 [mg/L]	SalCorcO2 [µmol/L]
4	14:58:29	0.00	92.650	26.410	32332.000	32.000	92.652596	19.4107188	187.377277	140.544904	6.76406073	211.376898	35	19.3739612	5.40097785	168.780558
4	14:58:41	0.20	92.180	26.460	32351.000	32.000	92.207614	19.3174952	186.477362	139.869911	6.73157506	210.361721	35	19.3739612	5.37503864	167.969958
4	14:58:56	0.45	91.900	26.490	32381.000	32.000	91.941903	19.2618288	185.939998	139.466853	6.71217695	209.755530	35	19.3739612	5.35954961	167.485925
4	14:59:11	0.70	93.990	26.260	32365.000	32.000	94.003699	19.6937750	190.109700	142.594395	6.86269743	214.459295	35	19.3739612	5.47973743	171.241795
4	14:59:26	0.95	91.610	26.520	32385.000	32.000	91.677145	19.2063620	185.404561	139.065241	6.69284841	209.151513	35	19.3739612	5.34411613	167.003629
4	14:59:41	1.20	91.990	26.480	32399.000	32.000	92.030368	19.2803620	186.118905	139.601045	6.71863524	209.957351	35	19.3739612	5.36470643	167.647076
4	14:59:56	1.45	91.660	26.520	32418.000	32.000	91.677145	19.2063620	185.404561	139.065241	6.69284841	209.151513	35	19.3739612	5.34411613	167.003629
4	15:00:11	1.70	91.440	26.540	32420.000	32.000	91.501167	19.1694946	185.048669	138.798300	6.68000122	208.750038	35	19.3739612	5.33385788	166.683059
4	15:00:26	1.95	91.590	26.520	32435.000	32.000	91.677145	19.2063620	185.404561	139.065241	6.69284841	209.151513	35	19.3739612	5.34411613	167.003629
4	15:00:41	2.20	91.300	26.560	32448.000	32.000	91.325610	19.1327152	184.693628	138.531996	6.66718471	208.349522	35	19.3739612	5.32362413	166.363254
4	15:00:56	2.45	91.430	26.540	32463.000	32.000	91.501167	19.1694946	185.048669	138.798300	6.68000122	208.750038	35	19.3739612	5.33385788	166.683059
4	15:01:11	2.70	91.400	26.550	32487.000	32.000	91.413336	19.1510939	184.871042	138.665068	6.67358913	208.549660	35	19.3739612	5.32873795	166.523061
4	15:01:26	2.95	91.630	26.520	32512.000	32.000	91.677145	19.2063620	185.404561	139.065241	6.69284841	209.151513	35	19.3739612	5.34411613	167.003629
4	15:01:41	3.20	91.010	26.590	32536.000	32.000	91.063059	19.0777108	184.162654	138.133732	6.64801729	207.750540	35	19.3739612	5.30831930	165.884978
4	15:01:56	3.45	90.950	26.600	32523.000	32.000	90.975750	19.0594197	183.986085	138.001294	6.64164339	207.551356	35	19.3739612	5.30322986	165.725933
4	15:02:11	3.70	90.610	26.640	32546.000	32.000	90.627558	18.9864733	183.281912	137.473119	6.61622372	206.756991	35	19.3739612	5.28293272	165.091648
4	15:02:26	3.95	91.070	26.580	32567.000	32.000	91.150471	19.0960237	184.339434	138.266328	6.65439880	207.949963	35	19.3739612	5.31341482	166.044213
4	15:02:41	4.20	90.630	26.630	32597.000	32.000	90.714450	19.0046773	183.457641	137.604927	6.62256728	206.955227	35	19.3739612	5.28799793	165.249935
4	15:02:56	4.45	90.240	26.680	32620.000	32.000	90.281021	18.9138739	182.581089	136.947457	6.59092497	205.966405	35	19.3739612	5.26273213	164.460379
4	15:03:11	4.70	90.390	26.660	32633.000	32.000	90.454083	18.9501303	182.931083	137.209975	6.60355928	206.361227	35	19.3739612	5.27282040	164.775637
4	15:03:26	4.95	90.680	26.630	32672.000	32.000	90.714450	19.0046773	183.457641	137.604927	6.62256728	206.955227	35	19.3739612	5.28799793	165.249935
4	15:03:41	5.20	90.540	26.650	32690.000	32.000	90.540768	18.9682910	183.106393	137.341469	6.60988773	206.558992	35	19.3739612	5.27787355	164.933548
4	15:03:56	5.45	90.320	26.670	32681.000	32.000	90.367500	18.9319913	182.755982	137.078638	6.59723836	206.163699	35	19.3739612	5.26777326	164.617914
4	15:04:11	5.70	90.220	26.680	32690.000	32.000	90.281021	18.9138739	182.581089	136.947457	6.59092497	205.966405	35	19.3739612	5.26273213	164.460379
4	15:04:26	5.95	90.080	26.700	32733.000	32.000	90.108370	18.8777036	182.231927	136.685563	6.57832070	205.572522	35	19.3739612	5.25266786	164.145871
4	15:04:41	6.20	90.130	26.690	32764.000	32.000	90.194644	18.8957780	182.406404	136.816432	6.58461909	205.769346	35	19.3739612	5.25769700	164.303031
4	15:04:56	6.45	88.890	26.840	32772.000	32.000	88.911238	18.6269043	179.810888	134.869630	6.49092456	202.841393	35	19.3739612	5.18288365	161.965114
4	15:05:11	6.70	89.560	26.760	32776.000	32.000	89.592876	18.7697076	181.189410	135.903609	6.54068728	204.396478	35	19.3739612	5.22261827	163.206821
4	15:05:26	6.95	89.800	26.730	32816.000	32.000	89.850164	18.8236093	181.709739	136.293889	6.55947044	204.983451	35	19.3739612	5.23761628	163.675509
4	15:05:41	7.20	89.840	26.730	32823.000	32.000	89.850164	18.8236093	181.709739	136.293889	6.55947044	204.983451	35	19.3739612	5.23761628	163.675509
4	15:05:56	7.45	89.410	26.780	32854.000	32.000	89.421860	18.7338796	180.843552	135.644194	6.52820230	204.006322	35	19.3739612	5.21264924	162.895289
4	15:06:11	7.70	89.530	26.760	32886.000	32.000	89.592876	18.7697076	181.189410	135.903609	6.54068728	204.396478	35	19.3739612	5.22261827	163.206821
4	15:06:26	7.95	89.720	26.740	32884.000	32.000	89.764299	18.8056207	181.536090	136.163641	6.55320195	204.787561	35	19.3739612	5.23261100	163.519094
4	15:06:41	8.20	89.010	26.820	32891.000	32.000	89.081042	18.6624782	180.154294	135.127206	6.50332103	203.228782	35	19.3739612	5.19278200	162.274438
4	15:06:56	8.45	88.910	26.840	32960.000	32.000	88.911238	18.6269043	179.810888	134.869630	6.49092456	202.841393	35	19.3739612	5.18288365	161.965114
4	15:07:11	8.70	88.900	26.840	32937.000	32.000	88.911238	18.6269043	179.810888	134.869630	6.49092456	202.841393	35	19.3739612	5.18288365	161.965114
4	15:07:26	8.95	88.870	26.840	32983.000	32.000	88.911238	18.6269043	179.810888	134.869630	6.49092456	202.841393	35	19.3739612	5.18288365	161.965114
4	15:07:41	9.20	88.660	26.860	32964.000	32.000	88.741835	18.5914145	179.468295	134.612664	6.47855743	202.454920	35	19.3739612	5.17300872	161.656523
4	15:07:56	9.45	88.700	26.860	33004.000	32.000	88.741835	18.5914145	179.468295	134.612664	6.47855743	202.454920	35	19.3739612	5.17300872	161.656523
4	15:08:11	9.70	88.850	26.840	33016.000	32.000	88.911238	18.6269043	179.810888	134.869630	6.49092456	202.841393	35	19.3739612	5.18288365	161.965114
4	15:08:26	9.95	88.640	26.870	33036.000	32.000	88.657284	18.5737011	179.297303	134.484408	6.47238483	202.262026	35	19.3739612	5.16808002	161.502501
4	15:08:41	10.20	88.750	26.850	33077.000	32.000	88.826486	18.6091489	179.639490	134.741071	6.48473733	202.648042	35	19.3739612	5.17794326	161.810727
4	15:08:56	10.45	88.210	26.920	33102.000	32.000	88.236027	18.4854476	178.445367	133.845402	6.44163111	201.300972	35	19.3739612	5.14352374	160.735117
4	15:09:11	10.70	88.540	26.880	33131.000	32.000	88.572834	18.5560086	179.126512	134.356304	6.46621953	202.069360	35	19.3739612	5.16315714	161.348661
4	15:09:26	10.95	87.850	26.960	33100.000	32.000	87.900808	18.4152193	177.767432	133.336908	6.41715861	200.536206	35	19.3739612	5.12398290	160.124465
4	15:09:41	11.20	88.400	26.900	33143.000	32.000	88.404231	18.5206864	178.785537	134.100551	6.45391079	201.684712	35	19.3739612	5.15332884	161.041526
4	15:09:56	11.45	87.790	26.970	33170.000	32.000	87.817250	18.3977139	177.598448	133.210159	6.41105851	200.345578	35	19.3739612	5.11911208	159.972252
4	15:10:11	11.70	87.700	26.980	33192.000	32.000	87.733791	18.3802292	177.429663	133.083559	6.40496560	200.155175	35	19.3739612	5.11424701	159.820219
4	15:10:26	11.95	88.020	26.940	33180.000	32.000	88.068219	18.4502920	178.105999	133.590854	6.42938041	200.918138	35	19.3739612	5.13374178	160.429431
4	15:10:41	12.20	87.550	27.000	33207.000	32.000	87.567167	18.3453215	177.092689	132.830807	6.39280131	199.775041	35	19.3739612	5.10453405	159.516689
4	15:10:56	12.45	87.480	27.010	33224.000	32.000	87.484002	18.3278985	176.924499	132.704654	6.38672991	199.585310	35	19.3739612	5.09968614	159.365192
4	15:11:11	12.70	87.050	27.060	33255.000	32.000	87.069644	18.2410905	176.086517	132.076114	6.35647989	198.639997	35	19.3739612	5.07553206	158.610377
4	15:11:26	12.95	87.350	27.020	33266.000	32.000	87.400936	18.3104960	176.756508	132.578650	6.38066566	199.395802	35	19.3739612	5.09484395	159.213873
4	15:11:41	13.20	87.000	27.060	33310.000	32.000	87.069644	18.2410905	176.086517	132.076114	6.35647989	198.639997	35	19.3739612	5.07553206	158.610377
4	15:11:56	13.45	87.160	27.040	33312.000	32.000	87.235095	18.2757524	176.421118	132.327086	6.36855855	199.017455	35	19.3739612	5.08517664	158.911770
4	15:12:11	13.70	86.910	27.070	33329.000	32.000	86.987065	18.2237901	175.919511	131.950849	6.35045121	198.451600	35	19.3739612	5.07071827	158.459946
4	15:12:26	13.95	86.820	27.090	33369.000	32.000	86.822197	18.1892502	175.586087	131.700760	6.33841509	198.075472	35	19.3739612	5.06110765	158.159614
4	15:12:41	14.20	87.010	27.060	33358.000	32.000	87.069644	18.2410905	176.086517	132.076114	6.35647989	198.639997	35	19.3739612	5.07553206	158.610377
4	15:12:56	14.45	86.550	27.120	33401.000	32.000	86.575620	18.1375923	175.087419	131.326727	6.32041384	197.512933	35	19.3739612	5.04673398	157.710437
4	15:13:11	14.70	86.990	27.060	33408.000	32.000	87.069644	18.2410905	176.086517	132.076114	6.35647989	198.639997	35	19.3739612	5.07553206	158.610377
4	15:13:26	14.95	86.550	27.120	33418.000	32.000	86.575620	18.1375923	175.087419	131.326727	6.32041384	197.512933	35	19.3739612	5.04673398	157.710437
4	15:13:41	15.20	86.530	27.120	33449.000	32.000	86.575620	18.1375923	175.087419	131.326727	6.32041384	197.512933	35	19.3739612	5.04673398	157.710437
4	15:13:56	15.45	86.600	27.110	33470.000	32.000	86.657716	18.1547914	175.253447	131.451258	6.32640721	197.700225	35	19.3739612	5.05151958	157.859987
4	15:14:11	15.70	86.160	27.170	33496.000	32.000	86.166582	18.0518989	174.260195	130.706256	6.29055221	196.579757	35	19.3739612	5.02289002	156.965313
4	15:14:26	15.95	86.060	27.180	33485.000	32.000	86.085061	18.0348204	174.095332	130.582598	6.28460086	196.393777	35	19.3739612	5.01813798	156.816812
4	15:14:41	16.20	86.020	27.180	33513.000	32.000	86.085061	18.0348204	174.095332	130.582598	6.28460086	196.393777	35	19.3739612	5.01813798	156.816812
4	15:14:56	16.45	86.180	27.160	33534.000	32.000	86.248198	18.0689974	174.425252	130.830060	6.29651054	196.765954	35	19.3739612	5.02764764	157.113989
4	15:15:11	16.70	85.900	27.200	33588.000	32.000	85.922307	18.0007233	173.766183	130.335716	6.27271905	196.022470	35	19.3739612	5.00865057	156.520330
4	15:15:26	16.95	85.930	27.190	33591.000	32.000	86.003637	18.0177619	173.930661	130.459085	6.27865648	196.208015	35	19.3739612	5.01339150	156.668484
4	15:15:41	17.20	85.870	27.200	33593.000	32.000	85.922307	18.0007233	173.766183	130.335716	6.27271905	196.022470	35	19.3739612	5.00865057	156.520330
4	15:15:56	17.45	85.750	27.220	33626.000	32.000	85.759933	17.9667060	173.437804	130.089411	6.26086502	195.652032	35	19.3739612	4.99918535	156.224542
4	15:16:11	17.70	85.540	27.240	33637.000	32.000	85.597939	17.9327682	173.110192	129.843681	6.24903870	195.282459	35	19.3739612	4.98974224	155.929445
4	15:16:26	17.95	86.190	27.160	33675.000	32.000	86.248198	18.0689974	174.425252	130.830060	6.29651054	196.765954	35	19.3739612	5.02764764	157.113989
4	15:16:41	18.20	85.560	27.240	33654.000	32.000	85.597939	17.9327682	173.110192	129.843681	6.24903870	195.282459	35	19.3739612	4.98974224	155.929445
4	15:16:56	18.45	85.110	27.300	33674.000	32.000	85.114221	17.8314293	172.131939	129.109928	6.21372509	194.178909	35	19.3739612	4.96154498	155.048281
4	15:17:11	18.70	85.170	27.290	33734.000	32.000	85.194605	17.8482698	172.294505	129.231864	6.21959353	194.362298	35	19.3739612	4.96623082	155.194713
4	15:17:26	18.95	85.460	27.250	33749.000	32.000	85.517084	17.9158290	172.946674	129.721031	6.24313589	195.097997	35	19.3739612	4.98502897	155.782155
4	15:17:41	19.20	85.120	27.290	33746.000	32.000	85.194605	17.8482698	172.294505	129.231864	6.21959353	194.362298	35	19.3739612	4.96623082	155.194713
4	15:17:56	19.45	84.680	27.350	33786.000	32.000	84.713702	17.7475205	171.321943	128.502380	6.18448536	193.265167	35	19.3739612	4.93819759	154.318675
4	15:18:11	19.70	84.880	27.320	33793.000	32.000	84.953733	17.7978071	171.807374	128.866484	6.20200874	193.812773	35	19.3739612	4.95218969	154.755928
4	15:18:26	19.95	84.720	27.340	33795.000	32.000	84.793619	17.7642632	171.483565	128.623606	6.19031968	193.447490	35	19.3739612	4.94285619	154.464256
