Chamber	Time/hh:mm:ss	Logtime/min	Oxy/% air sat.	Phase/°	Amp	Temp/°C	% air-sat.	% oxygen	pO2 (hPa)	pO2 (Torr)	cO2 [mg/L]	cO2 [µmol/L]	Salinity	chlorinity	SalCorcO2 [mg/L]	SalCorcO2 [µmol/L]
2	11:34:15	0.00	95.410	27.110	14766.000	26.000	95.457158	19.9982746	195.843059	146.894780	7.72355129	241.360978	35	19.3739612	6.30171314	196.928536
2	11:34:29	0.24	94.570	27.200	14704.000	26.000	94.648035	19.8287632	194.183034	145.649656	7.65808415	239.315130	35	19.3739612	6.24829792	195.259310
2	11:34:44	0.49	94.410	27.220	14683.000	26.000	94.469383	19.7913358	193.816507	145.374737	7.64362924	238.863414	35	19.3739612	6.23650404	194.890751
2	11:34:59	0.74	95.360	27.120	14673.000	26.000	95.366834	19.9793517	195.657746	146.755784	7.71624305	241.132595	35	19.3739612	6.29575029	196.742196
2	11:35:14	0.99	94.970	27.160	14639.000	26.000	95.006593	19.9038812	194.918664	146.201425	7.68709554	240.221736	35	19.3739612	6.27196857	195.999018
2	11:35:29	1.24	96.100	27.030	14670.000	26.000	96.183579	20.1504598	197.333408	148.012637	7.78232687	243.197715	35	19.3739612	6.34966865	198.427145
2	11:35:44	1.49	94.150	27.250	14667.000	26.000	94.202187	19.7353582	193.268318	144.963561	7.62201010	238.187816	35	19.3739612	6.21886480	194.339525
2	11:35:59	1.74	94.460	27.220	14662.000	26.000	94.469383	19.7913358	193.816507	145.374737	7.64362924	238.863414	35	19.3739612	6.23650404	194.890751
2	11:36:14	1.99	94.630	27.200	14659.000	26.000	94.648035	19.8287632	194.183034	145.649656	7.65808415	239.315130	35	19.3739612	6.24829792	195.259310
2	11:36:29	2.24	95.190	27.130	14647.000	26.000	95.276615	19.9604509	195.472651	146.616951	7.70894337	240.904480	35	19.3739612	6.28979441	196.556075
2	11:36:44	2.49	94.460	27.220	14652.000	26.000	94.469383	19.7913358	193.816507	145.374737	7.64362924	238.863414	35	19.3739612	6.23650404	194.890751
2	11:36:59	2.74	95.280	27.120	14625.000	26.000	95.366834	19.9793517	195.657746	146.755784	7.71624305	241.132595	35	19.3739612	6.29575029	196.742196
2	11:37:14	2.99	94.940	27.160	14627.000	26.000	95.006593	19.9038812	194.918664	146.201425	7.68709554	240.221736	35	19.3739612	6.27196857	195.999018
2	11:37:29	3.24	94.060	27.260	14627.000	26.000	94.113330	19.7167425	193.086015	144.826822	7.61482053	237.963141	35	19.3739612	6.21299876	194.156211
2	11:37:44	3.49	94.830	27.170	14603.000	26.000	94.916796	19.8850688	194.734434	146.063241	7.67982996	239.994686	35	19.3739612	6.26604052	195.813766
2	11:37:59	3.74	94.940	27.160	14632.000	26.000	95.006593	19.9038812	194.918664	146.201425	7.68709554	240.221736	35	19.3739612	6.27196857	195.999018
2	11:38:14	3.99	94.580	27.200	14593.000	26.000	94.648035	19.8287632	194.183034	145.649656	7.65808415	239.315130	35	19.3739612	6.24829792	195.259310
2	11:38:29	4.24	94.170	27.250	14604.000	26.000	94.202187	19.7353582	193.268318	144.963561	7.62201010	238.187816	35	19.3739612	6.21886480	194.339525
2	11:38:44	4.49	95.110	27.140	14615.000	26.000	95.186503	19.9415723	195.287773	146.478280	7.70165223	240.676632	35	19.3739612	6.28384550	196.370172
2	11:38:59	4.74	93.900	27.280	14613.000	26.000	93.935925	19.6795763	192.722046	144.553822	7.60046651	237.514579	35	19.3739612	6.20128719	193.790225
2	11:39:14	4.99	94.300	27.230	14598.000	26.000	94.380214	19.7726548	193.633564	145.237518	7.63641445	238.637951	35	19.3739612	6.23061743	194.706795
2	11:39:29	5.24	94.740	27.180	14595.000	26.000	94.827104	19.8662783	194.550419	145.925218	7.67257288	239.767902	35	19.3739612	6.26011941	195.628731
2	11:39:44	5.49	94.650	27.190	14616.000	26.000	94.737517	19.8475098	194.366619	145.787356	7.66532428	239.541384	35	19.3739612	6.25420521	195.443913
2	11:39:59	5.74	94.940	27.160	14600.000	26.000	95.006593	19.9038812	194.918664	146.201425	7.68709554	240.221736	35	19.3739612	6.27196857	195.999018
2	11:40:14	5.99	95.220	27.130	14609.000	26.000	95.276615	19.9604509	195.472651	146.616951	7.70894337	240.904480	35	19.3739612	6.28979441	196.556075
2	11:40:29	6.24	93.980	27.270	14602.000	26.000	94.024575	19.6981486	192.903925	144.690242	7.60763934	237.738729	35	19.3739612	6.20713956	193.973111
2	11:40:44	6.49	94.760	27.180	14621.000	26.000	94.827104	19.8662783	194.550419	145.925218	7.67257288	239.767902	35	19.3739612	6.26011941	195.628731
2	11:40:59	6.74	94.590	27.200	14592.000	26.000	94.648035	19.8287632	194.183034	145.649656	7.65808415	239.315130	35	19.3739612	6.24829792	195.259310
2	11:41:14	6.99	94.630	27.200	14588.000	26.000	94.648035	19.8287632	194.183034	145.649656	7.65808415	239.315130	35	19.3739612	6.24829792	195.259310
2	11:41:29	7.24	94.000	27.270	14574.000	26.000	94.024575	19.6981486	192.903925	144.690242	7.60763934	237.738729	35	19.3739612	6.20713956	193.973111
2	11:41:44	7.49	95.300	27.120	14574.000	26.000	95.366834	19.9793517	195.657746	146.755784	7.71624305	241.132595	35	19.3739612	6.29575029	196.742196
2	11:41:59	7.74	94.920	27.160	14606.000	26.000	95.006593	19.9038812	194.918664	146.201425	7.68709554	240.221736	35	19.3739612	6.27196857	195.999018
2	11:42:14	7.99	94.660	27.190	14593.000	26.000	94.737517	19.8475098	194.366619	145.787356	7.66532428	239.541384	35	19.3739612	6.25420521	195.443913
2	11:42:29	8.24	95.040	27.150	14583.000	26.000	95.096495	19.9227157	195.103110	146.339772	7.69436962	240.449051	35	19.3739612	6.27790356	196.184486
2	11:42:44	8.49	94.910	27.170	14590.000	26.000	94.916796	19.8850688	194.734434	146.063241	7.67982996	239.994686	35	19.3739612	6.26604052	195.813766
2	11:42:59	8.74	95.220	27.130	14611.000	26.000	95.276615	19.9604509	195.472651	146.616951	7.70894337	240.904480	35	19.3739612	6.28979441	196.556075
2	11:43:14	8.99	94.340	27.230	14557.000	26.000	94.380214	19.7726548	193.633564	145.237518	7.63641445	238.637951	35	19.3739612	6.23061743	194.706795
2	11:43:29	9.24	94.950	27.160	14570.000	26.000	95.006593	19.9038812	194.918664	146.201425	7.68709554	240.221736	35	19.3739612	6.27196857	195.999018
2	11:43:44	9.49	95.380	27.110	14582.000	26.000	95.457158	19.9982746	195.843059	146.894780	7.72355129	241.360978	35	19.3739612	6.30171314	196.928536
2	11:43:59	9.74	94.830	27.170	14566.000	26.000	94.916796	19.8850688	194.734434	146.063241	7.67982996	239.994686	35	19.3739612	6.26604052	195.813766
2	11:44:14	9.99	95.180	27.140	14592.000	26.000	95.186503	19.9415723	195.287773	146.478280	7.70165223	240.676632	35	19.3739612	6.28384550	196.370172
2	11:44:29	10.24	94.150	27.250	14586.000	26.000	94.202187	19.7353582	193.268318	144.963561	7.62201010	238.187816	35	19.3739612	6.21886480	194.339525
2	11:44:44	10.49	94.380	27.220	14557.000	26.000	94.469383	19.7913358	193.816507	145.374737	7.64362924	238.863414	35	19.3739612	6.23650404	194.890751
2	11:44:59	10.74	94.620	27.200	14590.000	26.000	94.648035	19.8287632	194.183034	145.649656	7.65808415	239.315130	35	19.3739612	6.24829792	195.259310
2	11:45:14	10.99	94.510	27.210	14595.000	26.000	94.558657	19.8100386	193.999663	145.512116	7.65085247	239.089140	35	19.3739612	6.24239754	195.074923
2	11:45:29	11.24	94.440	27.220	14577.000	26.000	94.469383	19.7913358	193.816507	145.374737	7.64362924	238.863414	35	19.3739612	6.23650404	194.890751
2	11:45:44	11.49	94.710	27.190	14573.000	26.000	94.737517	19.8475098	194.366619	145.787356	7.66532428	239.541384	35	19.3739612	6.25420521	195.443913
2	11:45:59	11.74	94.410	27.220	14564.000	26.000	94.469383	19.7913358	193.816507	145.374737	7.64362924	238.863414	35	19.3739612	6.23650404	194.890751
2	11:46:14	11.99	94.170	27.250	14561.000	26.000	94.202187	19.7353582	193.268318	144.963561	7.62201010	238.187816	35	19.3739612	6.21886480	194.339525
2	11:46:29	12.24	95.510	27.100	14563.000	26.000	95.547588	20.0172198	196.028588	147.033939	7.73086811	241.589628	35	19.3739612	6.30768300	197.115094
2	11:46:44	12.49	95.090	27.150	14575.000	26.000	95.096495	19.9227157	195.103110	146.339772	7.69436962	240.449051	35	19.3739612	6.27790356	196.184486
2	11:46:59	12.74	94.230	27.240	14542.000	26.000	94.291148	19.7539956	193.450835	145.100459	7.62920807	238.412752	35	19.3739612	6.22473768	194.523053
2	11:47:14	12.99	94.300	27.230	14563.000	26.000	94.380214	19.7726548	193.633564	145.237518	7.63641445	238.637951	35	19.3739612	6.23061743	194.706795
2	11:47:29	13.24	93.220	27.360	14574.000	26.000	93.230426	19.5317743	191.274621	143.468161	7.54338377	235.730743	35	19.3739612	6.15471288	192.334778
2	11:47:44	13.49	94.240	27.240	14579.000	26.000	94.291148	19.7539956	193.450835	145.100459	7.62920807	238.412752	35	19.3739612	6.22473768	194.523053
2	11:47:59	13.74	94.220	27.240	14586.000	26.000	94.291148	19.7539956	193.450835	145.100459	7.62920807	238.412752	35	19.3739612	6.22473768	194.523053
2	11:48:14	13.99	93.970	27.270	14578.000	26.000	94.024575	19.6981486	192.903925	144.690242	7.60763934	237.738729	35	19.3739612	6.20713956	193.973111
2	11:48:29	14.24	94.320	27.230	14578.000	26.000	94.380214	19.7726548	193.633564	145.237518	7.63641445	238.637951	35	19.3739612	6.23061743	194.706795
2	11:48:44	14.49	94.540	27.210	14552.000	26.000	94.558657	19.8100386	193.999663	145.512116	7.65085247	239.089140	35	19.3739612	6.24239754	195.074923
2	11:48:59	14.74	94.580	27.200	14558.000	26.000	94.648035	19.8287632	194.183034	145.649656	7.65808415	239.315130	35	19.3739612	6.24829792	195.259310
2	11:49:14	14.99	94.450	27.220	14570.000	26.000	94.469383	19.7913358	193.816507	145.374737	7.64362924	238.863414	35	19.3739612	6.23650404	194.890751
2	11:49:29	15.24	93.900	27.280	14573.000	26.000	93.935925	19.6795763	192.722046	144.553822	7.60046651	237.514579	35	19.3739612	6.20128719	193.790225
2	11:49:44	15.49	94.850	27.170	14576.000	26.000	94.916796	19.8850688	194.734434	146.063241	7.67982996	239.994686	35	19.3739612	6.26604052	195.813766
2	11:49:59	15.74	94.660	27.190	14575.000	26.000	94.737517	19.8475098	194.366619	145.787356	7.66532428	239.541384	35	19.3739612	6.25420521	195.443913
2	11:50:14	15.99	93.960	27.270	14568.000	26.000	94.024575	19.6981486	192.903925	144.690242	7.60763934	237.738729	35	19.3739612	6.20713956	193.973111
2	11:50:29	16.24	95.090	27.150	14578.000	26.000	95.096495	19.9227157	195.103110	146.339772	7.69436962	240.449051	35	19.3739612	6.27790356	196.184486
2	11:50:44	16.49	94.200	27.250	14573.000	26.000	94.202187	19.7353582	193.268318	144.963561	7.62201010	238.187816	35	19.3739612	6.21886480	194.339525
2	11:50:59	16.74	94.490	27.210	14571.000	26.000	94.558657	19.8100386	193.999663	145.512116	7.65085247	239.089140	35	19.3739612	6.24239754	195.074923
2	11:51:14	16.99	94.140	27.250	14552.000	26.000	94.202187	19.7353582	193.268318	144.963561	7.62201010	238.187816	35	19.3739612	6.21886480	194.339525
2	11:51:29	17.24	94.820	27.180	14566.000	26.000	94.827104	19.8662783	194.550419	145.925218	7.67257288	239.767902	35	19.3739612	6.26011941	195.628731
2	11:51:44	17.49	94.310	27.230	14588.000	26.000	94.380214	19.7726548	193.633564	145.237518	7.63641445	238.637951	35	19.3739612	6.23061743	194.706795
2	11:51:59	17.74	94.550	27.210	14593.000	26.000	94.558657	19.8100386	193.999663	145.512116	7.65085247	239.089140	35	19.3739612	6.24239754	195.074923
2	11:52:14	17.99	94.090	27.260	14588.000	26.000	94.113330	19.7167425	193.086015	144.826822	7.61482053	237.963141	35	19.3739612	6.21299876	194.156211
2	11:52:29	18.24	94.970	27.160	14581.000	26.000	95.006593	19.9038812	194.918664	146.201425	7.68709554	240.221736	35	19.3739612	6.27196857	195.999018
2	11:52:44	18.49	94.150	27.250	14573.000	26.000	94.202187	19.7353582	193.268318	144.963561	7.62201010	238.187816	35	19.3739612	6.21886480	194.339525
2	11:52:59	18.74	94.580	27.200	14564.000	26.000	94.648035	19.8287632	194.183034	145.649656	7.65808415	239.315130	35	19.3739612	6.24829792	195.259310
2	11:53:14	18.99	94.360	27.230	14539.000	26.000	94.380214	19.7726548	193.633564	145.237518	7.63641445	238.637951	35	19.3739612	6.23061743	194.706795
2	11:53:29	19.24	94.160	27.250	14580.000	26.000	94.202187	19.7353582	193.268318	144.963561	7.62201010	238.187816	35	19.3739612	6.21886480	194.339525
2	11:53:44	19.49	94.210	27.240	14561.000	26.000	94.291148	19.7539956	193.450835	145.100459	7.62920807	238.412752	35	19.3739612	6.22473768	194.523053
2	11:53:59	19.74	94.900	27.170	14577.000	26.000	94.916796	19.8850688	194.734434	146.063241	7.67982996	239.994686	35	19.3739612	6.26604052	195.813766
2	11:54:14	19.99	94.430	27.220	14561.000	26.000	94.469383	19.7913358	193.816507	145.374737	7.64362924	238.863414	35	19.3739612	6.23650404	194.890751
2	11:54:29	20.24	94.920	27.160	14567.000	26.000	95.006593	19.9038812	194.918664	146.201425	7.68709554	240.221736	35	19.3739612	6.27196857	195.999018
2	11:54:44	20.49	95.020	27.150	14556.000	26.000	95.096495	19.9227157	195.103110	146.339772	7.69436962	240.449051	35	19.3739612	6.27790356	196.184486
2	11:54:59	20.74	94.670	27.190	14574.000	26.000	94.737517	19.8475098	194.366619	145.787356	7.66532428	239.541384	35	19.3739612	6.25420521	195.443913
2	11:55:14	20.99	94.200	27.250	14561.000	26.000	94.202187	19.7353582	193.268318	144.963561	7.62201010	238.187816	35	19.3739612	6.21886480	194.339525
