Chamber	Time/hh:mm:ss	Logtime/min	Oxy/% air sat.	Phase/°	Amp	Temp/°C	% air-sat.	% oxygen	pO2 (hPa)	pO2 (Torr)	cO2 [mg/L]	cO2 [µmol/L]	Salinity	chlorinity	SalCorcO2 [mg/L]	SalCorcO2 [µmol/L]
6	14:58:30	0.00	94.370	26.210	33490.000	32.000	94.459522	19.7892699	191.031540	143.285834	6.89597457	215.499205	35	19.3739612	5.50630862	172.072144
6	14:58:45	0.25	93.690	26.290	33590.000	32.000	93.731523	19.6367540	189.559260	142.181530	6.84282730	213.838353	35	19.3739612	5.46387150	170.745984
6	14:59:00	0.50	94.670	26.180	33585.000	32.000	94.734341	19.8468444	191.587323	143.702707	6.91603756	216.126174	35	19.3739612	5.52232855	172.572767
6	14:59:15	0.75	93.920	26.260	33627.000	32.000	94.003699	19.6937750	190.109700	142.594395	6.86269743	214.459295	35	19.3739612	5.47973743	171.241795
6	14:59:30	1.00	94.520	26.200	33625.000	32.000	94.551018	19.8084382	191.216577	143.424624	6.90265415	215.707942	35	19.3739612	5.51164214	172.238817
6	14:59:45	1.25	93.610	26.300	33643.000	32.000	93.641016	19.6177928	189.376222	142.044240	6.83621988	213.631871	35	19.3739612	5.45859560	170.581112
6	15:00:00	1.50	93.560	26.300	33616.000	32.000	93.641016	19.6177928	189.376222	142.044240	6.83621988	213.631871	35	19.3739612	5.45859560	170.581112
6	15:00:15	1.75	93.620	26.300	33718.000	32.000	93.641016	19.6177928	189.376222	142.044240	6.83621988	213.631871	35	19.3739612	5.45859560	170.581112
6	15:00:30	2.00	93.310	26.330	33715.000	32.000	93.370148	19.5610460	188.828429	141.633360	6.81644530	213.013916	35	19.3739612	5.44280596	170.087686
6	15:00:45	2.25	93.700	26.290	33730.000	32.000	93.731523	19.6367540	189.559260	142.181530	6.84282730	213.838353	35	19.3739612	5.46387150	170.745984
6	15:01:00	2.50	93.270	26.340	33707.000	32.000	93.280076	19.5421759	188.646270	141.496730	6.80986964	212.808426	35	19.3739612	5.43755542	169.923607
6	15:01:15	2.75	93.080	26.360	33798.000	32.000	93.100257	19.5045038	188.282610	141.223962	6.79674201	212.398188	35	19.3739612	5.42707325	169.596039
6	15:01:30	3.00	92.770	26.390	33772.000	32.000	92.831337	19.4481652	187.738758	140.816038	6.77710968	211.784678	35	19.3739612	5.41139720	169.106162
6	15:01:45	3.25	93.700	26.290	33793.000	32.000	93.731523	19.6367540	189.559260	142.181530	6.84282730	213.838353	35	19.3739612	5.46387150	170.745984
6	15:02:00	3.50	92.720	26.400	33849.000	32.000	92.741913	19.4294308	187.557909	140.680389	6.77058129	211.580665	35	19.3739612	5.40618439	168.943262
6	15:02:15	3.75	92.780	26.390	33844.000	32.000	92.831337	19.4481652	187.738758	140.816038	6.77710968	211.784678	35	19.3739612	5.41139720	169.106162
6	15:02:30	4.00	92.690	26.400	33880.000	32.000	92.741913	19.4294308	187.557909	140.680389	6.77058129	211.580665	35	19.3739612	5.40618439	168.943262
6	15:02:45	4.25	92.240	26.450	33900.000	32.000	92.296397	19.3360952	186.656914	140.004586	6.73805662	210.564269	35	19.3739612	5.38021404	168.131689
6	15:03:00	4.50	92.070	26.470	33956.000	32.000	92.118938	19.2989175	186.298026	139.735397	6.72510128	210.159415	35	19.3739612	5.36986944	167.808420
6	15:03:15	4.75	92.360	26.440	33975.000	32.000	92.385287	19.3547176	186.836680	140.139422	6.74454595	210.767061	35	19.3739612	5.38539566	168.293614
6	15:03:30	5.00	91.770	26.500	33993.000	32.000	91.853545	19.2433177	185.761305	139.332822	6.70572639	209.553950	35	19.3739612	5.35439895	167.324967
6	15:03:45	5.25	91.500	26.530	34057.000	32.000	91.589104	19.1879172	185.226509	138.931691	6.68642097	208.950655	35	19.3739612	5.33898393	166.843248
6	15:04:00	5.50	91.410	26.550	34029.000	32.000	91.413336	19.1510939	184.871042	138.665068	6.67358913	208.549660	35	19.3739612	5.32873795	166.523061
6	15:04:15	5.75	92.180	26.460	34049.000	32.000	92.207614	19.3174952	186.477362	139.869911	6.73157506	210.361721	35	19.3739612	5.37503864	167.969958
6	15:04:30	6.00	91.480	26.540	34100.000	32.000	91.501167	19.1694946	185.048669	138.798300	6.68000122	208.750038	35	19.3739612	5.33385788	166.683059
6	15:04:45	6.25	91.490	26.540	34128.000	32.000	91.501167	19.1694946	185.048669	138.798300	6.68000122	208.750038	35	19.3739612	5.33385788	166.683059
6	15:05:00	6.50	91.460	26.540	34130.000	32.000	91.501167	19.1694946	185.048669	138.798300	6.68000122	208.750038	35	19.3739612	5.33385788	166.683059
6	15:05:15	6.75	90.690	26.630	34163.000	32.000	90.714450	19.0046773	183.457641	137.604927	6.62256728	206.955227	35	19.3739612	5.28799793	165.249935
6	15:05:30	7.00	91.620	26.520	34196.000	32.000	91.677145	19.2063620	185.404561	139.065241	6.69284841	209.151513	35	19.3739612	5.34411613	167.003629
6	15:05:45	7.25	91.130	26.580	34272.000	32.000	91.150471	19.0960237	184.339434	138.266328	6.65439880	207.949963	35	19.3739612	5.31341482	166.044213
6	15:06:00	7.50	91.240	26.560	34301.000	32.000	91.325610	19.1327152	184.693628	138.531996	6.66718471	208.349522	35	19.3739612	5.32362413	166.363254
6	15:06:15	7.75	90.460	26.650	34283.000	32.000	90.540768	18.9682910	183.106393	137.341469	6.60988773	206.558992	35	19.3739612	5.27787355	164.933548
6	15:06:30	8.00	90.110	26.690	34309.000	32.000	90.194644	18.8957780	182.406404	136.816432	6.58461909	205.769346	35	19.3739612	5.25769700	164.303031
6	15:06:45	8.25	89.940	26.710	34302.000	32.000	90.022199	18.8596507	182.057657	136.554850	6.57202981	205.375932	35	19.3739612	5.24764470	163.988897
6	15:07:00	8.50	90.000	26.710	34369.000	32.000	90.022199	18.8596507	182.057657	136.554850	6.57202981	205.375932	35	19.3739612	5.24764470	163.988897
6	15:07:15	8.75	89.860	26.720	34405.000	32.000	89.936130	18.8416193	181.883595	136.424292	6.56574639	205.179575	35	19.3739612	5.24262751	163.832110
6	15:07:30	9.00	89.730	26.740	34436.000	32.000	89.764299	18.8056207	181.536090	136.163641	6.55320195	204.787561	35	19.3739612	5.23261100	163.519094
6	15:07:45	9.25	90.620	26.640	34464.000	32.000	90.627558	18.9864733	183.281912	137.473119	6.61622372	206.756991	35	19.3739612	5.28293272	165.091648
6	15:08:00	9.50	89.240	26.800	34486.000	32.000	89.251248	18.6981366	180.498514	135.385393	6.51574691	203.617091	35	19.3739612	5.20270384	162.584495
6	15:08:15	9.75	89.280	26.790	34544.000	32.000	89.336503	18.7159975	180.670931	135.514717	6.52197091	203.811591	35	19.3739612	5.20767359	162.739800
6	15:08:30	10.00	89.530	26.760	34557.000	32.000	89.592876	18.7697076	181.189410	135.903609	6.54068728	204.396478	35	19.3739612	5.22261827	163.206821
6	15:08:45	10.25	89.500	26.770	34599.000	32.000	89.507317	18.7517829	181.016378	135.773825	6.53444108	204.201284	35	19.3739612	5.21763079	163.050962
6	15:09:00	10.50	88.390	26.900	34587.000	32.000	88.404231	18.5206864	178.785537	134.100551	6.45391079	201.684712	35	19.3739612	5.15332884	161.041526
6	15:09:15	10.75	88.170	26.920	34648.000	32.000	88.236027	18.4854476	178.445367	133.845402	6.44163111	201.300972	35	19.3739612	5.14352374	160.735117
6	15:09:30	11.00	88.480	26.890	34735.000	32.000	88.488482	18.5383371	178.955924	134.228352	6.46006152	201.876923	35	19.3739612	5.15824008	161.195003
6	15:09:45	11.25	88.360	26.900	34734.000	32.000	88.404231	18.5206864	178.785537	134.100551	6.45391079	201.684712	35	19.3739612	5.15332884	161.041526
6	15:10:00	11.50	88.210	26.920	34782.000	32.000	88.236027	18.4854476	178.445367	133.845402	6.44163111	201.300972	35	19.3739612	5.14352374	160.735117
6	15:10:15	11.75	87.850	26.960	34793.000	32.000	87.900808	18.4152193	177.767432	133.336908	6.41715861	200.536206	35	19.3739612	5.12398290	160.124465
6	15:10:30	12.00	88.110	26.930	34797.000	32.000	88.152074	18.4678594	178.275583	133.718053	6.43550215	201.109442	35	19.3739612	5.13862987	160.582184
6	15:10:45	12.25	87.760	26.970	34842.000	32.000	87.817250	18.3977139	177.598448	133.210159	6.41105851	200.345578	35	19.3739612	5.11911208	159.972252
6	15:11:00	12.50	87.330	27.020	34904.000	32.000	87.400936	18.3104960	176.756508	132.578650	6.38066566	199.395802	35	19.3739612	5.09484395	159.213873
6	15:11:15	12.75	87.760	26.970	34892.000	32.000	87.817250	18.3977139	177.598448	133.210159	6.41105851	200.345578	35	19.3739612	5.11911208	159.972252
6	15:11:30	13.00	87.550	27.000	34917.000	32.000	87.567167	18.3453215	177.092689	132.830807	6.39280131	199.775041	35	19.3739612	5.10453405	159.516689
6	15:11:45	13.25	87.020	27.060	34988.000	32.000	87.069644	18.2410905	176.086517	132.076114	6.35647989	198.639997	35	19.3739612	5.07553206	158.610377
6	15:12:00	13.50	87.400	27.020	35004.000	32.000	87.400936	18.3104960	176.756508	132.578650	6.38066566	199.395802	35	19.3739612	5.09484395	159.213873
6	15:12:15	13.75	86.870	27.080	35045.000	32.000	86.904582	18.2065100	175.752701	131.825731	6.34442962	198.263425	35	19.3739612	5.06591014	158.309692
6	15:12:30	14.00	86.360	27.140	35055.000	32.000	86.411717	18.1032546	174.755947	131.078102	6.30844817	197.139005	35	19.3739612	5.03717962	157.411863
6	15:12:45	14.25	86.490	27.130	35093.000	32.000	86.493620	18.1204134	174.921586	131.202342	6.31442750	197.325859	35	19.3739612	5.04195400	157.561062
6	15:13:00	14.50	86.600	27.110	35079.000	32.000	86.657716	18.1547914	175.253447	131.451258	6.32640721	197.700225	35	19.3739612	5.05151958	157.859987
6	15:13:15	14.75	86.510	27.120	35131.000	32.000	86.575620	18.1375923	175.087419	131.326727	6.32041384	197.512933	35	19.3739612	5.04673398	157.710437
6	15:13:30	15.00	86.660	27.100	35173.000	32.000	86.739908	18.1720107	175.419669	131.575936	6.33240763	197.887738	35	19.3739612	5.05631080	158.009712
6	15:13:45	15.25	85.230	27.280	35201.000	32.000	85.275084	17.8651301	172.457262	129.353942	6.22546881	194.545900	35	19.3739612	4.97092213	155.341316
6	15:14:00	15.50	86.410	27.140	35288.000	32.000	86.411717	18.1032546	174.755947	131.078102	6.30844817	197.139005	35	19.3739612	5.03717962	157.411863
6	15:14:15	15.75	85.840	27.210	35273.000	32.000	85.841073	17.9837047	173.601897	130.212491	6.26678857	195.837143	35	19.3739612	5.00391519	156.372350
6	15:14:30	16.00	85.220	27.280	35289.000	32.000	85.275084	17.8651301	172.457262	129.353942	6.22546881	194.545900	35	19.3739612	4.97092213	155.341316
6	15:14:45	16.25	85.210	27.280	35372.000	32.000	85.275084	17.8651301	172.457262	129.353942	6.22546881	194.545900	35	19.3739612	4.97092213	155.341316
6	15:15:00	16.50	85.250	27.280	35401.000	32.000	85.275084	17.8651301	172.457262	129.353942	6.22546881	194.545900	35	19.3739612	4.97092213	155.341316
6	15:15:15	16.75	85.710	27.220	35418.000	32.000	85.759933	17.9667060	173.437804	130.089411	6.26086502	195.652032	35	19.3739612	4.99918535	156.224542
6	15:15:30	17.00	84.750	27.340	35462.000	32.000	84.793619	17.7642632	171.483565	128.623606	6.19031968	193.447490	35	19.3739612	4.94285619	154.464256
6	15:15:45	17.25	85.110	27.300	35496.000	32.000	85.114221	17.8314293	172.131939	129.109928	6.21372509	194.178909	35	19.3739612	4.96154498	155.048281
6	15:16:00	17.50	85.090	27.300	35477.000	32.000	85.114221	17.8314293	172.131939	129.109928	6.21372509	194.178909	35	19.3739612	4.96154498	155.048281
6	15:16:15	17.75	84.110	27.420	35591.000	32.000	84.156878	17.6308659	170.195843	127.657733	6.14383470	191.994834	35	19.3739612	4.90573880	153.304337
6	15:16:30	18.00	84.490	27.370	35634.000	32.000	84.554146	17.7140936	170.999263	128.260350	6.17283708	192.901159	35	19.3739612	4.92889666	154.028021
6	15:16:45	18.25	84.340	27.390	35591.000	32.000	84.394962	17.6807444	170.677334	128.018882	6.16121588	192.537996	35	19.3739612	4.91961735	153.738042
6	15:17:00	18.50	84.290	27.400	35690.000	32.000	84.315508	17.6640989	170.516650	127.898359	6.15541542	192.356732	35	19.3739612	4.91498578	153.593306
6	15:17:15	18.75	84.270	27.400	35693.000	32.000	84.315508	17.6640989	170.516650	127.898359	6.15541542	192.356732	35	19.3739612	4.91498578	153.593306
6	15:17:30	19.00	84.280	27.400	35715.000	32.000	84.315508	17.6640989	170.516650	127.898359	6.15541542	192.356732	35	19.3739612	4.91498578	153.593306
6	15:17:45	19.25	83.560	27.490	35771.000	32.000	83.604566	17.5151565	169.078866	126.819929	6.10351338	190.734793	35	19.3739612	4.87354297	152.298218
6	15:18:00	19.50	83.470	27.500	35815.000	32.000	83.526029	17.4987031	168.920037	126.700797	6.09777988	190.555621	35	19.3739612	4.86896487	152.155152
6	15:18:15	19.75	83.740	27.470	35803.000	32.000	83.761912	17.5481205	169.397077	127.058608	6.11500036	191.093761	35	19.3739612	4.88271510	152.584847
6	15:18:30	20.00	83.600	27.490	35825.000	32.000	83.604566	17.5151565	169.078866	126.819929	6.10351338	190.734793	35	19.3739612	4.87354297	152.298218
