Chamber	Time/hh:mm:ss	Logtime/min	Oxy/% air sat.	Phase/°	Amp	Temp/°C	% air-sat.	% oxygen	pO2 (hPa)	pO2 (Torr)	cO2 [mg/L]	cO2 [µmol/L]	Salinity	chlorinity	SalCorcO2 [mg/L]	SalCorcO2 [µmol/L]
6	9:53:10	0.00	95.910	27.760	37182.000	22.000	95.960525	20.1037300	198.321944	148.754102	8.35944874	261.232773	35	19.3739612	6.82733645	213.354264
6	9:53:11	0.02	95.880	27.760	37193.000	22.000	95.960525	20.1037300	198.321944	148.754102	8.35944874	261.232773	35	19.3739612	6.82733645	213.354264
6	9:53:24	0.25	96.590	27.680	37149.000	22.000	96.679760	20.2544097	199.808389	149.869030	8.42210373	263.190742	35	19.3739612	6.87850809	214.953378
6	9:53:39	0.50	95.910	27.760	37178.000	22.000	95.960525	20.1037300	198.321944	148.754102	8.35944874	261.232773	35	19.3739612	6.82733645	213.354264
6	9:53:54	0.75	96.430	27.700	37208.000	22.000	96.499331	20.2166099	199.435496	149.589337	8.40638596	262.699561	35	19.3739612	6.86567106	214.552221
6	9:54:09	1.00	96.330	27.710	37175.000	22.000	96.409272	20.1977425	199.249370	149.449731	8.39854061	262.454394	35	19.3739612	6.85926360	214.351987
6	9:54:24	1.25	95.860	27.770	37263.000	22.000	95.871084	20.0849922	198.137096	148.615454	8.35165724	260.989289	35	19.3739612	6.82097297	213.155405
6	9:54:39	1.50	95.610	27.790	37229.000	22.000	95.692510	20.0475809	197.768036	148.338636	8.33610103	260.503157	35	19.3739612	6.80826789	212.758372
6	9:54:54	1.75	96.140	27.730	37234.000	22.000	96.229464	20.1600728	198.877761	149.171000	8.38287693	261.964904	35	19.3739612	6.84647074	213.952211
6	9:55:09	2.00	95.550	27.800	37277.000	22.000	95.603376	20.0289074	197.583823	148.200464	8.32833629	260.260509	35	19.3739612	6.80192626	212.560196
6	9:55:24	2.25	95.980	27.750	37229.000	22.000	96.050069	20.1224894	198.507003	148.892908	8.36724917	261.476537	35	19.3739612	6.83370723	213.553351
6	9:55:39	2.50	96.020	27.750	37293.000	22.000	96.050069	20.1224894	198.507003	148.892908	8.36724917	261.476537	35	19.3739612	6.83370723	213.553351
6	9:55:54	2.75	95.340	27.820	37332.000	22.000	95.425415	19.9916244	197.216030	147.924596	8.31283346	259.776046	35	19.3739612	6.78926478	212.164524
6	9:56:09	3.00	94.770	27.890	37286.000	22.000	94.805748	19.8618041	195.935361	146.964013	8.25885212	258.089129	35	19.3739612	6.74517709	210.786784
6	9:56:24	3.25	95.250	27.830	37315.000	22.000	95.336587	19.9730150	197.032448	147.786898	8.30509535	259.534230	35	19.3739612	6.78294490	211.967028
6	9:56:39	3.50	95.380	27.820	37362.000	22.000	95.425415	19.9916244	197.216030	147.924596	8.31283346	259.776046	35	19.3739612	6.78926478	212.164524
6	9:56:54	3.75	95.620	27.790	37347.000	22.000	95.692510	20.0475809	197.768036	148.338636	8.33610103	260.503157	35	19.3739612	6.80826789	212.758372
6	9:57:09	4.00	94.450	27.930	37371.000	22.000	94.453871	19.7880860	195.208137	146.418548	8.22819897	257.131218	35	19.3739612	6.72014202	210.004438
6	9:57:24	4.25	95.240	27.840	37351.000	22.000	95.247861	19.9544268	196.849077	147.649358	8.29736609	259.292690	35	19.3739612	6.77663225	211.769758
6	9:57:39	4.50	95.040	27.860	37384.000	22.000	95.070712	19.9173142	196.482964	147.374750	8.28193407	258.810440	35	19.3739612	6.76402860	211.375894
6	9:57:54	4.75	95.050	27.860	37449.000	22.000	95.070712	19.9173142	196.482964	147.374750	8.28193407	258.810440	35	19.3739612	6.76402860	211.375894
6	9:58:09	5.00	94.890	27.880	37463.000	22.000	94.893968	19.8802863	196.117687	147.100769	8.26653731	258.329291	35	19.3739612	6.75145375	210.982930
6	9:58:24	5.25	95.080	27.850	37446.000	22.000	95.159236	19.9358599	196.665916	147.511975	8.28964567	259.051427	35	19.3739612	6.77032682	211.572713
6	9:58:39	5.50	94.910	27.870	37419.000	22.000	94.982290	19.8987897	196.300221	147.237681	8.27423129	258.569728	35	19.3739612	6.75773758	211.179299
6	9:58:54	5.75	94.770	27.890	37432.000	22.000	94.805748	19.8618041	195.935361	146.964013	8.25885212	258.089129	35	19.3739612	6.74517709	210.786784
6	9:59:09	6.00	94.160	27.960	37484.000	22.000	94.191016	19.7330179	194.664893	146.011081	8.20530075	256.415648	35	19.3739612	6.70144056	209.420018
6	9:59:24	6.25	94.720	27.890	37574.000	22.000	94.805748	19.8618041	195.935361	146.964013	8.25885212	258.089129	35	19.3739612	6.74517709	210.786784
6	9:59:39	6.50	93.910	27.990	37497.000	22.000	93.929058	19.6781377	194.123503	145.605004	8.18248070	255.702522	35	19.3739612	6.68280295	208.837592
6	9:59:54	6.75	94.660	27.900	37583.000	22.000	94.717628	19.8433430	195.753243	146.827413	8.25117570	257.849241	35	19.3739612	6.73890760	210.590862
6	10:00:09	7.00	95.010	27.860	37591.000	22.000	95.070712	19.9173142	196.482964	147.374750	8.28193407	258.810440	35	19.3739612	6.76402860	211.375894
6	10:00:24	7.25	94.170	27.960	37629.000	22.000	94.191016	19.7330179	194.664893	146.011081	8.20530075	256.415648	35	19.3739612	6.70144056	209.420018
6	10:00:39	7.50	94.310	27.940	37628.000	22.000	94.366153	19.7697090	195.026849	146.282571	8.22055752	256.892423	35	19.3739612	6.71390109	209.809409
6	10:00:54	7.75	93.740	28.010	37617.000	22.000	93.754916	19.6416549	193.763604	145.335056	8.16731059	255.228456	35	19.3739612	6.67041321	208.450413
6	10:01:09	8.00	94.080	27.970	37719.000	22.000	94.103597	19.7147036	194.484224	145.875567	8.19768539	256.177669	35	19.3739612	6.69522095	209.225655
6	10:01:24	8.25	94.260	27.950	37679.000	22.000	94.278535	19.7513530	194.845768	146.146748	8.21292478	256.653900	35	19.3739612	6.70766728	209.614602
6	10:01:39	8.50	94.050	27.970	37709.000	22.000	94.103597	19.7147036	194.484224	145.875567	8.19768539	256.177669	35	19.3739612	6.69522095	209.225655
6	10:01:54	8.75	92.880	28.110	37682.000	22.000	92.890122	19.4604805	191.976330	143.994487	8.09197541	252.874232	35	19.3739612	6.60888539	206.527669
6	10:02:09	9.00	92.950	28.100	37797.000	22.000	92.976160	19.4785055	192.154145	144.127860	8.09947048	253.108453	35	19.3739612	6.61500678	206.718962
6	10:02:24	9.25	93.070	28.080	37831.000	22.000	93.148529	19.5146169	192.510382	144.395060	8.11448617	253.577693	35	19.3739612	6.62727040	207.102200
6	10:02:39	9.50	92.960	28.100	37848.000	22.000	92.976160	19.4785055	192.154145	144.127860	8.09947048	253.108453	35	19.3739612	6.61500678	206.718962
6	10:02:54	9.75	93.270	28.060	37852.000	22.000	93.321291	19.5508104	192.867428	144.662868	8.12953600	254.048000	35	19.3739612	6.63956191	207.486310
6	10:03:09	10.00	92.740	28.120	37956.000	22.000	92.804181	19.4424760	191.798717	143.861266	8.08448884	252.640276	35	19.3739612	6.60277095	206.336592
6	10:03:24	10.25	91.950	28.220	37975.000	22.000	91.950110	19.2635481	190.033605	142.537319	8.01008778	250.315243	35	19.3739612	6.54200606	204.437689
6	10:03:39	10.50	91.930	28.220	38016.000	22.000	91.950110	19.2635481	190.033605	142.537319	8.01008778	250.315243	35	19.3739612	6.54200606	204.437689
6	10:03:54	10.75	92.110	28.200	38082.000	22.000	92.120152	19.2991718	190.385031	142.800911	8.02490070	250.778147	35	19.3739612	6.55410407	204.815752
6	10:04:09	11.00	91.810	28.230	38067.000	22.000	91.865233	19.2457664	189.858190	142.405747	8.00269388	250.084184	35	19.3739612	6.53596730	204.248978
6	10:04:24	11.25	91.450	28.270	38161.000	22.000	91.526683	19.1748402	189.158508	141.880941	7.97320165	249.162551	35	19.3739612	6.51188038	203.496262
6	10:04:39	11.50	92.000	28.210	38155.000	22.000	92.035083	19.2813498	190.209218	142.669041	8.01749005	250.546564	35	19.3739612	6.54805165	204.626614
6	10:04:54	11.75	91.270	28.300	38217.000	22.000	91.273772	19.1218553	188.635815	141.488888	7.95116970	248.474053	35	19.3739612	6.49388643	202.933951
6	10:05:09	12.00	91.190	28.300	38246.000	22.000	91.273772	19.1218553	188.635815	141.488888	7.95116970	248.474053	35	19.3739612	6.49388643	202.933951
6	10:05:24	12.25	91.260	28.300	38203.000	22.000	91.273772	19.1218553	188.635815	141.488888	7.95116970	248.474053	35	19.3739612	6.49388643	202.933951
6	10:05:39	12.50	91.400	28.280	38247.000	22.000	91.442285	19.1571586	188.984080	141.750109	7.96584938	248.932793	35	19.3739612	6.50587563	203.308613
6	10:05:54	12.75	91.500	28.270	38243.000	22.000	91.526683	19.1748402	189.158508	141.880941	7.97320165	249.162551	35	19.3739612	6.51188038	203.496262
6	10:06:09	13.00	91.230	28.300	38228.000	22.000	91.273772	19.1218553	188.635815	141.488888	7.95116970	248.474053	35	19.3739612	6.49388643	202.933951
6	10:06:24	13.25	91.490	28.270	38231.000	22.000	91.526683	19.1748402	189.158508	141.880941	7.97320165	249.162551	35	19.3739612	6.51188038	203.496262
6	10:06:39	13.50	91.080	28.320	38271.000	22.000	91.105640	19.0866315	188.288335	141.228256	7.93652308	248.016346	35	19.3739612	6.48192423	202.560132
6	10:06:54	13.75	91.530	28.260	38301.000	22.000	91.611178	19.1925417	189.333132	142.011920	7.98056222	249.392569	35	19.3739612	6.51789191	203.684122
6	10:07:09	14.00	90.770	28.350	38300.000	22.000	90.854150	19.0339444	187.768580	140.838407	7.91461496	247.331717	35	19.3739612	6.46403141	202.000981
6	10:07:24	14.25	91.220	28.300	38306.000	22.000	91.273772	19.1218553	188.635815	141.488888	7.95116970	248.474053	35	19.3739612	6.49388643	202.933951
6	10:07:39	14.50	90.620	28.370	38351.000	22.000	90.686961	18.9989184	187.423051	140.579238	7.90005060	246.876581	35	19.3739612	6.45213639	201.629262
6	10:07:54	14.75	90.590	28.380	38371.000	22.000	90.603508	18.9814350	187.250578	140.449872	7.89278070	246.649397	35	19.3739612	6.44619891	201.443716
6	10:08:09	15.00	89.820	28.470	38454.000	22.000	89.856634	18.8249648	185.707010	139.292097	7.82771791	244.616185	35	19.3739612	6.39306078	199.783149
6	10:08:24	15.25	90.690	28.360	38448.000	22.000	90.770509	19.0164216	187.595719	140.708749	7.90732868	247.104021	35	19.3739612	6.45808055	201.815017
6	10:08:39	15.50	90.140	28.430	38428.000	22.000	90.187646	18.8943119	186.391115	139.805220	7.85655354	245.517298	35	19.3739612	6.41661143	200.519107
6	10:08:54	15.75	90.500	28.390	38465.000	22.000	90.520149	18.9639711	187.078299	140.320651	7.88551897	246.422468	35	19.3739612	6.44026811	201.258378
6	10:09:09	16.00	89.830	28.470	38503.000	22.000	89.856634	18.8249648	185.707010	139.292097	7.82771791	244.616185	35	19.3739612	6.39306078	199.783149
6	10:09:24	16.25	89.880	28.460	38524.000	22.000	89.939248	18.8422724	185.877749	139.420162	7.83491469	244.841084	35	19.3739612	6.39893853	199.966829
6	10:09:39	16.50	90.320	28.410	38548.000	22.000	90.353711	18.9291024	186.734321	140.062646	7.87101998	245.969374	35	19.3739612	6.42842648	200.888327
6	10:09:54	16.75	89.600	28.500	38631.000	22.000	89.609347	18.7731582	185.195942	138.908764	7.80617593	243.942998	35	19.3739612	6.37546699	199.233343
6	10:10:09	17.00	88.900	28.580	38621.000	22.000	88.953963	18.6358552	183.841457	137.892813	7.74908315	242.158849	35	19.3739612	6.32883812	197.776191
6	10:10:24	17.25	89.300	28.530	38662.000	22.000	89.362890	18.7215255	184.686589	138.526716	7.78470622	243.272069	35	19.3739612	6.35793223	198.685382
6	10:10:39	17.50	89.290	28.530	38628.000	22.000	89.362890	18.7215255	184.686589	138.526716	7.78470622	243.272069	35	19.3739612	6.35793223	198.685382
6	10:10:54	17.75	89.130	28.550	38722.000	22.000	89.199045	18.6871998	184.347969	138.272730	7.77043309	242.826034	35	19.3739612	6.34627506	198.321096
6	10:11:09	18.00	88.890	28.580	38739.000	22.000	88.953963	18.6358552	183.841457	137.892813	7.74908315	242.158849	35	19.3739612	6.32883812	197.776191
6	10:11:24	18.25	88.720	28.600	38869.000	22.000	88.791030	18.6017209	183.504724	137.640243	7.73488958	241.715299	35	19.3739612	6.31724593	197.413935
6	10:11:39	18.50	88.570	28.620	38866.000	22.000	88.628462	18.5676627	183.168743	137.388235	7.72072767	241.272740	35	19.3739612	6.30567960	197.052488
6	10:11:54	18.75	88.070	28.680	38889.000	22.000	88.142926	18.4659430	182.165285	136.635578	7.67843101	239.950969	35	19.3739612	6.27113504	195.972970
6	10:12:09	19.00	88.150	28.670	38912.000	22.000	88.223623	18.4828491	182.332062	136.760671	7.68546082	240.170651	35	19.3739612	6.27687643	196.152389
6	10:12:24	19.25	88.350	28.650	38927.000	22.000	88.385288	18.5167178	182.666175	137.011277	7.69954397	240.610749	35	19.3739612	6.28837844	196.511826
6	10:12:39	19.50	88.450	28.640	38954.000	22.000	88.466255	18.5336805	182.833511	137.136790	7.70659733	240.831167	35	19.3739612	6.29413906	196.691846
6	10:12:54	19.75	87.700	28.730	38968.000	22.000	87.740785	18.3816944	181.334178	136.012194	7.64339909	238.856221	35	19.3739612	6.24252374	195.078867
6	10:13:09	20.00	87.840	28.710	39017.000	22.000	87.901373	18.4153376	181.666066	136.261132	7.65738847	239.293390	35	19.3739612	6.25394916	195.435911
6	10:13:24	20.25	87.680	28.730	39067.000	22.000	87.740785	18.3816944	181.334178	136.012194	7.64339909	238.856221	35	19.3739612	6.24252374	195.078867
6	10:13:39	20.50	87.660	28.730	39101.000	22.000	87.740785	18.3816944	181.334178	136.012194	7.64339909	238.856221	35	19.3739612	6.24252374	195.078867
6	10:13:54	20.75	87.340	28.770	39154.000	22.000	87.420678	18.3146319	180.672611	135.515977	7.61551346	237.984796	35	19.3739612	6.21974897	194.367155
6	10:14:09	21.00	87.150	28.800	39118.000	22.000	87.181529	18.2645303	180.178362	135.145259	7.59468039	237.333762	35	19.3739612	6.20273416	193.835443
