Chamber	Time/hh:mm:ss	Logtime/min	Oxy/% air sat.	Phase/°	Amp	Temp/°C	% air-sat.	% oxygen	pO2 (hPa)	pO2 (Torr)	cO2 [mg/L]	cO2 [µmol/L]	Salinity	chlorinity	SalCorcO2 [mg/L]	SalCorcO2 [µmol/L]
10	8:17:43	0.00	94.850	28.620	37618.000	18.000	94.866109	19.8744499	197.215441	147.924154	8.94546135	279.545667	35	19.3739612	7.26723586	227.101121
10	8:17:44	0.02	94.560	28.650	37642.000	18.000	94.606029	19.8199631	196.674764	147.518612	8.92093688	278.779278	35	19.3739612	7.24731234	226.478511
10	8:17:45	0.03	94.710	28.630	37610.000	18.000	94.779319	19.8562674	197.035015	147.788823	8.93727741	279.289919	35	19.3739612	7.26058728	226.893352
10	8:17:52	0.14	94.750	28.630	37638.000	18.000	94.779319	19.8562674	197.035015	147.788823	8.93727741	279.289919	35	19.3739612	7.26058728	226.893352
10	8:18:07	0.39	94.700	28.630	37622.000	18.000	94.779319	19.8562674	197.035015	147.788823	8.93727741	279.289919	35	19.3739612	7.26058728	226.893352
10	8:18:22	0.65	94.510	28.660	37628.000	18.000	94.519529	19.8018412	196.494940	147.383733	8.91278027	278.524383	35	19.3739612	7.24068596	226.271436
10	8:18:37	0.89	94.150	28.700	37646.000	18.000	94.174489	19.7295554	195.777643	146.845714	8.88024450	277.507641	35	19.3739612	7.21425411	225.445441
10	8:18:52	1.15	94.640	28.640	37676.000	18.000	94.692626	19.8381051	196.854789	147.653642	8.92910259	279.034456	35	19.3739612	7.25394611	226.685816
10	8:19:07	1.40	94.450	28.660	37673.000	18.000	94.519529	19.8018412	196.494940	147.383733	8.91278027	278.524383	35	19.3739612	7.24068596	226.271436
10	8:19:22	1.64	94.430	28.670	37693.000	18.000	94.433124	19.7837396	196.315316	147.249003	8.90463274	278.269773	35	19.3739612	7.23406696	226.064592
10	8:19:37	1.89	94.090	28.700	37696.000	18.000	94.174489	19.7295554	195.777643	146.845714	8.88024450	277.507641	35	19.3739612	7.21425411	225.445441
10	8:19:52	2.14	94.140	28.700	37727.000	18.000	94.174489	19.7295554	195.777643	146.845714	8.88024450	277.507641	35	19.3739612	7.21425411	225.445441
10	8:20:07	2.39	94.280	28.680	37731.000	18.000	94.346816	19.7656580	196.135892	147.114424	8.89649427	278.015446	35	19.3739612	7.22745532	225.857979
10	8:20:22	2.64	93.950	28.720	37742.000	18.000	94.002544	19.6935329	195.420190	146.577602	8.86403086	277.000964	35	19.3739612	7.20108225	225.033820
10	8:20:37	2.90	94.250	28.690	37734.000	18.000	94.260605	19.7475967	195.956668	146.979994	8.88836487	277.761402	35	19.3739612	7.22085104	225.651595
10	8:20:52	3.14	94.530	28.650	37774.000	18.000	94.606029	19.8199631	196.674764	147.518612	8.92093688	278.779278	35	19.3739612	7.24731234	226.478511
10	8:21:07	3.39	93.930	28.720	37787.000	18.000	94.002544	19.6935329	195.420190	146.577602	8.86403086	277.000964	35	19.3739612	7.20108225	225.033820
10	8:21:22	3.65	94.230	28.690	37762.000	18.000	94.260605	19.7475967	195.956668	146.979994	8.88836487	277.761402	35	19.3739612	7.22085104	225.651595
10	8:21:37	3.89	93.980	28.720	37772.000	18.000	94.002544	19.6935329	195.420190	146.577602	8.86403086	277.000964	35	19.3739612	7.20108225	225.033820
10	8:21:52	4.14	94.170	28.700	37771.000	18.000	94.174489	19.7295554	195.777643	146.845714	8.88024450	277.507641	35	19.3739612	7.21425411	225.445441
10	8:22:07	4.40	93.900	28.730	37840.000	18.000	93.916715	19.6755517	195.241761	146.443769	8.85593755	276.748048	35	19.3739612	7.19450729	224.828353
10	8:22:22	4.65	93.830	28.740	37829.000	18.000	93.830981	19.6575905	195.063531	146.310085	8.84785323	276.495413	35	19.3739612	7.18793964	224.623114
10	8:22:37	4.89	93.500	28.770	37863.000	18.000	93.574350	19.6038264	194.530027	145.909922	8.82365409	275.739190	35	19.3739612	7.16828042	224.008763
10	8:22:52	5.14	93.650	28.760	37854.000	18.000	93.659799	19.6217279	194.707664	146.043162	8.83171151	275.990985	35	19.3739612	7.17482622	224.213319
10	8:23:07	5.39	93.510	28.770	37843.000	18.000	93.574350	19.6038264	194.530027	145.909922	8.82365409	275.739190	35	19.3739612	7.16828042	224.008763
10	8:23:22	5.64	93.320	28.790	37906.000	18.000	93.403738	19.5680831	194.175343	145.643887	8.80756606	275.236439	35	19.3739612	7.15521060	223.600331
10	8:23:37	5.89	93.530	28.770	37883.000	18.000	93.574350	19.6038264	194.530027	145.909922	8.82365409	275.739190	35	19.3739612	7.16828042	224.008763
10	8:23:52	6.14	92.920	28.840	37901.000	18.000	92.978858	19.4790708	193.292069	144.981375	8.76750176	273.984430	35	19.3739612	7.12266262	222.583207
10	8:24:07	6.39	92.870	28.850	37931.000	18.000	92.894164	19.4613274	193.116000	144.849312	8.75951550	273.734860	35	19.3739612	7.11617464	222.380458
10	8:24:22	6.64	92.970	28.840	37935.000	18.000	92.978858	19.4790708	193.292069	144.981375	8.76750176	273.984430	35	19.3739612	7.12266262	222.583207
10	8:24:37	6.89	93.130	28.820	37963.000	18.000	93.148527	19.5146165	193.644791	145.245939	8.78350084	274.484401	35	19.3739612	7.13566017	222.989380
10	8:24:52	7.14	93.090	28.820	37943.000	18.000	93.148527	19.5146165	193.644791	145.245939	8.78350084	274.484401	35	19.3739612	7.13566017	222.989380
10	8:25:07	7.40	92.660	28.870	37978.000	18.000	92.725058	19.4258996	192.764448	144.585626	8.74356950	273.236547	35	19.3739612	7.10322021	221.975631
10	8:25:22	7.64	92.840	28.850	37999.000	18.000	92.894164	19.4613274	193.116000	144.849312	8.75951550	273.734860	35	19.3739612	7.11617464	222.380458
10	8:25:37	7.89	92.690	28.870	38033.000	18.000	92.725058	19.4258996	192.764448	144.585626	8.74356950	273.236547	35	19.3739612	7.10322021	221.975631
10	8:25:52	8.14	92.700	28.870	38031.000	18.000	92.725058	19.4258996	192.764448	144.585626	8.74356950	273.236547	35	19.3739612	7.10322021	221.975631
10	8:26:07	8.39	92.460	28.900	38043.000	18.000	92.472099	19.3729047	192.238576	144.191188	8.71971656	272.491143	35	19.3739612	7.08384223	221.370070
10	8:26:22	8.64	92.200	28.930	38065.000	18.000	92.219977	19.3200853	191.714445	143.798057	8.69594261	271.748206	35	19.3739612	7.06452842	220.766513
10	8:26:37	8.89	92.340	28.910	38081.000	18.000	92.387965	19.3552788	192.063672	144.059999	8.71178315	272.243223	35	19.3739612	7.07739718	221.168662
10	8:26:52	9.14	92.320	28.910	38042.000	18.000	92.387965	19.3552788	192.063672	144.059999	8.71178315	272.243223	35	19.3739612	7.07739718	221.168662
10	8:27:07	9.40	92.400	28.900	38085.000	18.000	92.472099	19.3729047	192.238576	144.191188	8.71971656	272.491143	35	19.3739612	7.08384223	221.370070
10	8:27:22	9.64	91.950	28.960	38119.000	18.000	91.968690	19.2674406	191.192048	143.406226	8.67224730	271.007728	35	19.3739612	7.04527850	220.164953
10	8:27:37	9.89	91.890	28.960	38133.000	18.000	91.968690	19.2674406	191.192048	143.406226	8.67224730	271.007728	35	19.3739612	7.04527850	220.164953
10	8:27:52	10.14	92.020	28.950	38145.000	18.000	92.052360	19.2849694	191.365988	143.536692	8.68013702	271.254282	35	19.3739612	7.05168806	220.365252
10	8:28:07	10.40	92.150	28.930	38159.000	18.000	92.219977	19.3200853	191.714445	143.798057	8.69594261	271.748206	35	19.3739612	7.06452842	220.766513
10	8:28:22	10.64	91.310	29.030	38162.000	18.000	91.385576	19.1452782	189.979824	142.496980	8.61726221	269.289444	35	19.3739612	7.00060897	218.769030
10	8:28:37	10.89	91.480	29.010	38207.000	18.000	91.551721	19.1800856	190.325220	142.756049	8.63292897	269.779030	35	19.3739612	7.01333655	219.166767
10	8:28:52	11.14	91.770	28.980	38190.000	18.000	91.801627	19.2324408	190.844743	143.145725	8.65649395	270.515436	35	19.3739612	7.03248059	219.765018
10	8:29:07	11.40	91.720	28.980	38208.000	18.000	91.801627	19.2324408	190.844743	143.145725	8.65649395	270.515436	35	19.3739612	7.03248059	219.765018
10	8:29:22	11.64	91.410	29.020	38205.000	18.000	91.468603	19.1626723	190.152427	142.626443	8.62509128	269.534102	35	19.3739612	7.00696925	218.967789
10	8:29:37	11.89	91.210	29.050	38247.000	18.000	91.219797	19.1105474	189.635187	142.238481	8.60162990	268.800934	35	19.3739612	6.98790938	218.372168
10	8:29:52	12.14	91.270	29.040	38254.000	18.000	91.302641	19.1279032	189.807410	142.367659	8.60944175	269.045055	35	19.3739612	6.99425568	218.570490
10	8:30:07	12.40	91.020	29.070	38236.000	18.000	91.054381	19.0758929	189.291308	141.980549	8.58603195	268.313499	35	19.3739612	6.97523771	217.976178
10	8:30:22	12.64	90.930	29.080	38266.000	18.000	90.971810	19.0585942	189.119652	141.851796	8.57824583	268.070182	35	19.3739612	6.96891231	217.778510
10	8:30:37	12.89	90.830	29.090	38298.000	18.000	90.889329	19.0413145	188.948185	141.723185	8.57046827	267.827133	35	19.3739612	6.96259387	217.581058
10	8:30:52	13.14	90.760	29.100	38313.000	18.000	90.806939	19.0240538	188.776905	141.594715	8.56269925	267.584351	35	19.3739612	6.95628237	217.383824
10	8:31:07	13.39	90.770	29.100	38297.000	18.000	90.806939	19.0240538	188.776905	141.594715	8.56269925	267.584351	35	19.3739612	6.95628237	217.383824
10	8:31:22	13.65	90.830	29.090	38302.000	18.000	90.889329	19.0413145	188.948185	141.723185	8.57046827	267.827133	35	19.3739612	6.96259387	217.581058
10	8:31:37	13.89	90.710	29.110	38350.000	18.000	90.724640	19.0068120	188.605814	141.466385	8.55493875	267.341836	35	19.3739612	6.94997779	217.186806
10	8:31:52	14.14	90.660	29.110	38391.000	18.000	90.724640	19.0068120	188.605814	141.466385	8.55493875	267.341836	35	19.3739612	6.94997779	217.186806
10	8:32:07	14.39	90.310	29.160	38378.000	18.000	90.314494	18.9208865	187.753170	140.826848	8.51626381	266.133244	35	19.3739612	6.91855851	216.204953
10	8:32:22	14.65	90.400	29.140	38402.000	18.000	90.478282	18.9552001	188.093666	141.082242	8.53170833	266.615885	35	19.3739612	6.93110554	216.597048
10	8:32:37	14.89	90.200	29.170	38420.000	18.000	90.232734	18.9037579	187.583201	140.699361	8.50855424	265.892320	35	19.3739612	6.91229530	216.009228
10	8:32:52	15.14	90.240	29.160	38426.000	18.000	90.314494	18.9208865	187.753170	140.826848	8.51626381	266.133244	35	19.3739612	6.91855851	216.204953
10	8:33:07	15.39	90.070	29.180	38456.000	18.000	90.151064	18.8866480	187.413419	140.572013	8.50085311	265.651660	35	19.3739612	6.90603896	215.813717
10	8:33:22	15.64	89.690	29.230	38431.000	18.000	89.744053	18.8013792	186.567291	139.937363	8.46247374	264.452304	35	19.3739612	6.87485980	214.839369
10	8:33:37	15.89	89.760	29.220	38481.000	18.000	89.825277	18.8183956	186.736147	140.064015	8.47013282	264.691651	35	19.3739612	6.88108199	215.033812
10	8:33:52	16.14	89.630	29.240	38480.000	18.000	89.662918	18.7843813	186.398621	139.810849	8.45482303	264.213220	35	19.3739612	6.86864442	214.645138
10	8:34:07	16.39	89.800	29.220	38516.000	18.000	89.825277	18.8183956	186.736147	140.064015	8.47013282	264.691651	35	19.3739612	6.88108199	215.033812
10	8:34:22	16.64	89.690	29.230	38532.000	18.000	89.744053	18.8013792	186.567291	139.937363	8.46247374	264.452304	35	19.3739612	6.87485980	214.839369
10	8:34:37	16.89	89.600	29.240	38567.000	18.000	89.662918	18.7843813	186.398621	139.810849	8.45482303	264.213220	35	19.3739612	6.86864442	214.645138
10	8:34:52	17.15	89.540	29.250	38565.000	18.000	89.581871	18.7674021	186.230134	139.684474	8.44718069	263.974397	35	19.3739612	6.86243582	214.451120
10	8:35:07	17.39	89.440	29.260	38560.000	18.000	89.500913	18.7504413	186.061832	139.558236	8.43954669	263.735834	35	19.3739612	6.85623402	214.257313
10	8:35:22	17.64	89.140	29.300	38569.000	18.000	89.177964	18.6827835	185.390458	139.054663	8.40909397	262.784187	35	19.3739612	6.83149442	213.484201
10	8:35:37	17.90	89.100	29.300	38618.000	18.000	89.177964	18.6827835	185.390458	139.054663	8.40909397	262.784187	35	19.3739612	6.83149442	213.484201
10	8:35:52	18.14	88.990	29.320	38621.000	18.000	89.017017	18.6490651	185.055869	138.803700	8.39391741	262.309919	35	19.3739612	6.81916507	213.098909
10	8:36:07	18.39	88.960	29.320	38636.000	18.000	89.017017	18.6490651	185.055869	138.803700	8.39391741	262.309919	35	19.3739612	6.81916507	213.098909
10	8:36:22	18.64	88.950	29.320	38650.000	18.000	89.017017	18.6490651	185.055869	138.803700	8.39391741	262.309919	35	19.3739612	6.81916507	213.098909
10	8:36:37	18.89	88.400	29.390	38645.000	18.000	88.456459	18.5316282	183.890535	137.929625	8.34105922	260.658101	35	19.3739612	6.77622342	211.756982
10	8:36:52	19.14	88.820	29.340	38700.000	18.000	88.856421	18.6154203	184.722009	138.553284	8.37877391	261.836685	35	19.3739612	6.80686259	212.714456
10	8:37:07	19.39	88.530	29.380	38713.000	18.000	88.536278	18.5483502	184.056468	138.054086	8.34858574	260.893304	35	19.3739612	6.78233792	211.948060
10	8:37:22	19.64	88.650	29.360	38696.000	18.000	88.696175	18.5818487	184.388876	138.303413	8.36366338	261.364481	35	19.3739612	6.79458690	212.330841
10	8:37:37	19.89	88.400	29.390	38752.000	18.000	88.456459	18.5316282	183.890535	137.929625	8.34105922	260.658101	35	19.3739612	6.77622342	211.756982
10	8:37:52	20.15	88.270	29.410	38758.000	18.000	88.297083	18.4982389	183.559211	137.681111	8.32603073	260.188460	35	19.3739612	6.76401437	211.375449
10	8:38:07	20.40	88.280	29.410	38781.000	18.000	88.297083	18.4982389	183.559211	137.681111	8.32603073	260.188460	35	19.3739612	6.76401437	211.375449
10	8:38:22	20.65	88.190	29.420	38789.000	18.000	88.217525	18.4815714	183.393818	137.557056	8.31852873	259.954023	35	19.3739612	6.75791979	211.184994
