Chamber	Time/hh:mm:ss	Logtime/min	Oxy/% air sat.	Phase/°	Amp	Temp/°C	% air-sat.	% oxygen	pO2 (hPa)	pO2 (Torr)	cO2 [mg/L]	cO2 [µmol/L]	Salinity	chlorinity	SalCorcO2 [mg/L]	SalCorcO2 [µmol/L]
2	15:30:52	0.00	95.890	26.050	10809.000	32.000	95.936822	20.0987643	194.019178	145.526754	7.00382420	218.869506	35	19.3739612	5.59242456	174.763267
2	15:31:07	0.24	94.840	26.160	10812.000	32.000	94.918107	19.8853435	191.958966	143.981463	6.92945338	216.545418	35	19.3739612	5.53304083	172.907526
2	15:31:22	0.49	94.630	26.190	10817.000	32.000	94.642624	19.8276297	191.401838	143.563581	6.90934181	215.916932	35	19.3739612	5.51698212	172.405691
2	15:31:37	0.74	94.950	26.150	10801.000	32.000	95.010158	19.9046281	192.145125	144.121094	6.93617347	216.755421	35	19.3739612	5.53840670	173.075209
2	15:31:52	0.99	95.110	26.130	10835.000	32.000	95.194593	19.9432673	192.518121	144.400865	6.94963810	217.176191	35	19.3739612	5.54915796	173.411186
2	15:32:07	1.24	94.880	26.160	10765.000	32.000	94.918107	19.8853435	191.958966	143.981463	6.92945338	216.545418	35	19.3739612	5.53304083	172.907526
2	15:32:22	1.49	95.410	26.100	10760.000	32.000	95.472086	20.0014019	193.079312	144.821794	6.96989630	217.809260	35	19.3739612	5.56533376	173.916680
2	15:32:37	1.74	94.700	26.180	10758.000	32.000	94.734341	19.8468444	191.587323	143.702707	6.91603756	216.126174	35	19.3739612	5.52232855	172.572767
2	15:32:52	1.99	94.650	26.180	10746.000	32.000	94.734341	19.8468444	191.587323	143.702707	6.91603756	216.126174	35	19.3739612	5.52232855	172.572767
2	15:33:07	2.24	95.220	26.120	10730.000	32.000	95.286979	19.9626220	192.704958	144.541004	6.95638265	217.386958	35	19.3739612	5.55454336	173.579480
2	15:33:22	2.49	94.270	26.230	10755.000	32.000	94.276863	19.7510028	190.662136	143.008758	6.88263960	215.082488	35	19.3739612	5.49566089	171.739403
2	15:33:37	2.74	93.680	26.290	10718.000	32.000	93.731523	19.6367540	189.559260	142.181530	6.84282730	213.838353	35	19.3739612	5.46387150	170.745984
2	15:33:52	2.99	95.100	26.140	10756.000	32.000	95.102320	19.9239360	192.331510	144.260895	6.94290171	216.965678	35	19.3739612	5.54377908	173.243096
2	15:34:07	3.24	94.970	26.150	10762.000	32.000	95.010158	19.9046281	192.145125	144.121094	6.93617347	216.755421	35	19.3739612	5.53840670	173.075209
2	15:34:22	3.49	95.410	26.100	10721.000	32.000	95.472086	20.0014019	193.079312	144.821794	6.96989630	217.809260	35	19.3739612	5.56533376	173.916680
2	15:34:37	3.74	95.100	26.140	10735.000	32.000	95.102320	19.9239360	192.331510	144.260895	6.94290171	216.965678	35	19.3739612	5.54377908	173.243096
2	15:34:52	3.99	95.360	26.110	10715.000	32.000	95.379476	19.9820002	192.892021	144.681314	6.96313538	217.597981	35	19.3739612	5.55993529	173.747978
2	15:35:07	4.24	92.720	26.400	10703.000	32.000	92.741913	19.4294308	187.557909	140.680389	6.77058129	211.580665	35	19.3739612	5.40618439	168.943262
2	15:35:22	4.49	94.470	26.200	10730.000	32.000	94.551018	19.8084382	191.216577	143.424624	6.90265415	215.707942	35	19.3739612	5.51164214	172.238817
2	15:35:37	4.74	95.370	26.110	10732.000	32.000	95.379476	19.9820002	192.892021	144.681314	6.96313538	217.597981	35	19.3739612	5.55993529	173.747978
2	15:35:52	4.99	94.400	26.210	10716.000	32.000	94.459522	19.7892699	191.031540	143.285834	6.89597457	215.499205	35	19.3739612	5.50630862	172.072144
2	15:36:07	5.24	96.820	25.950	10714.000	32.000	96.874809	20.2952724	195.916128	146.949587	7.07230146	221.009421	35	19.3739612	5.64710239	176.471950
2	15:36:22	5.49	94.230	26.230	10675.000	32.000	94.276863	19.7510028	190.662136	143.008758	6.88263960	215.082488	35	19.3739612	5.49566089	171.739403
2	15:36:37	5.74	95.480	26.090	10697.000	32.000	95.564808	20.0208272	193.266829	144.962444	6.97666543	218.020795	35	19.3739612	5.57073878	174.085587
2	15:36:52	5.99	92.480	26.420	10715.000	32.000	92.563386	19.3920293	187.196862	140.409581	6.75754799	211.173375	35	19.3739612	5.39577755	168.618048
2	15:37:07	6.24	95.630	26.080	10682.000	32.000	95.657642	20.0402760	193.454574	145.103264	6.98344277	218.232586	35	19.3739612	5.57615036	174.254699
2	15:37:22	6.49	95.020	26.140	10680.000	32.000	95.102320	19.9239360	192.331510	144.260895	6.94290171	216.965678	35	19.3739612	5.54377908	173.243096
2	15:37:37	6.74	94.460	26.200	10687.000	32.000	94.551018	19.8084382	191.216577	143.424624	6.90265415	215.707942	35	19.3739612	5.51164214	172.238817
2	15:37:52	6.99	94.880	26.160	11070.000	32.000	94.918107	19.8853435	191.958966	143.981463	6.92945338	216.545418	35	19.3739612	5.53304083	172.907526
2	15:38:07	7.24	93.100	26.350	10915.000	32.000	93.190112	19.5233285	188.464331	141.360264	6.80330188	212.603184	35	19.3739612	5.43231118	169.759724
2	15:38:22	7.49	95.630	26.080	10856.000	32.000	95.657642	20.0402760	193.454574	145.103264	6.98344277	218.232586	35	19.3739612	5.57615036	174.254699
2	15:38:37	7.74	94.770	26.170	10792.000	32.000	94.826168	19.8660823	191.773032	143.842000	6.92274141	216.335669	35	19.3739612	5.52768145	172.740045
2	15:38:52	7.99	96.390	26.000	10620.000	32.000	96.404389	20.1967196	194.964769	146.236007	7.03795872	219.936210	35	19.3739612	5.61968035	175.615011
2	15:39:07	8.24	93.990	26.260	10568.000	32.000	94.003699	19.6937750	190.109700	142.594395	6.86269743	214.459295	35	19.3739612	5.47973743	171.241795
2	15:39:22	8.49	94.390	26.210	10545.000	32.000	94.459522	19.7892699	191.031540	143.285834	6.89597457	215.499205	35	19.3739612	5.50630862	172.072144
2	15:39:37	8.74	95.010	26.140	10569.000	32.000	95.102320	19.9239360	192.331510	144.260895	6.94290171	216.965678	35	19.3739612	5.54377908	173.243096
2	15:39:52	8.99	93.220	26.340	10551.000	32.000	93.280076	19.5421759	188.646270	141.496730	6.80986964	212.808426	35	19.3739612	5.43755542	169.923607
2	15:40:07	9.24	95.290	26.110	10534.000	32.000	95.379476	19.9820002	192.892021	144.681314	6.96313538	217.597981	35	19.3739612	5.55993529	173.747978
2	15:40:22	9.49	96.210	26.020	10539.000	32.000	96.217022	20.1574660	194.585843	145.951788	7.02428002	219.508751	35	19.3739612	5.60875815	175.273692
2	15:40:37	9.74	95.620	26.080	10508.000	32.000	95.657642	20.0402760	193.454574	145.103264	6.98344277	218.232586	35	19.3739612	5.57615036	174.254699
2	15:40:52	9.99	93.980	26.260	10530.000	32.000	94.003699	19.6937750	190.109700	142.594395	6.86269743	214.459295	35	19.3739612	5.47973743	171.241795
2	15:41:07	10.24	94.950	26.150	10499.000	32.000	95.010158	19.9046281	192.145125	144.121094	6.93617347	216.755421	35	19.3739612	5.53840670	173.075209
2	15:41:22	10.49	94.000	26.260	10520.000	32.000	94.003699	19.6937750	190.109700	142.594395	6.86269743	214.459295	35	19.3739612	5.47973743	171.241795
2	15:41:37	10.74	95.170	26.130	10547.000	32.000	95.194593	19.9432673	192.518121	144.400865	6.94963810	217.176191	35	19.3739612	5.54915796	173.411186
2	15:41:52	10.99	95.330	26.110	10490.000	32.000	95.379476	19.9820002	192.892021	144.681314	6.96313538	217.597981	35	19.3739612	5.55993529	173.747978
2	15:42:07	11.24	94.690	26.180	10472.000	32.000	94.734341	19.8468444	191.587323	143.702707	6.91603756	216.126174	35	19.3739612	5.52232855	172.572767
2	15:42:22	11.49	94.400	26.210	10504.000	32.000	94.459522	19.7892699	191.031540	143.285834	6.89597457	215.499205	35	19.3739612	5.50630862	172.072144
2	15:42:37	11.74	94.780	26.170	10529.000	32.000	94.826168	19.8660823	191.773032	143.842000	6.92274141	216.335669	35	19.3739612	5.52768145	172.740045
2	15:42:52	11.99	95.370	26.110	10544.000	32.000	95.379476	19.9820002	192.892021	144.681314	6.96313538	217.597981	35	19.3739612	5.55993529	173.747978
2	15:43:07	12.24	95.480	26.090	10518.000	32.000	95.564808	20.0208272	193.266829	144.962444	6.97666543	218.020795	35	19.3739612	5.57073878	174.085587
2	15:43:22	12.49	93.700	26.290	10536.000	32.000	93.731523	19.6367540	189.559260	142.181530	6.84282730	213.838353	35	19.3739612	5.46387150	170.745984
2	15:43:37	12.74	95.430	26.100	10510.000	32.000	95.472086	20.0014019	193.079312	144.821794	6.96989630	217.809260	35	19.3739612	5.56533376	173.916680
2	15:43:52	12.99	94.720	26.180	10523.000	32.000	94.734341	19.8468444	191.587323	143.702707	6.91603756	216.126174	35	19.3739612	5.52232855	172.572767
2	15:44:07	13.24	94.780	26.170	10511.000	32.000	94.826168	19.8660823	191.773032	143.842000	6.92274141	216.335669	35	19.3739612	5.52768145	172.740045
2	15:44:22	13.49	95.360	26.110	10522.000	32.000	95.379476	19.9820002	192.892021	144.681314	6.96313538	217.597981	35	19.3739612	5.55993529	173.747978
2	15:44:37	13.74	94.290	26.220	10533.000	32.000	94.368137	19.7701248	190.846726	143.147212	6.88930306	215.290721	35	19.3739612	5.50098154	171.905673
2	15:44:52	13.99	94.600	26.190	10533.000	32.000	94.642624	19.8276297	191.401838	143.563581	6.90934181	215.916932	35	19.3739612	5.51698212	172.405691
2	15:45:07	14.24	95.130	26.130	10497.000	32.000	95.194593	19.9432673	192.518121	144.400865	6.94963810	217.176191	35	19.3739612	5.54915796	173.411186
2	15:45:22	14.49	95.010	26.150	10527.000	32.000	95.010158	19.9046281	192.145125	144.121094	6.93617347	216.755421	35	19.3739612	5.53840670	173.075209
2	15:45:37	14.74	93.610	26.300	10524.000	32.000	93.641016	19.6177928	189.376222	142.044240	6.83621988	213.631871	35	19.3739612	5.45859560	170.581112
2	15:45:52	14.99	94.630	26.190	10522.000	32.000	94.642624	19.8276297	191.401838	143.563581	6.90934181	215.916932	35	19.3739612	5.51698212	172.405691
2	15:46:07	15.24	95.000	26.150	10540.000	32.000	95.010158	19.9046281	192.145125	144.121094	6.93617347	216.755421	35	19.3739612	5.53840670	173.075209
2	15:46:22	15.49	93.080	26.360	10536.000	32.000	93.100257	19.5045038	188.282610	141.223962	6.79674201	212.398188	35	19.3739612	5.42707325	169.596039
2	15:46:37	15.74	94.560	26.190	10532.000	32.000	94.642624	19.8276297	191.401838	143.563581	6.90934181	215.916932	35	19.3739612	5.51698212	172.405691
2	15:46:52	15.99	95.490	26.090	10522.000	32.000	95.564808	20.0208272	193.266829	144.962444	6.97666543	218.020795	35	19.3739612	5.57073878	174.085587
2	15:47:07	16.24	94.920	26.150	10536.000	32.000	95.010158	19.9046281	192.145125	144.121094	6.93617347	216.755421	35	19.3739612	5.53840670	173.075209
2	15:47:22	16.49	95.270	26.120	10505.000	32.000	95.286979	19.9626220	192.704958	144.541004	6.95638265	217.386958	35	19.3739612	5.55454336	173.579480
2	15:47:37	16.74	95.450	26.100	10500.000	32.000	95.472086	20.0014019	193.079312	144.821794	6.96989630	217.809260	35	19.3739612	5.56533376	173.916680
2	15:47:52	16.99	92.460	26.430	10508.000	32.000	92.474283	19.3733623	187.016663	140.274421	6.75104307	210.970096	35	19.3739612	5.39058349	168.455734
2	15:48:07	17.24	94.070	26.250	10540.000	32.000	94.094644	19.7128279	190.293623	142.732350	6.86933680	214.666775	35	19.3739612	5.48503885	171.407464
2	15:48:22	17.49	94.550	26.200	10513.000	32.000	94.551018	19.8084382	191.216577	143.424624	6.90265415	215.707942	35	19.3739612	5.51164214	172.238817
2	15:48:37	17.74	93.680	26.290	10508.000	32.000	93.731523	19.6367540	189.559260	142.181530	6.84282730	213.838353	35	19.3739612	5.46387150	170.745984
2	15:48:52	17.99	95.240	26.120	10510.000	32.000	95.286979	19.9626220	192.704958	144.541004	6.95638265	217.386958	35	19.3739612	5.55454336	173.579480
2	15:49:07	18.24	94.620	26.190	10479.000	32.000	94.642624	19.8276297	191.401838	143.563581	6.90934181	215.916932	35	19.3739612	5.51698212	172.405691
2	15:49:22	18.49	94.450	26.210	10542.000	32.000	94.459522	19.7892699	191.031540	143.285834	6.89597457	215.499205	35	19.3739612	5.50630862	172.072144
2	15:49:37	18.74	94.900	26.160	10507.000	32.000	94.918107	19.8853435	191.958966	143.981463	6.92945338	216.545418	35	19.3739612	5.53304083	172.907526
2	15:49:52	18.99	94.260	26.230	10500.000	32.000	94.276863	19.7510028	190.662136	143.008758	6.88263960	215.082488	35	19.3739612	5.49566089	171.739403
2	15:50:07	19.24	94.290	26.220	10510.000	32.000	94.368137	19.7701248	190.846726	143.147212	6.88930306	215.290721	35	19.3739612	5.50098154	171.905673
2	15:50:22	19.49	94.400	26.210	10509.000	32.000	94.459522	19.7892699	191.031540	143.285834	6.89597457	215.499205	35	19.3739612	5.50630862	172.072144
