Chamber	Time/hh:mm:ss	Logtime/min	Oxy/% air sat.	Phase/°	Amp	Temp/°C	% air-sat.	% oxygen	pO2 (hPa)	pO2 (Torr)	cO2 [mg/L]	cO2 [µmol/L]	Salinity	chlorinity	SalCorcO2 [mg/L]	SalCorcO2 [µmol/L]
8	11:34:14	0.00	94.060	27.260	26171.000	26.000	94.113330	19.7167425	193.086015	144.826822	7.61482053	237.963141	35	19.3739612	6.21299876	194.156211
8	11:34:26	0.19	94.650	27.190	26159.000	26.000	94.737517	19.8475098	194.366619	145.787356	7.66532428	239.541384	35	19.3739612	6.25420521	195.443913
8	11:34:41	0.44	96.030	27.040	26234.000	26.000	96.092403	20.1313584	197.146348	147.872330	7.77494970	242.967178	35	19.3739612	6.34364955	198.239048
8	11:34:56	0.69	93.240	27.350	26209.000	26.000	93.318255	19.5501743	191.454813	143.603316	7.55049008	235.952815	35	19.3739612	6.16051098	192.515968
8	11:35:11	0.94	93.670	27.310	26148.000	26.000	93.670592	19.6239891	192.177681	144.145513	7.57899814	236.843692	35	19.3739612	6.18377096	193.242843
8	11:35:26	1.19	94.300	27.230	26183.000	26.000	94.380214	19.7726548	193.633564	145.237518	7.63641445	238.637951	35	19.3739612	6.23061743	194.706795
8	11:35:41	1.44	93.890	27.280	26199.000	26.000	93.935925	19.6795763	192.722046	144.553822	7.60046651	237.514579	35	19.3739612	6.20128719	193.790225
8	11:35:56	1.69	93.890	27.280	26225.000	26.000	93.935925	19.6795763	192.722046	144.553822	7.60046651	237.514579	35	19.3739612	6.20128719	193.790225
8	11:36:11	1.94	93.980	27.270	26197.000	26.000	94.024575	19.6981486	192.903925	144.690242	7.60763934	237.738729	35	19.3739612	6.20713956	193.973111
8	11:36:26	2.19	93.600	27.310	26235.000	26.000	93.670592	19.6239891	192.177681	144.145513	7.57899814	236.843692	35	19.3739612	6.18377096	193.242843
8	11:36:41	2.44	94.030	27.260	26231.000	26.000	94.113330	19.7167425	193.086015	144.826822	7.61482053	237.963141	35	19.3739612	6.21299876	194.156211
8	11:36:56	2.69	93.810	27.290	26251.000	26.000	93.847378	19.6610256	192.540380	144.417560	7.59330205	237.290689	35	19.3739612	6.19544164	193.607551
8	11:37:11	2.94	93.510	27.320	26268.000	26.000	93.582354	19.6055032	191.996648	144.009727	7.57185868	236.620584	35	19.3739612	6.17794581	193.060807
8	11:37:26	3.19	93.800	27.290	26270.000	26.000	93.847378	19.6610256	192.540380	144.417560	7.59330205	237.290689	35	19.3739612	6.19544164	193.607551
8	11:37:41	3.44	93.910	27.280	26246.000	26.000	93.935925	19.6795763	192.722046	144.553822	7.60046651	237.514579	35	19.3739612	6.20128719	193.790225
8	11:37:56	3.69	93.300	27.350	26273.000	26.000	93.318255	19.5501743	191.454813	143.603316	7.55049008	235.952815	35	19.3739612	6.16051098	192.515968
8	11:38:11	3.94	93.690	27.300	26269.000	26.000	93.758934	19.6424966	192.358925	144.281457	7.58614593	237.067060	35	19.3739612	6.18960290	193.425091
8	11:38:26	4.19	92.350	27.460	26312.000	26.000	92.357731	19.3489445	189.484170	142.125208	7.47277294	233.524154	35	19.3739612	6.09710089	190.534403
8	11:38:41	4.44	93.230	27.360	26311.000	26.000	93.230426	19.5317743	191.274621	143.468161	7.54338377	235.730743	35	19.3739612	6.15471288	192.334778
8	11:38:56	4.69	93.190	27.360	26322.000	26.000	93.230426	19.5317743	191.274621	143.468161	7.54338377	235.730743	35	19.3739612	6.15471288	192.334778
8	11:39:11	4.94	92.850	27.400	26366.000	26.000	92.880131	19.4583875	190.555945	142.929108	7.51504101	234.845032	35	19.3739612	6.13158778	191.612118
8	11:39:26	5.19	92.920	27.390	26344.000	26.000	92.967552	19.4767022	190.735301	143.063636	7.52211436	235.066074	35	19.3739612	6.13735898	191.792468
8	11:39:41	5.44	92.280	27.460	26365.000	26.000	92.357731	19.3489445	189.484170	142.125208	7.47277294	233.524154	35	19.3739612	6.09710089	190.534403
8	11:39:56	5.69	92.580	27.430	26358.000	26.000	92.618476	19.4035708	190.019125	142.526459	7.49387019	234.183444	35	19.3739612	6.11431432	191.072323
8	11:40:11	5.94	92.540	27.430	26371.000	26.000	92.618476	19.4035708	190.019125	142.526459	7.49387019	234.183444	35	19.3739612	6.11431432	191.072323
8	11:40:26	6.19	92.340	27.460	26409.000	26.000	92.357731	19.3489445	189.484170	142.125208	7.47277294	233.524154	35	19.3739612	6.09710089	190.534403
8	11:40:41	6.44	92.610	27.430	26406.000	26.000	92.618476	19.4035708	190.019125	142.526459	7.49387019	234.183444	35	19.3739612	6.11431432	191.072323
8	11:40:56	6.69	92.020	27.490	26423.000	26.000	92.097890	19.2945079	188.951073	141.725351	7.45174893	232.867154	35	19.3739612	6.07994722	189.998351
8	11:41:11	6.94	91.920	27.510	26442.000	26.000	91.925164	19.2583218	188.596702	141.459551	7.43777345	232.430420	35	19.3739612	6.06854450	189.642016
8	11:41:26	7.19	92.870	27.400	26438.000	26.000	92.880131	19.4583875	190.555945	142.929108	7.51504101	234.845032	35	19.3739612	6.13158778	191.612118
8	11:41:41	7.44	90.590	27.660	26417.000	26.000	90.642366	18.9895756	185.964871	139.485510	7.33398076	229.186899	35	19.3739612	5.98385913	186.995598
8	11:41:56	7.69	92.010	27.500	26465.000	26.000	92.011477	19.2764044	188.773785	141.592374	7.44475715	232.648661	35	19.3739612	6.07424256	189.820080
8	11:42:11	7.94	91.990	27.500	26483.000	26.000	92.011477	19.2764044	188.773785	141.592374	7.44475715	232.648661	35	19.3739612	6.07424256	189.820080
8	11:42:26	8.19	92.090	27.490	26488.000	26.000	92.097890	19.2945079	188.951073	141.725351	7.45174893	232.867154	35	19.3739612	6.07994722	189.998351
8	11:42:41	8.44	92.350	27.460	26504.000	26.000	92.357731	19.3489445	189.484170	142.125208	7.47277294	233.524154	35	19.3739612	6.09710089	190.534403
8	11:42:56	8.69	91.660	27.540	26523.000	26.000	91.666823	19.2041994	188.066682	141.062001	7.41687079	231.777212	35	19.3739612	6.05148984	189.109057
8	11:43:11	8.94	91.630	27.540	26517.000	26.000	91.666823	19.2041994	188.066682	141.062001	7.41687079	231.777212	35	19.3739612	6.05148984	189.109057
8	11:43:26	9.19	91.580	27.550	26535.000	26.000	91.580908	19.1862003	187.890416	140.929791	7.40991934	231.559979	35	19.3739612	6.04581808	188.931815
8	11:43:41	9.44	91.490	27.560	26560.000	26.000	91.495093	19.1682220	187.714355	140.797734	7.40297591	231.342997	35	19.3739612	6.04015288	188.754778
8	11:43:56	9.69	91.890	27.510	26560.000	26.000	91.925164	19.2583218	188.596702	141.459551	7.43777345	232.430420	35	19.3739612	6.06854450	189.642016
8	11:44:11	9.94	91.220	27.590	26541.000	26.000	91.238241	19.1144114	187.187388	140.402475	7.38219371	230.693553	35	19.3739612	6.02319650	188.224891
8	11:44:26	10.19	91.280	27.580	26597.000	26.000	91.323759	19.1323276	187.362841	140.534076	7.38911311	230.909785	35	19.3739612	6.02884210	188.401316
8	11:44:41	10.44	91.550	27.550	26613.000	26.000	91.580908	19.1862003	187.890416	140.929791	7.40991934	231.559979	35	19.3739612	6.04581808	188.931815
8	11:44:56	10.69	91.100	27.600	26611.000	26.000	91.152821	19.0965160	187.012138	140.271027	7.37528229	230.477571	35	19.3739612	6.01755741	188.048669
8	11:45:11	10.94	91.180	27.590	26647.000	26.000	91.238241	19.1144114	187.187388	140.402475	7.38219371	230.693553	35	19.3739612	6.02319650	188.224891
8	11:45:26	11.19	91.180	27.590	26656.000	26.000	91.238241	19.1144114	187.187388	140.402475	7.38219371	230.693553	35	19.3739612	6.02319650	188.224891
8	11:45:41	11.44	90.480	27.670	26658.000	26.000	90.557633	18.9718240	185.791030	139.355118	7.32712489	228.972653	35	19.3739612	5.97826537	186.820793
8	11:45:56	11.69	90.690	27.650	26695.000	26.000	90.727197	19.0073477	186.138913	139.616052	7.34084452	229.401391	35	19.3739612	5.98945934	187.170604
8	11:46:11	11.94	90.690	27.650	26682.000	26.000	90.727197	19.0073477	186.138913	139.616052	7.34084452	229.401391	35	19.3739612	5.98945934	187.170604
8	11:46:26	12.19	90.760	27.640	26714.000	26.000	90.812125	19.0251403	186.313156	139.746745	7.34771620	229.616131	35	19.3739612	5.99506600	187.345813
8	11:46:41	12.44	90.300	27.700	26734.000	26.000	90.304017	18.9186916	185.270705	138.964840	7.30660458	228.331393	35	19.3739612	5.96152267	186.297583
8	11:46:56	12.69	90.560	27.660	26746.000	26.000	90.642366	18.9895756	185.964871	139.485510	7.33398076	229.186899	35	19.3739612	5.98385913	186.995598
8	11:47:11	12.94	90.270	27.700	26742.000	26.000	90.304017	18.9186916	185.270705	138.964840	7.30660458	228.331393	35	19.3739612	5.96152267	186.297583
8	11:47:26	13.19	90.050	27.720	26755.000	26.000	90.135426	18.8833718	184.924817	138.705403	7.29296367	227.905115	35	19.3739612	5.95039293	185.949779
8	11:47:41	13.44	89.910	27.740	26771.000	26.000	89.967222	18.8481330	184.579724	138.446561	7.27935408	227.479815	35	19.3739612	5.93928875	185.602773
8	11:47:56	13.69	90.730	27.640	26790.000	26.000	90.812125	19.0251403	186.313156	139.746745	7.34771620	229.616131	35	19.3739612	5.99506600	187.345813
8	11:48:11	13.94	89.900	27.740	26825.000	26.000	89.967222	18.8481330	184.579724	138.446561	7.27935408	227.479815	35	19.3739612	5.93928875	185.602773
8	11:48:26	14.19	89.290	27.820	26821.000	26.000	89.298255	18.7079844	183.207249	137.417117	7.22522717	225.788349	35	19.3739612	5.89512612	184.222691
8	11:48:41	14.44	89.650	27.770	26841.000	26.000	89.715639	18.7954265	184.063569	138.059412	7.25899824	226.843695	35	19.3739612	5.92268024	185.083757
8	11:48:56	14.69	89.600	27.780	26868.000	26.000	89.631971	18.7778979	183.891912	137.930658	7.25222852	226.632141	35	19.3739612	5.91715677	184.911149
8	11:49:11	14.94	89.660	27.770	26879.000	26.000	89.715639	18.7954265	184.063569	138.059412	7.25899824	226.843695	35	19.3739612	5.92268024	185.083757
8	11:49:26	15.19	89.480	27.790	26871.000	26.000	89.548398	18.7603895	183.720452	137.802052	7.24546657	226.420830	35	19.3739612	5.91163963	184.738738
8	11:49:41	15.44	88.910	27.860	26921.000	26.000	88.966065	18.6383906	182.525718	136.905925	7.19834929	224.948415	35	19.3739612	5.87319623	183.537382
8	11:49:56	15.69	89.160	27.830	26926.000	26.000	89.215065	18.6905561	183.036574	137.289100	7.21849615	225.578005	35	19.3739612	5.88963423	184.051070
8	11:50:11	15.94	90.600	27.660	26949.000	26.000	90.642366	18.9895756	185.964871	139.485510	7.33398076	229.186899	35	19.3739612	5.98385913	186.995598
8	11:50:26	16.19	88.980	27.850	26954.000	26.000	89.048970	18.6557592	182.695808	137.033504	7.20505722	225.158038	35	19.3739612	5.87866929	183.708415
8	11:50:41	16.44	89.450	27.800	26950.000	26.000	89.464922	18.7429011	183.549188	137.673593	7.23871236	226.209761	35	19.3739612	5.90612882	184.566525
8	11:50:56	16.69	89.250	27.820	26985.000	26.000	89.298255	18.7079844	183.207249	137.417117	7.22522717	225.788349	35	19.3739612	5.89512612	184.222691
8	11:51:11	16.94	88.860	27.870	26996.000	26.000	88.883255	18.6210419	182.355822	136.778492	7.19164903	224.739032	35	19.3739612	5.86772943	183.366545
8	11:51:26	17.19	89.010	27.850	26977.000	26.000	89.048970	18.6557592	182.695808	137.033504	7.20505722	225.158038	35	19.3739612	5.87866929	183.708415
8	11:51:41	17.44	88.510	27.910	27012.000	26.000	88.552960	18.5518451	181.678178	136.270216	7.16492448	223.903890	35	19.3739612	5.84592463	182.685145
8	11:51:56	17.69	88.710	27.890	27018.000	26.000	88.717919	18.5864040	182.016612	136.524064	7.17827148	224.320984	35	19.3739612	5.85681457	183.025455
8	11:52:11	17.94	88.660	27.890	27050.000	26.000	88.717919	18.5864040	182.016612	136.524064	7.17827148	224.320984	35	19.3739612	5.85681457	183.025455
8	11:52:26	18.19	88.500	27.910	27058.000	26.000	88.552960	18.5518451	181.678178	136.270216	7.16492448	223.903890	35	19.3739612	5.84592463	182.685145
8	11:52:41	18.44	88.300	27.940	27078.000	26.000	88.306228	18.5001547	181.171974	135.890531	7.14496107	223.280034	35	19.3739612	5.82963632	182.176135
8	11:52:56	18.69	88.370	27.930	27104.000	26.000	88.388378	18.5173652	181.340516	136.016948	7.15160794	223.487748	35	19.3739612	5.83505956	182.345611
8	11:53:11	18.94	88.500	27.910	27119.000	26.000	88.552960	18.5518451	181.678178	136.270216	7.16492448	223.903890	35	19.3739612	5.84592463	182.685145
8	11:53:26	19.19	88.040	27.970	27107.000	26.000	88.060339	18.4486410	180.667500	135.512143	7.12506591	222.658310	35	19.3739612	5.81340368	181.668865
8	11:53:41	19.44	87.970	27.980	27140.000	26.000	87.978563	18.4315089	180.499725	135.386302	7.11844930	222.451541	35	19.3739612	5.80800513	181.500160
8	11:53:56	19.69	88.000	27.970	27142.000	26.000	88.060339	18.4486410	180.667500	135.512143	7.12506591	222.658310	35	19.3739612	5.81340368	181.668865
8	11:54:11	19.94	88.020	27.970	27171.000	26.000	88.060339	18.4486410	180.667500	135.512143	7.12506591	222.658310	35	19.3739612	5.81340368	181.668865
8	11:54:26	20.19	87.860	27.990	27183.000	26.000	87.896880	18.4143963	180.332141	135.260603	7.11184023	222.245007	35	19.3739612	5.80261273	181.331648
8	11:54:41	20.44	87.700	28.010	27185.000	26.000	87.733793	18.3802295	179.997547	135.009636	7.09864467	221.832646	35	19.3739612	5.79184635	180.995199
8	11:54:56	20.69	87.450	28.040	27201.000	26.000	87.489857	18.3291251	179.497081	134.634255	7.07890757	221.215862	35	19.3739612	5.77574269	180.491959
8	11:55:11	20.94	87.350	28.050	27220.000	26.000	87.408730	18.3121290	179.330638	134.509412	7.07234350	221.010734	35	19.3739612	5.77038700	180.324594
