Chamber	Time/hh:mm:ss	Logtime/min	Oxy/% air sat.	Phase/°	Amp	Temp/°C	% air-sat.	% oxygen	pO2 (hPa)	pO2 (Torr)	cO2 [mg/L]	cO2 [µmol/L]	Salinity	chlorinity	SalCorcO2 [mg/L]	SalCorcO2 [µmol/L]
3	12:08:18	0.00	91.950	27.500	29869.000	26.000	92.011477	19.2764044	188.773785	141.592374	7.44475715	232.648661	35	19.3739612	6.07424256	189.820080
3	12:08:31	0.22	92.770	27.410	29888.000	26.000	92.792812	19.4400941	190.376797	142.794736	7.50797588	234.624246	35	19.3739612	6.12582327	191.431977
3	12:08:46	0.47	92.350	27.460	29884.000	26.000	92.357731	19.3489445	189.484170	142.125208	7.47277294	233.524154	35	19.3739612	6.09710089	190.534403
3	12:09:01	0.72	92.280	27.460	29864.000	26.000	92.357731	19.3489445	189.484170	142.125208	7.47277294	233.524154	35	19.3739612	6.09710089	190.534403
3	12:09:16	0.97	91.970	27.500	29863.000	26.000	92.011477	19.2764044	188.773785	141.592374	7.44475715	232.648661	35	19.3739612	6.07424256	189.820080
3	12:09:31	1.22	91.780	27.520	29900.000	26.000	91.838950	19.2402601	188.419824	141.326881	7.43079784	232.212432	35	19.3739612	6.06285304	189.464157
3	12:09:46	1.47	92.290	27.460	29915.000	26.000	92.357731	19.3489445	189.484170	142.125208	7.47277294	233.524154	35	19.3739612	6.09710089	190.534403
3	12:10:01	1.72	91.060	27.610	29906.000	26.000	91.067500	19.0786412	186.837090	140.139729	7.36837884	230.261839	35	19.3739612	6.01192483	187.872651
3	12:10:16	1.97	91.770	27.520	29863.000	26.000	91.838950	19.2402601	188.419824	141.326881	7.43079784	232.212432	35	19.3739612	6.06285304	189.464157
3	12:10:31	2.22	92.250	27.470	29959.000	26.000	92.271017	19.3307780	189.306265	141.991768	7.46575682	233.304901	35	19.3739612	6.09137637	190.355512
3	12:10:46	2.47	91.950	27.500	29954.000	26.000	92.011477	19.2764044	188.773785	141.592374	7.44475715	232.648661	35	19.3739612	6.07424256	189.820080
3	12:11:01	2.72	92.220	27.470	29906.000	26.000	92.271017	19.3307780	189.306265	141.991768	7.46575682	233.304901	35	19.3739612	6.09137637	190.355512
3	12:11:16	2.97	91.860	27.510	29928.000	26.000	91.925164	19.2583218	188.596702	141.459551	7.43777345	232.430420	35	19.3739612	6.06854450	189.642016
3	12:11:31	3.22	91.760	27.520	29918.000	26.000	91.838950	19.2402601	188.419824	141.326881	7.43079784	232.212432	35	19.3739612	6.06285304	189.464157
3	12:11:46	3.47	92.160	27.480	29943.000	26.000	92.184403	19.3126325	189.128566	141.858483	7.45874882	233.085901	35	19.3739612	6.08565848	190.176828
3	12:12:01	3.72	91.340	27.570	29960.000	26.000	91.409377	19.1502644	187.538496	140.665829	7.39604051	231.126266	35	19.3739612	6.03449423	188.577945
3	12:12:16	3.97	91.190	27.590	29948.000	26.000	91.238241	19.1144114	187.187388	140.402475	7.38219371	230.693553	35	19.3739612	6.02319650	188.224891
3	12:12:31	4.22	90.760	27.640	29955.000	26.000	90.812125	19.0251403	186.313156	139.746745	7.34771620	229.616131	35	19.3739612	5.99506600	187.345813
3	12:12:46	4.47	90.810	27.640	29955.000	26.000	90.812125	19.0251403	186.313156	139.746745	7.34771620	229.616131	35	19.3739612	5.99506600	187.345813
3	12:13:01	4.72	91.370	27.570	29948.000	26.000	91.409377	19.1502644	187.538496	140.665829	7.39604051	231.126266	35	19.3739612	6.03449423	188.577945
3	12:13:16	4.97	91.050	27.610	30004.000	26.000	91.067500	19.0786412	186.837090	140.139729	7.36837884	230.261839	35	19.3739612	6.01192483	187.872651
3	12:13:31	5.22	91.140	27.600	30018.000	26.000	91.152821	19.0965160	187.012138	140.271027	7.37528229	230.477571	35	19.3739612	6.01755741	188.048669
3	12:13:46	5.47	91.610	27.540	30013.000	26.000	91.666823	19.2041994	188.066682	141.062001	7.41687079	231.777212	35	19.3739612	6.05148984	189.109057
3	12:14:01	5.72	90.470	27.680	30019.000	26.000	90.472997	18.9540928	185.617388	139.224875	7.32027691	228.758654	35	19.3739612	5.97267805	186.646189
3	12:14:16	5.97	90.660	27.650	30031.000	26.000	90.727197	19.0073477	186.138913	139.616052	7.34084452	229.401391	35	19.3739612	5.98945934	187.170604
3	12:14:31	6.22	90.720	27.650	30062.000	26.000	90.727197	19.0073477	186.138913	139.616052	7.34084452	229.401391	35	19.3739612	5.98945934	187.170604
3	12:14:46	6.47	90.580	27.660	30093.000	26.000	90.642366	18.9895756	185.964871	139.485510	7.33398076	229.186899	35	19.3739612	5.98385913	186.995598
3	12:15:01	6.72	90.200	27.710	30095.000	26.000	90.219673	18.9010215	185.097661	138.835047	7.29978020	228.118131	35	19.3739612	5.95595460	186.123581
3	12:15:16	6.97	90.870	27.630	30118.000	26.000	90.897152	19.0429533	186.487599	139.877589	7.35459581	229.831119	35	19.3739612	6.00067913	187.521223
3	12:15:31	7.22	90.410	27.680	30157.000	26.000	90.472997	18.9540928	185.617388	139.224875	7.32027691	228.758654	35	19.3739612	5.97267805	186.646189
3	12:15:46	7.47	90.270	27.700	30114.000	26.000	90.304017	18.9186916	185.270705	138.964840	7.30660458	228.331393	35	19.3739612	5.96152267	186.297583
3	12:16:01	7.72	89.990	27.730	30198.000	26.000	90.051276	18.8657423	184.752172	138.575908	7.28615496	227.692343	35	19.3739612	5.94483765	185.776177
3	12:16:16	7.97	89.970	27.730	30214.000	26.000	90.051276	18.8657423	184.752172	138.575908	7.28615496	227.692343	35	19.3739612	5.94483765	185.776177
3	12:16:31	8.22	90.530	27.670	30203.000	26.000	90.557633	18.9718240	185.791030	139.355118	7.32712489	228.972653	35	19.3739612	5.97826537	186.820793
3	12:16:46	8.47	89.540	27.790	30239.000	26.000	89.548398	18.7603895	183.720452	137.802052	7.24546657	226.420830	35	19.3739612	5.91163963	184.738738
3	12:17:01	8.72	89.530	27.790	30249.000	26.000	89.548398	18.7603895	183.720452	137.802052	7.24546657	226.420830	35	19.3739612	5.91163963	184.738738
3	12:17:16	8.97	89.590	27.780	30297.000	26.000	89.631971	18.7778979	183.891912	137.930658	7.25222852	226.632141	35	19.3739612	5.91715677	184.911149
3	12:17:31	9.22	89.180	27.830	30309.000	26.000	89.215065	18.6905561	183.036574	137.289100	7.21849615	225.578005	35	19.3739612	5.88963423	184.051070
3	12:17:46	9.47	89.160	27.830	30342.000	26.000	89.215065	18.6905561	183.036574	137.289100	7.21849615	225.578005	35	19.3739612	5.88963423	184.051070
3	12:18:01	9.72	89.570	27.780	30359.000	26.000	89.631971	18.7778979	183.891912	137.930658	7.25222852	226.632141	35	19.3739612	5.91715677	184.911149
3	12:18:16	9.97	89.270	27.820	30345.000	26.000	89.298255	18.7079844	183.207249	137.417117	7.22522717	225.788349	35	19.3739612	5.89512612	184.222691
3	12:18:31	10.22	88.620	27.900	30391.000	26.000	88.635392	18.5691147	181.847298	136.397068	7.17159416	224.112318	35	19.3739612	5.85136649	182.855203
3	12:18:46	10.47	88.510	27.910	30441.000	26.000	88.552960	18.5518451	181.678178	136.270216	7.16492448	223.903890	35	19.3739612	5.84592463	182.685145
3	12:19:01	10.72	88.680	27.890	30415.000	26.000	88.717919	18.5864040	182.016612	136.524064	7.17827148	224.320984	35	19.3739612	5.85681457	183.025455
3	12:19:16	10.97	88.600	27.900	30424.000	26.000	88.635392	18.5691147	181.847298	136.397068	7.17159416	224.112318	35	19.3739612	5.85136649	182.855203
3	12:19:31	11.22	88.470	27.920	30496.000	26.000	88.470622	18.5345953	181.509250	136.143510	7.15826241	223.695700	35	19.3739612	5.84048899	182.515281
3	12:19:46	11.47	88.240	27.940	30532.000	26.000	88.306228	18.5001547	181.171974	135.890531	7.14496107	223.280034	35	19.3739612	5.82963632	182.176135
3	12:20:01	11.72	88.320	27.930	30494.000	26.000	88.388378	18.5173652	181.340516	136.016948	7.15160794	223.487748	35	19.3739612	5.83505956	182.345611
3	12:20:16	11.97	88.370	27.930	30540.000	26.000	88.388378	18.5173652	181.340516	136.016948	7.15160794	223.487748	35	19.3739612	5.83505956	182.345611
3	12:20:31	12.22	88.300	27.940	30539.000	26.000	88.306228	18.5001547	181.171974	135.890531	7.14496107	223.280034	35	19.3739612	5.82963632	182.176135
3	12:20:46	12.47	87.850	27.990	30588.000	26.000	87.896880	18.4143963	180.332141	135.260603	7.11184023	222.245007	35	19.3739612	5.80261273	181.331648
3	12:21:01	12.72	87.720	28.010	30585.000	26.000	87.733793	18.3802295	179.997547	135.009636	7.09864467	221.832646	35	19.3739612	5.79184635	180.995199
3	12:21:16	12.97	87.070	28.090	30665.000	26.000	87.085144	18.2443376	178.666757	134.011459	7.04616172	220.192554	35	19.3739612	5.74902506	179.657033
3	12:21:31	13.22	87.880	27.990	30663.000	26.000	87.896880	18.4143963	180.332141	135.260603	7.11184023	222.245007	35	19.3739612	5.80261273	181.331648
3	12:21:46	13.47	87.560	28.030	30673.000	26.000	87.571076	18.3461405	179.663713	134.759239	7.08547912	221.421222	35	19.3739612	5.78110447	180.659515
3	12:22:01	13.72	87.160	28.080	30698.000	26.000	87.165902	18.2612566	178.832445	134.135735	7.05269601	220.396750	35	19.3739612	5.75435644	179.823639
3	12:22:16	13.97	86.750	28.130	30771.000	26.000	86.763024	18.1768535	178.005885	133.515763	7.02009862	219.378082	35	19.3739612	5.72775994	178.992498
3	12:22:31	14.22	86.870	28.110	30755.000	26.000	86.923901	18.2105572	178.335946	133.763329	7.03311538	219.784855	35	19.3739612	5.73838043	179.324389
3	12:22:46	14.47	86.340	28.180	30781.000	26.000	86.362424	18.0929277	177.184001	132.899297	6.98768558	218.365175	35	19.3739612	5.70131387	178.166058
3	12:23:01	14.72	86.510	28.160	30807.000	26.000	86.522391	18.1264410	177.512196	133.145464	7.00062876	218.769649	35	19.3739612	5.71187432	178.496072
3	12:23:16	14.97	86.440	28.170	30837.000	26.000	86.442362	18.1096749	177.348005	133.022311	6.99415351	218.567297	35	19.3739612	5.70659110	178.330972
3	12:23:31	15.22	86.470	28.160	30865.000	26.000	86.522391	18.1264410	177.512196	133.145464	7.00062876	218.769649	35	19.3739612	5.71187432	178.496072
3	12:23:46	15.47	85.900	28.230	30878.000	26.000	85.964085	18.0094759	176.366757	132.286312	6.95545557	217.357987	35	19.3739612	5.67501712	177.344285
3	12:24:01	15.72	86.250	28.190	30927.000	26.000	86.282576	18.0761996	177.020182	132.776422	6.98122498	218.163281	35	19.3739612	5.69604261	178.001331
3	12:24:16	15.97	86.520	28.160	30910.000	26.000	86.522391	18.1264410	177.512196	133.145464	7.00062876	218.769649	35	19.3739612	5.71187432	178.496072
3	12:24:31	16.22	85.670	28.260	30957.000	26.000	85.726161	17.9596308	175.878624	131.920181	6.93620485	216.756402	35	19.3739612	5.65931029	176.853447
3	12:24:46	16.47	85.920	28.230	30974.000	26.000	85.964085	18.0094759	176.366757	132.286312	6.95545557	217.357987	35	19.3739612	5.67501712	177.344285
3	12:25:01	16.72	85.450	28.290	31030.000	26.000	85.489042	17.9099543	175.392142	131.555289	6.91701926	216.156852	35	19.3739612	5.64365660	176.364269
3	12:25:16	16.97	85.630	28.270	31048.000	26.000	85.647032	17.9430533	175.716280	131.798413	6.92980244	216.556326	35	19.3739612	5.65408650	176.690203
3	12:25:31	17.22	85.180	28.320	31067.000	26.000	85.252724	17.8604457	174.907305	131.191630	6.89789850	215.559328	35	19.3739612	5.62805580	175.876744
3	12:25:46	17.47	85.380	28.300	31078.000	26.000	85.410181	17.8934328	175.230348	131.433933	6.91063849	215.957453	35	19.3739612	5.63845046	176.201577
3	12:26:01	17.72	85.080	28.340	31096.000	26.000	85.095622	17.8275329	174.584990	130.949873	6.88518721	215.162100	35	19.3739612	5.61768455	175.552642
3	12:26:16	17.97	84.650	28.390	31129.000	26.000	84.704413	17.7455744	173.782371	130.347857	6.85353396	214.172936	35	19.3739612	5.59185838	174.745574
3	12:26:31	18.22	85.000	28.350	31138.000	26.000	85.017204	17.8111043	174.424104	130.829199	6.87884230	214.963822	35	19.3739612	5.61250768	175.390865
3	12:26:46	18.47	84.610	28.400	31159.000	26.000	84.626434	17.7292380	173.622388	130.227860	6.84722465	213.975770	35	19.3739612	5.58671056	174.584705
3	12:27:01	18.72	84.090	28.460	31192.000	26.000	84.160401	17.6316039	172.666258	129.510702	6.80951731	212.797416	35	19.3739612	5.55594481	173.623275
3	12:27:16	18.97	84.240	28.440	31252.000	26.000	84.315396	17.6640756	172.984252	129.749218	6.82205820	213.189319	35	19.3739612	5.56617704	173.943032
3	12:27:31	19.22	84.110	28.460	31242.000	26.000	84.160401	17.6316039	172.666258	129.510702	6.80951731	212.797416	35	19.3739612	5.55594481	173.623275
3	12:27:46	19.47	84.230	28.450	31302.000	26.000	84.237855	17.6478306	172.825166	129.629893	6.81578424	212.993257	35	19.3739612	5.56105805	173.783064
3	12:28:01	19.72	84.280	28.440	31332.000	26.000	84.315396	17.6640756	172.984252	129.749218	6.82205820	213.189319	35	19.3739612	5.56617704	173.943032
3	12:28:16	19.97	83.290	28.570	31362.000	26.000	83.314107	17.4543055	170.929974	128.208378	6.74104271	210.657585	35	19.3739612	5.50007579	171.877368
3	12:28:31	20.22	84.030	28.470	31364.000	26.000	84.083033	17.6153954	172.507528	129.391644	6.80325741	212.601794	35	19.3739612	5.55083730	173.463666
3	12:28:46	20.47	83.810	28.500	31408.000	26.000	83.851450	17.5668788	172.032405	129.035272	6.78451978	212.016243	35	19.3739612	5.53554911	172.985910
3	12:29:01	20.72	83.020	28.600	31408.000	26.000	83.085102	17.4063289	170.460140	127.855972	6.72251363	210.078551	35	19.3739612	5.48495775	171.404930
3	12:29:16	20.97	83.200	28.580	31446.000	26.000	83.237687	17.4382954	170.773188	128.090778	6.73485945	210.464358	35	19.3739612	5.49503081	171.719713
3	12:29:31	21.22	83.260	28.570	31469.000	26.000	83.314107	17.4543055	170.929974	128.208378	6.74104271	210.657585	35	19.3739612	5.50007579	171.877368
3	12:29:46	21.47	83.180	28.580	31502.000	26.000	83.237687	17.4382954	170.773188	128.090778	6.73485945	210.464358	35	19.3739612	5.49503081	171.719713
3	12:30:01	21.72	82.420	28.680	31520.000	26.000	82.478157	17.2791740	169.214912	126.921972	6.67340502	208.543907	35	19.3739612	5.44488961	170.152800
3	12:30:16	21.97	82.890	28.620	31590.000	26.000	82.932858	17.3744337	170.147790	127.621690	6.71019536	209.693605	35	19.3739612	5.47490716	171.090849
