Chamber	Time/hh:mm:ss	Logtime/min	Oxy/% air sat.	Phase/°	Amp	Temp/°C	% air-sat.	% oxygen	pO2 (hPa)	pO2 (Torr)	cO2 [mg/L]	cO2 [µmol/L]	Salinity	chlorinity	SalCorcO2 [mg/L]	SalCorcO2 [µmol/L]
5	9:53:08	0.00	92.520	28.150	43242.000	22.000	92.546943	19.3885847	191.267083	143.462506	8.06207998	251.939999	35	19.3739612	6.58446917	205.764662
5	9:53:09	0.02	92.790	28.120	43273.000	22.000	92.804181	19.4424760	191.798717	143.861266	8.08448884	252.640276	35	19.3739612	6.60277095	206.336592
5	9:53:23	0.24	92.520	28.150	43286.000	22.000	92.546943	19.3885847	191.267083	143.462506	8.06207998	251.939999	35	19.3739612	6.58446917	205.764662
5	9:53:38	0.49	92.870	28.110	43299.000	22.000	92.890122	19.4604805	191.976330	143.994487	8.09197541	252.874232	35	19.3739612	6.60888539	206.527669
5	9:53:53	0.74	92.810	28.110	43322.000	22.000	92.890122	19.4604805	191.976330	143.994487	8.09197541	252.874232	35	19.3739612	6.60888539	206.527669
5	9:54:08	0.99	92.630	28.140	43313.000	22.000	92.632592	19.4065281	191.444093	143.595275	8.06954113	252.173160	35	19.3739612	6.59056285	205.955089
5	9:54:23	1.24	92.280	28.180	43355.000	22.000	92.290579	19.3348762	190.737252	143.065100	8.03974716	251.242099	35	19.3739612	6.56622949	205.194672
5	9:54:37	1.49	92.410	28.160	43371.000	22.000	92.461392	19.3706616	191.090272	143.329887	8.05462727	251.707102	35	19.3739612	6.57838239	205.574450
5	9:54:53	1.74	92.280	28.180	43388.000	22.000	92.290579	19.3348762	190.737252	143.065100	8.03974716	251.242099	35	19.3739612	6.56622949	205.194672
5	9:55:08	1.99	92.380	28.160	43400.000	22.000	92.461392	19.3706616	191.090272	143.329887	8.05462727	251.707102	35	19.3739612	6.57838239	205.574450
5	9:55:22	2.24	91.980	28.210	43437.000	22.000	92.035083	19.2813498	190.209218	142.669041	8.01749005	250.546564	35	19.3739612	6.54805165	204.626614
5	9:55:37	2.49	92.170	28.190	43459.000	22.000	92.205317	19.3170139	190.561042	142.932931	8.03231973	251.009992	35	19.3739612	6.56016335	205.005105
5	9:55:53	2.74	92.010	28.210	43438.000	22.000	92.035083	19.2813498	190.209218	142.669041	8.01749005	250.546564	35	19.3739612	6.54805165	204.626614
5	9:56:08	2.99	92.170	28.190	43492.000	22.000	92.205317	19.3170139	190.561042	142.932931	8.03231973	251.009992	35	19.3739612	6.56016335	205.005105
5	9:56:22	3.24	92.010	28.210	43528.000	22.000	92.035083	19.2813498	190.209218	142.669041	8.01749005	250.546564	35	19.3739612	6.54805165	204.626614
5	9:56:37	3.49	91.910	28.220	43522.000	22.000	91.950110	19.2635481	190.033605	142.537319	8.01008778	250.315243	35	19.3739612	6.54200606	204.437689
5	9:56:53	3.74	91.960	28.210	43557.000	22.000	92.035083	19.2813498	190.209218	142.669041	8.01749005	250.546564	35	19.3739612	6.54805165	204.626614
5	9:57:08	3.99	91.660	28.250	43550.000	22.000	91.695767	19.2102632	189.507954	142.143047	7.98793111	249.622847	35	19.3739612	6.52391024	203.872195
5	9:57:22	4.24	91.590	28.260	43606.000	22.000	91.611178	19.1925417	189.333132	142.011920	7.98056222	249.392569	35	19.3739612	6.51789191	203.684122
5	9:57:37	4.49	91.720	28.240	43594.000	22.000	91.780452	19.2280048	189.682973	142.274323	7.99530832	249.853385	35	19.3739612	6.52993536	204.060480
5	9:57:53	4.74	91.280	28.290	43645.000	22.000	91.357981	19.1394970	188.809850	141.619425	7.95850540	248.703294	35	19.3739612	6.49987765	203.121176
5	9:58:08	4.99	91.470	28.270	43654.000	22.000	91.526683	19.1748402	189.158508	141.880941	7.97320165	249.162551	35	19.3739612	6.51188038	203.496262
5	9:58:22	5.24	91.390	28.280	43678.000	22.000	91.442285	19.1571586	188.984080	141.750109	7.96584938	248.932793	35	19.3739612	6.50587563	203.308613
5	9:58:38	5.49	91.140	28.310	43722.000	22.000	91.189659	19.1042335	188.461977	141.358498	7.94384226	248.245071	35	19.3739612	6.48790196	202.746936
5	9:58:53	5.74	91.030	28.320	43715.000	22.000	91.105640	19.0866315	188.288335	141.228256	7.93652308	248.016346	35	19.3739612	6.48192423	202.560132
5	9:59:07	5.99	91.190	28.300	43763.000	22.000	91.273772	19.1218553	188.635815	141.488888	7.95116970	248.474053	35	19.3739612	6.49388643	202.933951
5	9:59:23	6.24	90.810	28.350	43753.000	22.000	90.854150	19.0339444	187.768580	140.838407	7.91461496	247.331717	35	19.3739612	6.46403141	202.000981
5	9:59:38	6.49	90.840	28.350	43767.000	22.000	90.854150	19.0339444	187.768580	140.838407	7.91461496	247.331717	35	19.3739612	6.46403141	202.000981
5	9:59:52	6.74	90.970	28.330	43780.000	22.000	91.021715	19.0690493	188.114888	141.098160	7.92921215	247.787880	35	19.3739612	6.47595324	202.373539
5	10:00:08	6.99	90.690	28.360	43779.000	22.000	90.770509	19.0164216	187.595719	140.708749	7.90732868	247.104021	35	19.3739612	6.45808055	201.815017
5	10:00:22	7.24	90.670	28.370	43831.000	22.000	90.686961	18.9989184	187.423051	140.579238	7.90005060	246.876581	35	19.3739612	6.45213639	201.629262
5	10:00:38	7.49	90.460	28.390	43848.000	22.000	90.520149	18.9639711	187.078299	140.320651	7.88551897	246.422468	35	19.3739612	6.44026811	201.258378
5	10:00:53	7.74	90.690	28.360	43872.000	22.000	90.770509	19.0164216	187.595719	140.708749	7.90732868	247.104021	35	19.3739612	6.45808055	201.815017
5	10:01:07	7.99	90.520	28.390	43899.000	22.000	90.520149	18.9639711	187.078299	140.320651	7.88551897	246.422468	35	19.3739612	6.44026811	201.258378
5	10:01:22	8.24	90.270	28.420	43876.000	22.000	90.270632	18.9116973	186.562621	139.933860	7.86378270	245.743209	35	19.3739612	6.42251564	200.703614
5	10:01:38	8.49	90.350	28.410	43932.000	22.000	90.353711	18.9291024	186.734321	140.062646	7.87101998	245.969374	35	19.3739612	6.42842648	200.888327
5	10:01:53	8.74	90.260	28.420	43953.000	22.000	90.270632	18.9116973	186.562621	139.933860	7.86378270	245.743209	35	19.3739612	6.42251564	200.703614
5	10:02:07	8.99	90.240	28.420	43993.000	22.000	90.270632	18.9116973	186.562621	139.933860	7.86378270	245.743209	35	19.3739612	6.42251564	200.703614
5	10:02:23	9.24	90.090	28.440	43970.000	22.000	90.104754	18.8769459	186.219801	139.676723	7.84933249	245.291640	35	19.3739612	6.41071385	200.334808
5	10:02:38	9.49	90.130	28.430	44002.000	22.000	90.187646	18.8943119	186.391115	139.805220	7.85655354	245.517298	35	19.3739612	6.41661143	200.519107
5	10:02:53	9.74	89.810	28.470	44035.000	22.000	89.856634	18.8249648	185.707010	139.292097	7.82771791	244.616185	35	19.3739612	6.39306078	199.783149
5	10:03:08	9.99	89.930	28.460	44038.000	22.000	89.939248	18.8422724	185.877749	139.420162	7.83491469	244.841084	35	19.3739612	6.39893853	199.966829
5	10:03:23	10.24	90.120	28.430	44045.000	22.000	90.187646	18.8943119	186.391115	139.805220	7.85655354	245.517298	35	19.3739612	6.41661143	200.519107
5	10:03:37	10.49	89.990	28.450	44090.000	22.000	90.021954	18.8595994	186.048679	139.548371	7.84211955	245.066236	35	19.3739612	6.40482289	200.150715
5	10:03:53	10.74	89.560	28.500	44107.000	22.000	89.609347	18.7731582	185.195942	138.908764	7.80617593	243.942998	35	19.3739612	6.37546699	199.233343
5	10:04:07	10.99	89.600	28.500	44140.000	22.000	89.609347	18.7731582	185.195942	138.908764	7.80617593	243.942998	35	19.3739612	6.37546699	199.233343
5	10:04:22	11.24	89.450	28.510	44143.000	22.000	89.527103	18.7559280	185.025967	138.781272	7.79901134	243.719105	35	19.3739612	6.36961552	199.050485
5	10:04:37	11.49	89.370	28.520	44187.000	22.000	89.444950	18.7387171	184.856183	138.653923	7.79185478	243.495462	35	19.3739612	6.36377060	198.867831
5	10:04:53	11.74	89.200	28.540	44202.000	22.000	89.280921	18.7043530	184.517184	138.399652	7.77756566	243.048927	35	19.3739612	6.35210038	198.503137
5	10:05:07	11.99	89.330	28.530	44235.000	22.000	89.362890	18.7215255	184.686589	138.526716	7.78470622	243.272069	35	19.3739612	6.35793223	198.685382
5	10:05:23	12.24	88.990	28.570	44243.000	22.000	89.035565	18.6529509	184.010105	138.019311	7.75619184	242.380995	35	19.3739612	6.33464394	197.957623
5	10:05:37	12.49	88.980	28.570	44259.000	22.000	89.035565	18.6529509	184.010105	138.019311	7.75619184	242.380995	35	19.3739612	6.33464394	197.957623
5	10:05:53	12.74	88.850	28.590	44295.000	22.000	88.872451	18.6187785	183.672996	137.766457	7.74198240	241.936950	35	19.3739612	6.32303879	197.594962
5	10:06:07	12.99	88.570	28.620	44354.000	22.000	88.628462	18.5676627	183.168743	137.388235	7.72072767	241.272740	35	19.3739612	6.30567960	197.052488
5	10:06:23	13.24	88.810	28.590	44356.000	22.000	88.872451	18.6187785	183.672996	137.766457	7.74198240	241.936950	35	19.3739612	6.32303879	197.594962
5	10:06:37	13.49	88.740	28.600	44369.000	22.000	88.791030	18.6017209	183.504724	137.640243	7.73488958	241.715299	35	19.3739612	6.31724593	197.413935
5	10:06:52	13.74	88.400	28.640	44371.000	22.000	88.466255	18.5336805	182.833511	137.136790	7.70659733	240.831167	35	19.3739612	6.29413906	196.691846
5	10:07:08	13.99	88.760	28.600	44429.000	22.000	88.791030	18.6017209	183.504724	137.640243	7.73488958	241.715299	35	19.3739612	6.31724593	197.413935
5	10:07:23	14.24	88.280	28.660	44466.000	22.000	88.304411	18.4997740	182.499026	136.885904	7.69249847	240.390577	35	19.3739612	6.28262423	196.332007
5	10:07:38	14.49	88.460	28.640	44440.000	22.000	88.466255	18.5336805	182.833511	137.136790	7.70659733	240.831167	35	19.3739612	6.29413906	196.691846
5	10:07:52	14.74	88.620	28.620	44519.000	22.000	88.628462	18.5676627	183.168743	137.388235	7.72072767	241.272740	35	19.3739612	6.30567960	197.052488
5	10:08:07	14.99	88.680	28.610	44533.000	22.000	88.709701	18.5846823	183.336640	137.514169	7.72780467	241.493896	35	19.3739612	6.31145954	197.233111
5	10:08:22	15.24	88.150	28.670	44559.000	22.000	88.223623	18.4828491	182.332062	136.760671	7.68546082	240.170651	35	19.3739612	6.27687643	196.152389
5	10:08:38	15.49	88.030	28.690	44571.000	22.000	88.062319	18.4490558	181.998693	136.510623	7.67140902	239.731532	35	19.3739612	6.26540003	195.793751
5	10:08:53	15.74	88.030	28.690	44596.000	22.000	88.062319	18.4490558	181.998693	136.510623	7.67140902	239.731532	35	19.3739612	6.26540003	195.793751
5	10:09:08	15.99	87.660	28.740	44655.000	22.000	87.660624	18.3649008	181.168510	135.887933	7.63641606	238.638002	35	19.3739612	6.23682055	194.900642
5	10:09:23	16.24	87.950	28.700	44640.000	22.000	87.981801	18.4321873	181.832287	136.385808	7.66439484	239.512339	35	19.3739612	6.25967141	195.614732
5	10:09:38	16.49	87.960	28.700	44688.000	22.000	87.981801	18.4321873	181.832287	136.385808	7.66439484	239.512339	35	19.3739612	6.25967141	195.614732
5	10:09:53	16.74	87.830	28.710	44709.000	22.000	87.901373	18.4153376	181.666066	136.261132	7.65738847	239.293390	35	19.3739612	6.25394916	195.435911
5	10:10:08	16.99	87.940	28.700	44724.000	22.000	87.981801	18.4321873	181.832287	136.385808	7.66439484	239.512339	35	19.3739612	6.25967141	195.614732
5	10:10:23	17.24	87.660	28.740	44740.000	22.000	87.660624	18.3649008	181.168510	135.887933	7.63641606	238.638002	35	19.3739612	6.23682055	194.900642
5	10:10:38	17.49	87.400	28.770	44763.000	22.000	87.420678	18.3146319	180.672611	135.515977	7.61551346	237.984796	35	19.3739612	6.21974897	194.367155
5	10:10:52	17.74	87.410	28.770	44795.000	22.000	87.420678	18.3146319	180.672611	135.515977	7.61551346	237.984796	35	19.3739612	6.21974897	194.367155
5	10:11:08	17.99	87.360	28.770	44795.000	22.000	87.420678	18.3146319	180.672611	135.515977	7.61551346	237.984796	35	19.3739612	6.21974897	194.367155
5	10:11:23	18.24	87.160	28.800	44862.000	22.000	87.181529	18.2645303	180.178362	135.145259	7.59468039	237.333762	35	19.3739612	6.20273416	193.835443
5	10:11:37	18.49	87.050	28.810	44850.000	22.000	87.101989	18.2478667	180.013977	135.021960	7.58775143	237.117232	35	19.3739612	6.19707514	193.658598
5	10:11:52	18.74	86.990	28.820	44896.000	22.000	87.022538	18.2312217	179.849775	134.898797	7.58083015	236.900942	35	19.3739612	6.19142238	193.481949
5	10:12:08	18.99	87.060	28.810	44929.000	22.000	87.101989	18.2478667	180.013977	135.021960	7.58775143	237.117232	35	19.3739612	6.19707514	193.658598
5	10:12:22	19.24	87.030	28.810	44949.000	22.000	87.101989	18.2478667	180.013977	135.021960	7.58775143	237.117232	35	19.3739612	6.19707514	193.658598
5	10:12:38	19.49	86.820	28.840	44968.000	22.000	86.863899	18.1979868	179.521915	134.652882	7.56701059	236.469081	35	19.3739612	6.18013566	193.129239
5	10:12:52	19.74	86.780	28.850	45025.000	22.000	86.784711	18.1813970	179.358258	134.530129	7.56011229	236.253509	35	19.3739612	6.17450167	192.953177
5	10:13:08	19.99	86.650	28.860	45029.000	22.000	86.705611	18.1648256	179.194782	134.407511	7.55322162	236.038176	35	19.3739612	6.16887391	192.777310
5	10:13:23	20.24	86.830	28.840	45068.000	22.000	86.863899	18.1979868	179.521915	134.652882	7.56701059	236.469081	35	19.3739612	6.18013566	193.129239
5	10:13:38	20.49	86.720	28.850	45052.000	22.000	86.784711	18.1813970	179.358258	134.530129	7.56011229	236.253509	35	19.3739612	6.17450167	192.953177
5	10:13:53	20.74	86.510	28.880	45105.000	22.000	86.547674	18.1317377	178.868372	134.162683	7.53946314	235.608223	35	19.3739612	6.15763708	192.426159
5	10:14:07	20.99	86.210	28.920	45163.000	22.000	86.232845	18.0657811	178.217715	133.674648	7.51203735	234.751167	35	19.3739612	6.13523786	191.726183
