Chamber	Time/hh:mm:ss	Logtime/min	Oxy/% air sat.	Phase/°	Amp	Temp/°C	% air-sat.	% oxygen	pO2 (hPa)	pO2 (Torr)	cO2 [mg/L]	cO2 [µmol/L]	Salinity	chlorinity	SalCorcO2 [mg/L]	SalCorcO2 [µmol/L]
7	10:01:24	0.00	94.580	29.220	34302.000	15.000	94.634792	19.8259890	197.447131	148.097937	9.50746737	297.108355	35	19.3739612	7.67490461	239.840769
7	10:01:38	0.23	94.200	29.270	34317.000	15.000	94.208123	19.7366017	196.556923	147.430224	9.46460208	295.768815	35	19.3739612	7.64030161	238.759425
7	10:01:53	0.48	93.920	29.300	34301.000	15.000	93.953237	19.6832032	196.025128	147.031343	9.43899509	294.968597	35	19.3739612	7.61963036	238.113449
7	10:02:08	0.73	94.490	29.230	34317.000	15.000	94.549272	19.8080724	197.268700	147.964102	9.49887555	296.839861	35	19.3739612	7.66796887	239.624027
7	10:02:23	0.98	94.740	29.200	34322.000	15.000	94.806114	19.8618810	197.804580	148.366046	9.52467922	297.646226	35	19.3739612	7.68879889	240.274965
7	10:02:38	1.23	94.000	29.290	34293.000	15.000	94.038106	19.7009833	196.202199	147.164158	9.44752144	295.235045	35	19.3739612	7.62651325	238.328539
7	10:02:53	1.48	94.480	29.230	34306.000	15.000	94.549272	19.8080724	197.268700	147.964102	9.49887555	296.839861	35	19.3739612	7.66796887	239.624027
7	10:03:08	1.73	94.290	29.260	34305.000	15.000	94.293270	19.7544401	196.734576	147.563475	9.47315641	296.036138	35	19.3739612	7.64720709	238.975221
7	10:03:23	1.98	93.930	29.300	34282.000	15.000	93.953237	19.6832032	196.025128	147.031343	9.43899509	294.968597	35	19.3739612	7.61963036	238.113449
7	10:03:38	2.23	94.180	29.270	34286.000	15.000	94.208123	19.7366017	196.556923	147.430224	9.46460208	295.768815	35	19.3739612	7.64030161	238.759425
7	10:03:53	2.48	94.040	29.280	34306.000	15.000	94.123068	19.7187828	196.379464	147.297118	9.45605710	295.501784	35	19.3739612	7.63340367	238.543865
7	10:04:08	2.73	94.040	29.280	34294.000	15.000	94.123068	19.7187828	196.379464	147.297118	9.45605710	295.501784	35	19.3739612	7.63340367	238.543865
7	10:04:23	2.98	94.160	29.270	34306.000	15.000	94.208123	19.7366017	196.556923	147.430224	9.46460208	295.768815	35	19.3739612	7.64030161	238.759425
7	10:04:38	3.23	94.460	29.240	34292.000	15.000	94.463844	19.7901754	197.090464	147.830414	9.49029313	296.571660	35	19.3739612	7.66104071	239.407522
7	10:04:53	3.48	93.970	29.290	34329.000	15.000	94.038106	19.7009833	196.202199	147.164158	9.44752144	295.235045	35	19.3739612	7.62651325	238.328539
7	10:05:08	3.73	93.760	29.320	34319.000	15.000	93.783777	19.6477013	195.671564	146.766148	9.42197029	294.436571	35	19.3739612	7.60588708	237.683971
7	10:05:23	3.98	94.060	29.280	34296.000	15.000	94.123068	19.7187828	196.379464	147.297118	9.45605710	295.501784	35	19.3739612	7.63340367	238.543865
7	10:05:38	4.23	93.790	29.310	34310.000	15.000	93.868461	19.6654426	195.848249	146.898673	9.43047804	294.702439	35	19.3739612	7.61275497	237.898593
7	10:05:53	4.48	93.690	29.330	34325.000	15.000	93.699185	19.6299793	195.495071	146.633767	9.41347180	294.170994	35	19.3739612	7.59902668	237.469584
7	10:06:08	4.73	94.400	29.240	34318.000	15.000	94.463844	19.7901754	197.090464	147.830414	9.49029313	296.571660	35	19.3739612	7.66104071	239.407522
7	10:06:23	4.98	93.820	29.310	34332.000	15.000	93.868461	19.6654426	195.848249	146.898673	9.43047804	294.702439	35	19.3739612	7.61275497	237.898593
7	10:06:38	5.23	93.940	29.300	34325.000	15.000	93.953237	19.6832032	196.025128	147.031343	9.43899509	294.968597	35	19.3739612	7.61963036	238.113449
7	10:06:53	5.48	94.020	29.290	34327.000	15.000	94.038106	19.7009833	196.202199	147.164158	9.44752144	295.235045	35	19.3739612	7.62651325	238.328539
7	10:07:08	5.73	93.880	29.300	34337.000	15.000	93.953237	19.6832032	196.025128	147.031343	9.43899509	294.968597	35	19.3739612	7.61963036	238.113449
7	10:07:23	5.98	93.800	29.310	34317.000	15.000	93.868461	19.6654426	195.848249	146.898673	9.43047804	294.702439	35	19.3739612	7.61275497	237.898593
7	10:07:38	6.23	93.860	29.310	34334.000	15.000	93.868461	19.6654426	195.848249	146.898673	9.43047804	294.702439	35	19.3739612	7.61275497	237.898593
7	10:07:53	6.48	93.790	29.310	34320.000	15.000	93.868461	19.6654426	195.848249	146.898673	9.43047804	294.702439	35	19.3739612	7.61275497	237.898593
7	10:08:08	6.73	93.970	29.290	34301.000	15.000	94.038106	19.7009833	196.202199	147.164158	9.44752144	295.235045	35	19.3739612	7.62651325	238.328539
7	10:08:23	6.98	94.190	29.270	34318.000	15.000	94.208123	19.7366017	196.556923	147.430224	9.46460208	295.768815	35	19.3739612	7.64030161	238.759425
7	10:08:38	7.23	93.850	29.310	34298.000	15.000	93.868461	19.6654426	195.848249	146.898673	9.43047804	294.702439	35	19.3739612	7.61275497	237.898593
7	10:08:53	7.48	94.280	29.260	34333.000	15.000	94.293270	19.7544401	196.734576	147.563475	9.47315641	296.036138	35	19.3739612	7.64720709	238.975221
7	10:09:08	7.73	93.940	29.300	34344.000	15.000	93.953237	19.6832032	196.025128	147.031343	9.43899509	294.968597	35	19.3739612	7.61963036	238.113449
7	10:09:23	7.98	94.010	29.290	34312.000	15.000	94.038106	19.7009833	196.202199	147.164158	9.44752144	295.235045	35	19.3739612	7.62651325	238.328539
7	10:09:38	8.23	93.890	29.300	34312.000	15.000	93.953237	19.6832032	196.025128	147.031343	9.43899509	294.968597	35	19.3739612	7.61963036	238.113449
7	10:09:53	8.48	93.870	29.300	34336.000	15.000	93.953237	19.6832032	196.025128	147.031343	9.43899509	294.968597	35	19.3739612	7.61963036	238.113449
7	10:10:08	8.73	93.740	29.320	34326.000	15.000	93.783777	19.6477013	195.671564	146.766148	9.42197029	294.436571	35	19.3739612	7.60588708	237.683971
7	10:10:23	8.98	94.120	29.280	34327.000	15.000	94.123068	19.7187828	196.379464	147.297118	9.45605710	295.501784	35	19.3739612	7.63340367	238.543865
7	10:10:38	9.23	93.910	29.300	34353.000	15.000	93.953237	19.6832032	196.025128	147.031343	9.43899509	294.968597	35	19.3739612	7.61963036	238.113449
7	10:10:53	9.48	93.810	29.310	34339.000	15.000	93.868461	19.6654426	195.848249	146.898673	9.43047804	294.702439	35	19.3739612	7.61275497	237.898593
7	10:11:08	9.73	94.170	29.270	34341.000	15.000	94.208123	19.7366017	196.556923	147.430224	9.46460208	295.768815	35	19.3739612	7.64030161	238.759425
7	10:11:23	9.98	93.600	29.340	34334.000	15.000	93.614686	19.6122767	195.318770	146.501530	9.40498257	293.905705	35	19.3739612	7.59217375	237.255430
7	10:11:38	10.23	93.780	29.320	34361.000	15.000	93.783777	19.6477013	195.671564	146.766148	9.42197029	294.436571	35	19.3739612	7.60588708	237.683971
7	10:11:53	10.48	93.620	29.330	34357.000	15.000	93.699185	19.6299793	195.495071	146.633767	9.41347180	294.170994	35	19.3739612	7.59902668	237.469584
7	10:12:08	10.73	93.520	29.350	34346.000	15.000	93.530278	19.5945933	195.142661	146.369437	9.39650260	293.640706	35	19.3739612	7.58532828	237.041509
7	10:12:23	10.98	93.520	29.350	34376.000	15.000	93.530278	19.5945933	195.142661	146.369437	9.39650260	293.640706	35	19.3739612	7.58532828	237.041509
7	10:12:38	11.23	93.770	29.320	34318.000	15.000	93.783777	19.6477013	195.671564	146.766148	9.42197029	294.436571	35	19.3739612	7.60588708	237.683971
7	10:12:53	11.48	93.640	29.330	34316.000	15.000	93.699185	19.6299793	195.495071	146.633767	9.41347180	294.170994	35	19.3739612	7.59902668	237.469584
7	10:13:08	11.73	93.870	29.300	34342.000	15.000	93.953237	19.6832032	196.025128	147.031343	9.43899509	294.968597	35	19.3739612	7.61963036	238.113449
7	10:13:23	11.98	93.890	29.300	34319.000	15.000	93.953237	19.6832032	196.025128	147.031343	9.43899509	294.968597	35	19.3739612	7.61963036	238.113449
7	10:13:38	12.23	93.600	29.340	34335.000	15.000	93.614686	19.6122767	195.318770	146.501530	9.40498257	293.905705	35	19.3739612	7.59217375	237.255430
7	10:13:53	12.48	93.840	29.310	34326.000	15.000	93.868461	19.6654426	195.848249	146.898673	9.43047804	294.702439	35	19.3739612	7.61275497	237.898593
7	10:14:08	12.73	93.910	29.300	34358.000	15.000	93.953237	19.6832032	196.025128	147.031343	9.43899509	294.968597	35	19.3739612	7.61963036	238.113449
7	10:14:23	12.98	93.640	29.330	34332.000	15.000	93.699185	19.6299793	195.495071	146.633767	9.41347180	294.170994	35	19.3739612	7.59902668	237.469584
7	10:14:38	13.23	94.110	29.280	34341.000	15.000	94.123068	19.7187828	196.379464	147.297118	9.45605710	295.501784	35	19.3739612	7.63340367	238.543865
7	10:14:53	13.48	93.390	29.360	34360.000	15.000	93.445963	19.5769292	194.966744	146.237488	9.38803185	293.375995	35	19.3739612	7.57849028	236.827821
7	10:15:08	13.73	93.540	29.340	34318.000	15.000	93.614686	19.6122767	195.318770	146.501530	9.40498257	293.905705	35	19.3739612	7.59217375	237.255430
7	10:15:23	13.98	93.820	29.310	34331.000	15.000	93.868461	19.6654426	195.848249	146.898673	9.43047804	294.702439	35	19.3739612	7.61275497	237.898593
7	10:15:38	14.23	93.470	29.350	34319.000	15.000	93.530278	19.5945933	195.142661	146.369437	9.39650260	293.640706	35	19.3739612	7.58532828	237.041509
7	10:15:53	14.48	93.290	29.370	34307.000	15.000	93.361739	19.5592844	194.791019	146.105683	9.37957033	293.111573	35	19.3739612	7.57165971	236.614366
7	10:16:08	14.73	93.330	29.370	34318.000	15.000	93.361739	19.5592844	194.791019	146.105683	9.37957033	293.111573	35	19.3739612	7.57165971	236.614366
7	10:16:23	14.98	93.360	29.370	34301.000	15.000	93.361739	19.5592844	194.791019	146.105683	9.37957033	293.111573	35	19.3739612	7.57165971	236.614366
7	10:16:38	15.23	93.580	29.340	34310.000	15.000	93.614686	19.6122767	195.318770	146.501530	9.40498257	293.905705	35	19.3739612	7.59217375	237.255430
7	10:16:53	15.48	93.550	29.340	34283.000	15.000	93.614686	19.6122767	195.318770	146.501530	9.40498257	293.905705	35	19.3739612	7.59217375	237.255430
7	10:17:08	15.73	93.480	29.350	34304.000	15.000	93.530278	19.5945933	195.142661	146.369437	9.39650260	293.640706	35	19.3739612	7.58532828	237.041509
7	10:17:23	15.98	93.570	29.340	34272.000	15.000	93.614686	19.6122767	195.318770	146.501530	9.40498257	293.905705	35	19.3739612	7.59217375	237.255430
7	10:17:38	16.23	93.590	29.340	34278.000	15.000	93.614686	19.6122767	195.318770	146.501530	9.40498257	293.905705	35	19.3739612	7.59217375	237.255430
7	10:17:53	16.48	93.950	29.300	34264.000	15.000	93.953237	19.6832032	196.025128	147.031343	9.43899509	294.968597	35	19.3739612	7.61963036	238.113449
7	10:18:08	16.73	92.870	29.420	34266.000	15.000	92.941993	19.4713475	193.915255	145.448805	9.33740059	291.793768	35	19.3739612	7.53761818	235.550568
7	10:18:23	16.98	93.580	29.340	34285.000	15.000	93.614686	19.6122767	195.318770	146.501530	9.40498257	293.905705	35	19.3739612	7.59217375	237.255430
7	10:18:38	17.23	93.580	29.340	34255.000	15.000	93.614686	19.6122767	195.318770	146.501530	9.40498257	293.905705	35	19.3739612	7.59217375	237.255430
7	10:18:53	17.48	93.170	29.390	34276.000	15.000	93.193567	19.5240522	194.440142	145.842503	9.36267490	292.583591	35	19.3739612	7.55802087	236.188152
7	10:19:08	17.73	93.620	29.330	34278.000	15.000	93.699185	19.6299793	195.495071	146.633767	9.41347180	294.170994	35	19.3739612	7.59902668	237.469584
7	10:19:23	17.98	92.900	29.420	34289.000	15.000	92.941993	19.4713475	193.915255	145.448805	9.33740059	291.793768	35	19.3739612	7.53761818	235.550568
7	10:19:38	18.23	93.150	29.390	34283.000	15.000	93.193567	19.5240522	194.440142	145.842503	9.36267490	292.583591	35	19.3739612	7.55802087	236.188152
7	10:19:53	18.48	93.390	29.360	34271.000	15.000	93.445963	19.5769292	194.966744	146.237488	9.38803185	293.375995	35	19.3739612	7.57849028	236.827821
7	10:20:08	18.73	93.100	29.400	34287.000	15.000	93.109617	19.5064649	194.264989	145.711127	9.35424097	292.320030	35	19.3739612	7.55121258	235.975393
7	10:20:23	18.98	93.530	29.340	34274.000	15.000	93.614686	19.6122767	195.318770	146.501530	9.40498257	293.905705	35	19.3739612	7.59217375	237.255430
7	10:20:38	19.23	92.830	29.430	34284.000	15.000	92.858317	19.4538175	193.740673	145.317857	9.32899413	291.531066	35	19.3739612	7.53083206	235.338502
7	10:20:53	19.48	93.330	29.370	34321.000	15.000	93.361739	19.5592844	194.791019	146.105683	9.37957033	293.111573	35	19.3739612	7.57165971	236.614366
7	10:21:08	19.73	93.470	29.350	34295.000	15.000	93.530278	19.5945933	195.142661	146.369437	9.39650260	293.640706	35	19.3739612	7.58532828	237.041509
