Chamber	Time/hh:mm:ss	Logtime/min	Oxy/% air sat.	Phase/°	Amp	Temp/°C	% air-sat.	% oxygen	pO2 (hPa)	pO2 (Torr)	cO2 [mg/L]	cO2 [µmol/L]	Salinity	chlorinity	SalCorcO2 [mg/L]	SalCorcO2 [µmol/L]
3	12:18:49	0.00	94.260	29.850	36840.000	12.000	94.311705	19.7583023	197.372449	148.041920	10.13142496	316.607030	35	19.3739612	8.11945148	253.732859
3	12:19:02	0.22	94.160	29.860	36832.000	12.000	94.227513	19.7406640	197.196253	147.909762	10.12238060	316.324394	35	19.3739612	8.11220321	253.506350
3	12:19:17	0.47	94.710	29.800	36802.000	12.000	94.734025	19.8467782	198.256265	148.704838	10.17679257	318.024768	35	19.3739612	8.15580965	254.869052
3	12:19:32	0.72	94.370	29.840	36837.000	12.000	94.395988	19.7759595	197.548833	148.174219	10.14047902	316.889969	35	19.3739612	8.12670752	253.959610
3	12:19:47	0.97	93.840	29.900	36837.000	12.000	93.891644	19.6702994	196.493358	147.382546	10.08629992	315.196872	35	19.3739612	8.08328771	252.602741
3	12:20:02	1.22	94.420	29.830	36805.000	12.000	94.480361	19.7936357	197.725406	148.306661	10.14954280	317.173212	35	19.3739612	8.13397134	254.186605
3	12:20:17	1.47	94.120	29.870	36798.000	12.000	94.143411	19.7230445	197.020247	147.777746	10.11334593	316.042060	35	19.3739612	8.10496272	253.280085
3	12:20:32	1.72	94.030	29.880	36816.000	12.000	94.059399	19.7054440	196.844429	147.645872	10.10432093	315.760029	35	19.3739612	8.09772997	253.054062
3	12:20:47	1.97	93.950	29.890	36809.000	12.000	93.975476	19.6878623	196.668800	147.514138	10.09530560	315.478300	35	19.3739612	8.09050497	252.828280
3	12:21:02	2.22	94.100	29.870	36844.000	12.000	94.143411	19.7230445	197.020247	147.777746	10.11334593	316.042060	35	19.3739612	8.10496272	253.280085
3	12:21:17	2.47	94.460	29.830	36831.000	12.000	94.480361	19.7936357	197.725406	148.306661	10.14954280	317.173212	35	19.3739612	8.13397134	254.186605
3	12:21:32	2.72	94.260	29.850	36837.000	12.000	94.311705	19.7583023	197.372449	148.041920	10.13142496	316.607030	35	19.3739612	8.11945148	253.732859
3	12:21:47	2.97	94.410	29.830	36838.000	12.000	94.480361	19.7936357	197.725406	148.306661	10.14954280	317.173212	35	19.3739612	8.13397134	254.186605
3	12:22:02	3.22	94.160	29.860	36812.000	12.000	94.227513	19.7406640	197.196253	147.909762	10.12238060	316.324394	35	19.3739612	8.11220321	253.506350
3	12:22:17	3.47	94.290	29.850	36842.000	12.000	94.311705	19.7583023	197.372449	148.041920	10.13142496	316.607030	35	19.3739612	8.11945148	253.732859
3	12:22:32	3.72	94.170	29.860	36848.000	12.000	94.227513	19.7406640	197.196253	147.909762	10.12238060	316.324394	35	19.3739612	8.11220321	253.506350
3	12:22:47	3.97	94.450	29.830	36801.000	12.000	94.480361	19.7936357	197.725406	148.306661	10.14954280	317.173212	35	19.3739612	8.13397134	254.186605
3	12:23:02	4.22	94.530	29.820	36857.000	12.000	94.564825	19.8113308	197.902169	148.439244	10.15861631	317.456760	35	19.3739612	8.14124297	254.413843
3	12:23:17	4.47	93.240	29.970	36833.000	12.000	93.307322	19.5478840	195.270508	146.465331	10.02352920	313.235288	35	19.3739612	8.03298246	251.030702
3	12:23:32	4.72	94.750	29.790	36830.000	12.000	94.818761	19.8645304	198.433598	148.837850	10.18589535	318.309230	35	19.3739612	8.16310474	255.097023
3	12:23:47	4.97	93.770	29.910	36834.000	12.000	93.807901	19.6527553	196.318104	147.251095	10.07730387	314.915746	35	19.3739612	8.07607816	252.377443
3	12:24:02	5.22	94.720	29.800	36833.000	12.000	94.734025	19.8467782	198.256265	148.704838	10.17679257	318.024768	35	19.3739612	8.15580965	254.869052
3	12:24:17	5.47	93.750	29.910	36838.000	12.000	93.807901	19.6527553	196.318104	147.251095	10.07730387	314.915746	35	19.3739612	8.07607816	252.377443
3	12:24:32	5.72	94.250	29.850	36824.000	12.000	94.311705	19.7583023	197.372449	148.041920	10.13142496	316.607030	35	19.3739612	8.11945148	253.732859
3	12:24:47	5.97	94.440	29.830	36828.000	12.000	94.480361	19.7936357	197.725406	148.306661	10.14954280	317.173212	35	19.3739612	8.13397134	254.186605
3	12:25:02	6.22	94.260	29.850	36828.000	12.000	94.311705	19.7583023	197.372449	148.041920	10.13142496	316.607030	35	19.3739612	8.11945148	253.732859
3	12:25:17	6.47	94.200	29.860	36824.000	12.000	94.227513	19.7406640	197.196253	147.909762	10.12238060	316.324394	35	19.3739612	8.11220321	253.506350
3	12:25:32	6.72	94.490	29.820	36826.000	12.000	94.564825	19.8113308	197.902169	148.439244	10.15861631	317.456760	35	19.3739612	8.14124297	254.413843
3	12:25:47	6.97	94.340	29.840	36842.000	12.000	94.395988	19.7759595	197.548833	148.174219	10.14047902	316.889969	35	19.3739612	8.12670752	253.959610
3	12:26:02	7.22	94.210	29.860	36820.000	12.000	94.227513	19.7406640	197.196253	147.909762	10.12238060	316.324394	35	19.3739612	8.11220321	253.506350
3	12:26:17	7.47	94.100	29.870	36835.000	12.000	94.143411	19.7230445	197.020247	147.777746	10.11334593	316.042060	35	19.3739612	8.10496272	253.280085
3	12:26:32	7.72	94.140	29.870	36828.000	12.000	94.143411	19.7230445	197.020247	147.777746	10.11334593	316.042060	35	19.3739612	8.10496272	253.280085
3	12:26:47	7.97	94.420	29.830	36824.000	12.000	94.480361	19.7936357	197.725406	148.306661	10.14954280	317.173212	35	19.3739612	8.13397134	254.186605
3	12:27:02	8.22	94.440	29.830	36813.000	12.000	94.480361	19.7936357	197.725406	148.306661	10.14954280	317.173212	35	19.3739612	8.13397134	254.186605
3	12:27:17	8.47	94.110	29.870	36841.000	12.000	94.143411	19.7230445	197.020247	147.777746	10.11334593	316.042060	35	19.3739612	8.10496272	253.280085
3	12:27:32	8.72	94.050	29.880	36814.000	12.000	94.059399	19.7054440	196.844429	147.645872	10.10432093	315.760029	35	19.3739612	8.09772997	253.054062
3	12:27:47	8.97	94.000	29.880	36834.000	12.000	94.059399	19.7054440	196.844429	147.645872	10.10432093	315.760029	35	19.3739612	8.09772997	253.054062
3	12:28:02	9.22	94.200	29.860	36826.000	12.000	94.227513	19.7406640	197.196253	147.909762	10.12238060	316.324394	35	19.3739612	8.11220321	253.506350
3	12:28:17	9.47	94.420	29.830	36837.000	12.000	94.480361	19.7936357	197.725406	148.306661	10.14954280	317.173212	35	19.3739612	8.13397134	254.186605
3	12:28:32	9.72	94.460	29.830	36841.000	12.000	94.480361	19.7936357	197.725406	148.306661	10.14954280	317.173212	35	19.3739612	8.13397134	254.186605
3	12:28:47	9.97	94.490	29.820	36901.000	12.000	94.564825	19.8113308	197.902169	148.439244	10.15861631	317.456760	35	19.3739612	8.14124297	254.413843
3	12:29:02	10.22	94.390	29.840	36838.000	12.000	94.395988	19.7759595	197.548833	148.174219	10.14047902	316.889969	35	19.3739612	8.12670752	253.959610
3	12:29:17	10.47	94.560	29.820	36857.000	12.000	94.564825	19.8113308	197.902169	148.439244	10.15861631	317.456760	35	19.3739612	8.14124297	254.413843
3	12:29:32	10.72	94.490	29.820	36852.000	12.000	94.564825	19.8113308	197.902169	148.439244	10.15861631	317.456760	35	19.3739612	8.14124297	254.413843
3	12:29:47	10.97	93.610	29.930	36835.000	12.000	93.640685	19.6177234	195.968159	146.988613	10.05934064	314.354395	35	19.3739612	8.06168220	251.927569
3	12:30:02	11.22	94.170	29.860	36846.000	12.000	94.227513	19.7406640	197.196253	147.909762	10.12238060	316.324394	35	19.3739612	8.11220321	253.506350
3	12:30:17	11.47	94.300	29.850	36863.000	12.000	94.311705	19.7583023	197.372449	148.041920	10.13142496	316.607030	35	19.3739612	8.11945148	253.732859
3	12:30:32	11.72	94.320	29.840	36845.000	12.000	94.395988	19.7759595	197.548833	148.174219	10.14047902	316.889969	35	19.3739612	8.12670752	253.959610
3	12:30:47	11.97	94.510	29.820	36808.000	12.000	94.564825	19.8113308	197.902169	148.439244	10.15861631	317.456760	35	19.3739612	8.14124297	254.413843
3	12:31:02	12.22	94.180	29.860	36871.000	12.000	94.227513	19.7406640	197.196253	147.909762	10.12238060	316.324394	35	19.3739612	8.11220321	253.506350
3	12:31:17	12.47	94.850	29.780	36840.000	12.000	94.903588	19.8823017	198.611122	148.971004	10.19500792	318.593997	35	19.3739612	8.17040766	255.325239
3	12:31:32	12.72	94.550	29.820	36810.000	12.000	94.564825	19.8113308	197.902169	148.439244	10.15861631	317.456760	35	19.3739612	8.14124297	254.413843
3	12:31:47	12.97	94.420	29.830	36869.000	12.000	94.480361	19.7936357	197.725406	148.306661	10.14954280	317.173212	35	19.3739612	8.13397134	254.186605
3	12:32:02	13.22	94.740	29.790	36876.000	12.000	94.818761	19.8645304	198.433598	148.837850	10.18589535	318.309230	35	19.3739612	8.16310474	255.097023
3	12:32:17	13.47	94.070	29.870	36858.000	12.000	94.143411	19.7230445	197.020247	147.777746	10.11334593	316.042060	35	19.3739612	8.10496272	253.280085
3	12:32:32	13.72	94.270	29.850	36859.000	12.000	94.311705	19.7583023	197.372449	148.041920	10.13142496	316.607030	35	19.3739612	8.11945148	253.732859
3	12:32:47	13.97	94.660	29.800	36877.000	12.000	94.734025	19.8467782	198.256265	148.704838	10.17679257	318.024768	35	19.3739612	8.15580965	254.869052
3	12:33:02	14.22	94.200	29.860	36865.000	12.000	94.227513	19.7406640	197.196253	147.909762	10.12238060	316.324394	35	19.3739612	8.11220321	253.506350
3	12:33:17	14.47	94.120	29.870	36854.000	12.000	94.143411	19.7230445	197.020247	147.777746	10.11334593	316.042060	35	19.3739612	8.10496272	253.280085
3	12:33:32	14.72	94.240	29.850	36818.000	12.000	94.311705	19.7583023	197.372449	148.041920	10.13142496	316.607030	35	19.3739612	8.11945148	253.732859
3	12:33:47	14.97	94.260	29.850	36862.000	12.000	94.311705	19.7583023	197.372449	148.041920	10.13142496	316.607030	35	19.3739612	8.11945148	253.732859
3	12:34:02	15.22	93.830	29.900	36838.000	12.000	93.891644	19.6702994	196.493358	147.382546	10.08629992	315.196872	35	19.3739612	8.08328771	252.602741
3	12:34:17	15.47	94.320	29.840	36869.000	12.000	94.395988	19.7759595	197.548833	148.174219	10.14047902	316.889969	35	19.3739612	8.12670752	253.959610
3	12:34:32	15.72	94.100	29.870	36803.000	12.000	94.143411	19.7230445	197.020247	147.777746	10.11334593	316.042060	35	19.3739612	8.10496272	253.280085
3	12:34:47	15.97	94.080	29.870	36863.000	12.000	94.143411	19.7230445	197.020247	147.777746	10.11334593	316.042060	35	19.3739612	8.10496272	253.280085
3	12:35:02	16.22	93.820	29.900	36844.000	12.000	93.891644	19.6702994	196.493358	147.382546	10.08629992	315.196872	35	19.3739612	8.08328771	252.602741
3	12:35:17	16.47	93.540	29.940	36842.000	12.000	93.557210	19.6002356	195.793466	146.857583	10.05037342	314.074169	35	19.3739612	8.05449575	251.702992
3	12:35:32	16.72	94.330	29.840	36844.000	12.000	94.395988	19.7759595	197.548833	148.174219	10.14047902	316.889969	35	19.3739612	8.12670752	253.959610
3	12:35:47	16.97	94.000	29.880	36862.000	12.000	94.059399	19.7054440	196.844429	147.645872	10.10432093	315.760029	35	19.3739612	8.09772997	253.054062
3	12:36:02	17.22	93.840	29.900	36833.000	12.000	93.891644	19.6702994	196.493358	147.382546	10.08629992	315.196872	35	19.3739612	8.08328771	252.602741
3	12:36:17	17.47	94.240	29.850	36849.000	12.000	94.311705	19.7583023	197.372449	148.041920	10.13142496	316.607030	35	19.3739612	8.11945148	253.732859
3	12:36:32	17.72	94.280	29.850	36847.000	12.000	94.311705	19.7583023	197.372449	148.041920	10.13142496	316.607030	35	19.3739612	8.11945148	253.732859
3	12:36:47	17.97	93.540	29.940	36888.000	12.000	93.557210	19.6002356	195.793466	146.857583	10.05037342	314.074169	35	19.3739612	8.05449575	251.702992
3	12:37:02	18.22	94.350	29.840	36870.000	12.000	94.395988	19.7759595	197.548833	148.174219	10.14047902	316.889969	35	19.3739612	8.12670752	253.959610
3	12:37:17	18.47	93.750	29.910	36852.000	12.000	93.807901	19.6527553	196.318104	147.251095	10.07730387	314.915746	35	19.3739612	8.07607816	252.377443
3	12:37:32	18.73	94.160	29.860	36879.000	12.000	94.227513	19.7406640	197.196253	147.909762	10.12238060	316.324394	35	19.3739612	8.11220321	253.506350
3	12:37:47	18.97	94.590	29.810	36890.000	12.000	94.649379	19.8290450	198.079122	148.571970	10.16769956	317.740611	35	19.3739612	8.14852240	254.641325
3	12:38:02	19.22	93.600	29.930	36864.000	12.000	93.640685	19.6177234	195.968159	146.988613	10.05934064	314.354395	35	19.3739612	8.06168220	251.927569
