Chamber	Time/hh:mm:ss	Logtime/min	Oxy/% air sat.	Phase/°	Amp	Temp/°C	% air-sat.	% oxygen	pO2 (hPa)	pO2 (Torr)	cO2 [mg/L]	cO2 [µmol/L]	Salinity	chlorinity	SalCorcO2 [mg/L]	SalCorcO2 [µmol/L]
2	8:53:36	0.00	95.110	28.590	16379.000	18.000	95.127062	19.9291195	197.757930	148.331056	8.97006802	280.314626	35	19.3739612	7.28722616	227.725818
2	8:53:51	0.25	94.700	28.630	16370.000	18.000	94.779319	19.8562674	197.035015	147.788823	8.93727741	279.289919	35	19.3739612	7.26058728	226.893352
2	8:54:06	0.50	95.310	28.560	16333.000	18.000	95.388890	19.9839724	198.302240	148.739323	8.99475726	281.086164	35	19.3739612	7.30728354	228.352611
2	8:54:21	0.75	95.170	28.580	16362.000	18.000	95.214240	19.9473834	197.939164	148.466993	8.97828857	280.571518	35	19.3739612	7.29390449	227.934515
2	8:54:36	1.00	94.200	28.690	16352.000	18.000	94.260605	19.7475967	195.956668	146.979994	8.88836487	277.761402	35	19.3739612	7.22085104	225.651595
2	8:54:51	1.25	95.810	28.510	16358.000	18.000	95.827226	20.0758038	199.213488	149.422817	9.03609043	282.377826	35	19.3739612	7.34086235	229.401948
2	8:55:06	1.50	96.660	28.410	16371.000	18.000	96.711296	20.2610165	201.051366	150.801343	9.11945441	284.982950	35	19.3739612	7.40858672	231.518335
2	8:55:21	1.75	94.500	28.660	16337.000	18.000	94.519529	19.8018412	196.494940	147.383733	8.91278027	278.524383	35	19.3739612	7.24068596	226.271436
2	8:55:36	2.00	94.880	28.610	16327.000	18.000	94.952997	19.8926528	197.396069	148.059637	8.95365442	279.801701	35	19.3739612	7.27389186	227.309121
2	8:55:51	2.25	95.120	28.590	16347.000	18.000	95.127062	19.9291195	197.757930	148.331056	8.97006802	280.314626	35	19.3739612	7.28722616	227.725818
2	8:56:06	2.50	96.230	28.460	16360.000	18.000	96.268022	20.1681506	200.129852	150.110148	9.07765559	283.676737	35	19.3739612	7.37462962	230.457176
2	8:56:21	2.75	94.150	28.700	16319.000	18.000	94.174489	19.7295554	195.777643	146.845714	8.88024450	277.507641	35	19.3739612	7.21425411	225.445441
2	8:56:36	3.00	96.330	28.450	16308.000	18.000	96.356478	20.1866821	200.313741	150.248077	9.08599661	283.937394	35	19.3739612	7.38140581	230.668932
2	8:56:51	3.25	94.740	28.630	16358.000	18.000	94.779319	19.8562674	197.035015	147.788823	8.93727741	279.289919	35	19.3739612	7.26058728	226.893352
2	8:57:06	3.50	95.130	28.580	16322.000	18.000	95.214240	19.9473834	197.939164	148.466993	8.97828857	280.571518	35	19.3739612	7.29390449	227.934515
2	8:57:21	3.75	95.130	28.580	16299.000	18.000	95.214240	19.9473834	197.939164	148.466993	8.97828857	280.571518	35	19.3739612	7.29390449	227.934515
2	8:57:36	4.00	95.310	28.560	16332.000	18.000	95.388890	19.9839724	198.302240	148.739323	8.99475726	281.086164	35	19.3739612	7.30728354	228.352611
2	8:57:51	4.25	94.320	28.680	16294.000	18.000	94.346816	19.7656580	196.135892	147.114424	8.89649427	278.015446	35	19.3739612	7.22745532	225.857979
2	8:58:06	4.50	95.940	28.490	16306.000	18.000	96.003248	20.1126805	199.579418	149.697288	9.05268856	282.896518	35	19.3739612	7.35434657	229.823330
2	8:58:21	4.75	94.900	28.610	16293.000	18.000	94.952997	19.8926528	197.396069	148.059637	8.95365442	279.801701	35	19.3739612	7.27389186	227.309121
2	8:58:36	5.00	95.610	28.530	16335.000	18.000	95.651597	20.0390096	198.848377	149.148961	9.01952941	281.860294	35	19.3739612	7.32740829	228.981509
2	8:58:51	5.25	96.240	28.460	16265.000	18.000	96.268022	20.1681506	200.129852	150.110148	9.07765559	283.676737	35	19.3739612	7.37462962	230.457176
2	8:59:06	5.50	95.840	28.500	16338.000	18.000	95.915188	20.0942318	199.396351	149.559976	9.04438485	282.637026	35	19.3739612	7.34760068	229.612521
2	8:59:21	5.75	95.100	28.590	16324.000	18.000	95.127062	19.9291195	197.757930	148.331056	8.97006802	280.314626	35	19.3739612	7.28722616	227.725818
2	8:59:36	6.00	95.830	28.500	16317.000	18.000	95.915188	20.0942318	199.396351	149.559976	9.04438485	282.637026	35	19.3739612	7.34760068	229.612521
2	8:59:51	6.25	95.580	28.530	16271.000	18.000	95.651597	20.0390096	198.848377	149.148961	9.01952941	281.860294	35	19.3739612	7.32740829	228.981509
2	9:00:06	6.50	95.200	28.580	16301.000	18.000	95.214240	19.9473834	197.939164	148.466993	8.97828857	280.571518	35	19.3739612	7.29390449	227.934515
2	9:00:21	6.75	94.900	28.610	16285.000	18.000	94.952997	19.8926528	197.396069	148.059637	8.95365442	279.801701	35	19.3739612	7.27389186	227.309121
2	9:00:36	7.00	94.620	28.640	16292.000	18.000	94.692626	19.8381051	196.854789	147.653642	8.92910259	279.034456	35	19.3739612	7.25394611	226.685816
2	9:00:51	7.25	94.940	28.610	16287.000	18.000	94.952997	19.8926528	197.396069	148.059637	8.95365442	279.801701	35	19.3739612	7.27389186	227.309121
2	9:01:06	7.50	95.560	28.540	16309.000	18.000	95.563930	20.0206434	198.666128	149.012262	9.01126279	281.601962	35	19.3739612	7.32069254	228.771642
2	9:01:21	7.75	95.460	28.550	16306.000	18.000	95.476361	20.0022976	198.484082	148.875716	9.00300541	281.343919	35	19.3739612	7.31398429	228.562009
2	9:01:36	8.00	95.070	28.590	16328.000	18.000	95.127062	19.9291195	197.757930	148.331056	8.97006802	280.314626	35	19.3739612	7.28722616	227.725818
2	9:01:51	8.25	94.700	28.630	16284.000	18.000	94.779319	19.8562674	197.035015	147.788823	8.93727741	279.289919	35	19.3739612	7.26058728	226.893352
2	9:02:06	8.50	94.640	28.640	16270.000	18.000	94.692626	19.8381051	196.854789	147.653642	8.92910259	279.034456	35	19.3739612	7.25394611	226.685816
2	9:02:21	8.75	95.700	28.520	16301.000	18.000	95.739362	20.0573964	199.030831	149.285812	9.02780529	282.118915	35	19.3739612	7.33413155	229.191611
2	9:02:36	9.00	95.160	28.580	16325.000	18.000	95.214240	19.9473834	197.939164	148.466993	8.97828857	280.571518	35	19.3739612	7.29390449	227.934515
2	9:02:51	9.25	95.380	28.560	16272.000	18.000	95.388890	19.9839724	198.302240	148.739323	8.99475726	281.086164	35	19.3739612	7.30728354	228.352611
2	9:03:06	9.50	94.900	28.610	16270.000	18.000	94.952997	19.8926528	197.396069	148.059637	8.95365442	279.801701	35	19.3739612	7.27389186	227.309121
2	9:03:21	9.75	95.240	28.570	16307.000	18.000	95.301516	19.9656677	198.120601	148.603082	8.98651832	280.828697	35	19.3739612	7.30059028	228.143446
2	9:03:36	10.00	94.490	28.660	16274.000	18.000	94.519529	19.8018412	196.494940	147.383733	8.91278027	278.524383	35	19.3739612	7.24068596	226.271436
2	9:03:51	10.25	94.680	28.640	16255.000	18.000	94.692626	19.8381051	196.854789	147.653642	8.92910259	279.034456	35	19.3739612	7.25394611	226.685816
2	9:04:06	10.50	95.970	28.490	16254.000	18.000	96.003248	20.1126805	199.579418	149.697288	9.05268856	282.896518	35	19.3739612	7.35434657	229.823330
2	9:04:21	10.75	95.170	28.580	16340.000	18.000	95.214240	19.9473834	197.939164	148.466993	8.97828857	280.571518	35	19.3739612	7.29390449	227.934515
2	9:04:36	11.00	95.770	28.510	16288.000	18.000	95.827226	20.0758038	199.213488	149.422817	9.03609043	282.377826	35	19.3739612	7.34086235	229.401948
2	9:04:51	11.25	96.350	28.450	16253.000	18.000	96.356478	20.1866821	200.313741	150.248077	9.08599661	283.937394	35	19.3739612	7.38140581	230.668932
2	9:05:06	11.50	96.080	28.480	16298.000	18.000	96.091407	20.1311498	199.762690	149.834754	9.06100158	283.156299	35	19.3739612	7.36110001	230.034375
2	9:05:21	11.75	94.800	28.620	16217.000	18.000	94.866109	19.8744499	197.215441	147.924154	8.94546135	279.545667	35	19.3739612	7.26723586	227.101121
2	9:05:36	12.00	96.700	28.410	16264.000	18.000	96.711296	20.2610165	201.051366	150.801343	9.11945441	284.982950	35	19.3739612	7.40858672	231.518335
2	9:05:51	12.25	96.210	28.460	16277.000	18.000	96.268022	20.1681506	200.129852	150.110148	9.07765559	283.676737	35	19.3739612	7.37462962	230.457176
2	9:06:06	12.50	95.520	28.540	16321.000	18.000	95.563930	20.0206434	198.666128	149.012262	9.01126279	281.601962	35	19.3739612	7.32069254	228.771642
2	9:06:21	12.75	94.290	28.680	16277.000	18.000	94.346816	19.7656580	196.135892	147.114424	8.89649427	278.015446	35	19.3739612	7.22745532	225.857979
2	9:06:36	13.00	96.100	28.470	16209.000	18.000	96.179665	20.1496398	199.946168	149.972374	9.06932392	283.416372	35	19.3739612	7.36786102	230.245657
2	9:06:51	13.25	96.140	28.470	16290.000	18.000	96.179665	20.1496398	199.946168	149.972374	9.06932392	283.416372	35	19.3739612	7.36786102	230.245657
2	9:07:06	13.50	96.130	28.470	16225.000	18.000	96.179665	20.1496398	199.946168	149.972374	9.06932392	283.416372	35	19.3739612	7.36786102	230.245657
2	9:07:21	13.75	94.970	28.600	16244.000	18.000	95.039981	19.9108759	197.576899	148.195271	8.96185664	280.058020	35	19.3739612	7.28055529	227.517353
2	9:07:36	14.00	95.450	28.550	16264.000	18.000	95.476361	20.0022976	198.484082	148.875716	9.00300541	281.343919	35	19.3739612	7.31398429	228.562009
2	9:07:51	14.25	95.520	28.540	16235.000	18.000	95.563930	20.0206434	198.666128	149.012262	9.01126279	281.601962	35	19.3739612	7.32069254	228.771642
2	9:08:06	14.50	94.780	28.620	16275.000	18.000	94.866109	19.8744499	197.215441	147.924154	8.94546135	279.545667	35	19.3739612	7.26723586	227.101121
2	9:08:21	14.75	94.530	28.650	16283.000	18.000	94.606029	19.8199631	196.674764	147.518612	8.92093688	278.779278	35	19.3739612	7.24731234	226.478511
2	9:08:36	15.00	95.760	28.510	16213.000	18.000	95.827226	20.0758038	199.213488	149.422817	9.03609043	282.377826	35	19.3739612	7.34086235	229.401948
2	9:08:51	15.25	94.600	28.650	16237.000	18.000	94.606029	19.8199631	196.674764	147.518612	8.92093688	278.779278	35	19.3739612	7.24731234	226.478511
2	9:09:06	15.50	93.140	28.820	16233.000	18.000	93.148527	19.5146165	193.644791	145.245939	8.78350084	274.484401	35	19.3739612	7.13566017	222.989380
2	9:09:21	15.75	95.450	28.550	16259.000	18.000	95.476361	20.0022976	198.484082	148.875716	9.00300541	281.343919	35	19.3739612	7.31398429	228.562009
2	9:09:36	16.00	95.410	28.550	16262.000	18.000	95.476361	20.0022976	198.484082	148.875716	9.00300541	281.343919	35	19.3739612	7.31398429	228.562009
2	9:09:51	16.25	95.760	28.510	16241.000	18.000	95.827226	20.0758038	199.213488	149.422817	9.03609043	282.377826	35	19.3739612	7.34086235	229.401948
2	9:10:06	16.50	95.750	28.510	16261.000	18.000	95.827226	20.0758038	199.213488	149.422817	9.03609043	282.377826	35	19.3739612	7.34086235	229.401948
2	9:10:21	16.75	94.850	28.620	16253.000	18.000	94.866109	19.8744499	197.215441	147.924154	8.94546135	279.545667	35	19.3739612	7.26723586	227.101121
2	9:10:36	17.00	96.140	28.470	16239.000	18.000	96.179665	20.1496398	199.946168	149.972374	9.06932392	283.416372	35	19.3739612	7.36786102	230.245657
2	9:10:51	17.25	94.780	28.620	16249.000	18.000	94.866109	19.8744499	197.215441	147.924154	8.94546135	279.545667	35	19.3739612	7.26723586	227.101121
2	9:11:06	17.50	95.080	28.590	16238.000	18.000	95.127062	19.9291195	197.757930	148.331056	8.97006802	280.314626	35	19.3739612	7.28722616	227.725818
2	9:11:21	17.75	95.660	28.520	16256.000	18.000	95.739362	20.0573964	199.030831	149.285812	9.02780529	282.118915	35	19.3739612	7.33413155	229.191611
2	9:11:36	18.00	96.500	28.430	16233.000	18.000	96.533688	20.2238076	200.682140	150.524400	9.10270674	284.459586	35	19.3739612	7.39498101	231.093157
2	9:11:51	18.25	95.860	28.500	16278.000	18.000	95.915188	20.0942318	199.396351	149.559976	9.04438485	282.637026	35	19.3739612	7.34760068	229.612521
2	9:12:06	18.50	94.630	28.640	16242.000	18.000	94.692626	19.8381051	196.854789	147.653642	8.92910259	279.034456	35	19.3739612	7.25394611	226.685816
2	9:12:21	18.75	95.060	28.590	16224.000	18.000	95.127062	19.9291195	197.757930	148.331056	8.97006802	280.314626	35	19.3739612	7.28722616	227.725818
2	9:12:36	19.00	93.910	28.730	16265.000	18.000	93.916715	19.6755517	195.241761	146.443769	8.85593755	276.748048	35	19.3739612	7.19450729	224.828353
2	9:12:51	19.25	95.090	28.590	16234.000	18.000	95.127062	19.9291195	197.757930	148.331056	8.97006802	280.314626	35	19.3739612	7.28722616	227.725818
2	9:13:06	19.50	94.460	28.660	16231.000	18.000	94.519529	19.8018412	196.494940	147.383733	8.91278027	278.524383	35	19.3739612	7.24068596	226.271436
2	9:13:21	19.75	95.280	28.570	16219.000	18.000	95.301516	19.9656677	198.120601	148.603082	8.98651832	280.828697	35	19.3739612	7.30059028	228.143446
2	9:13:36	20.00	94.870	28.610	16249.000	18.000	94.952997	19.8926528	197.396069	148.059637	8.95365442	279.801701	35	19.3739612	7.27389186	227.309121
2	9:13:51	20.25	95.460	28.550	16241.000	18.000	95.476361	20.0022976	198.484082	148.875716	9.00300541	281.343919	35	19.3739612	7.31398429	228.562009
