Chamber	Time/hh:mm:ss	Logtime/min	Oxy/% air sat.	Phase/°	Amp	Temp/°C	% air-sat.	% oxygen	pO2 (hPa)	pO2 (Torr)	cO2 [mg/L]	cO2 [µmol/L]	Salinity	chlorinity	SalCorcO2 [mg/L]	SalCorcO2 [µmol/L]
6	15:18:50	0.00	96.620	30.810	41453.000	6.000	96.679306	20.2543146	203.275653	152.469700	12.00737908	375.230596	35	19.3739612	9.48737660	296.480519
6	15:19:05	0.24	96.160	30.870	41505.000	6.000	96.171873	20.1480075	202.208737	151.669445	11.94435695	373.261155	35	19.3739612	9.43758100	294.924406
6	15:19:20	0.49	96.540	30.820	41491.000	6.000	96.594514	20.2365507	203.097372	152.335977	11.99684808	374.901502	35	19.3739612	9.47905575	296.220492
6	15:19:35	0.74	96.450	30.830	41438.000	6.000	96.509810	20.2188052	202.919275	152.202393	11.98632802	374.572751	35	19.3739612	9.47074355	295.960736
6	15:19:50	0.99	96.340	30.840	41443.000	6.000	96.425194	20.2010782	202.741364	152.068949	11.97581889	374.244340	35	19.3739612	9.46243999	295.701250
6	15:20:05	1.24	96.330	30.850	41418.000	6.000	96.340666	20.1833696	202.563637	151.935642	11.96532068	373.916271	35	19.3739612	9.45414505	295.442033
6	15:20:20	1.49	96.090	30.870	41485.000	6.000	96.171873	20.1480075	202.208737	151.669445	11.94435695	373.261155	35	19.3739612	9.43758100	294.924406
6	15:20:35	1.74	96.380	30.840	41447.000	6.000	96.425194	20.2010782	202.741364	152.068949	11.97581889	374.244340	35	19.3739612	9.46243999	295.701250
6	15:20:50	1.99	96.010	30.880	41460.000	6.000	96.087608	20.1303540	202.031564	151.536553	11.93389140	372.934106	35	19.3739612	9.42931187	294.665996
6	15:21:05	2.24	96.340	30.840	41452.000	6.000	96.425194	20.2010782	202.741364	152.068949	11.97581889	374.244340	35	19.3739612	9.46243999	295.701250
6	15:21:20	2.49	95.900	30.900	41495.000	6.000	95.919341	20.0951018	201.677767	151.271184	11.91299286	372.281027	35	19.3739612	9.41279933	294.149979
6	15:21:35	2.74	96.040	30.880	41462.000	6.000	96.087608	20.1303540	202.031564	151.536553	11.93389140	372.934106	35	19.3739612	9.42931187	294.665996
6	15:21:50	2.99	96.490	30.830	41472.000	6.000	96.509810	20.2188052	202.919275	152.202393	11.98632802	374.572751	35	19.3739612	9.47074355	295.960736
6	15:22:05	3.24	95.440	30.950	41463.000	6.000	95.500194	20.0072907	200.796481	150.610162	11.86093574	370.654242	35	19.3739612	9.37166749	292.864609
6	15:22:20	3.49	96.420	30.840	41430.000	6.000	96.425194	20.2010782	202.741364	152.068949	11.97581889	374.244340	35	19.3739612	9.46243999	295.701250
6	15:22:35	3.74	96.320	30.850	41453.000	6.000	96.340666	20.1833696	202.563637	151.935642	11.96532068	373.916271	35	19.3739612	9.45414505	295.442033
6	15:22:50	3.99	95.970	30.890	41463.000	6.000	96.003431	20.1127188	201.854574	151.403800	11.92343671	372.607397	35	19.3739612	9.42105131	294.407853
6	15:23:05	4.24	95.720	30.920	41448.000	6.000	95.751421	20.0599228	201.324705	151.006364	11.89213763	371.629301	35	19.3739612	9.39632101	293.635031
6	15:23:20	4.49	95.760	30.910	41471.000	6.000	95.835337	20.0775032	201.501144	151.138705	11.90255984	371.954995	35	19.3739612	9.40455589	293.892372
6	15:23:35	4.74	96.490	30.830	41447.000	6.000	96.509810	20.2188052	202.919275	152.202393	11.98632802	374.572751	35	19.3739612	9.47074355	295.960736
6	15:23:50	4.99	95.720	30.920	41462.000	6.000	95.751421	20.0599228	201.324705	151.006364	11.89213763	371.629301	35	19.3739612	9.39632101	293.635031
6	15:24:05	5.24	95.700	30.920	41479.000	6.000	95.751421	20.0599228	201.324705	151.006364	11.89213763	371.629301	35	19.3739612	9.39632101	293.635031
6	15:24:20	5.49	96.280	30.850	41511.000	6.000	96.340666	20.1833696	202.563637	151.935642	11.96532068	373.916271	35	19.3739612	9.45414505	295.442033
6	15:24:35	5.74	96.430	30.830	41466.000	6.000	96.509810	20.2188052	202.919275	152.202393	11.98632802	374.572751	35	19.3739612	9.47074355	295.960736
6	15:24:50	5.99	96.120	30.870	41410.000	6.000	96.171873	20.1480075	202.208737	151.669445	11.94435695	373.261155	35	19.3739612	9.43758100	294.924406
6	15:25:05	6.24	95.960	30.890	41484.000	6.000	96.003431	20.1127188	201.854574	151.403800	11.92343671	372.607397	35	19.3739612	9.42105131	294.407853
6	15:25:20	6.49	96.120	30.870	41458.000	6.000	96.171873	20.1480075	202.208737	151.669445	11.94435695	373.261155	35	19.3739612	9.43758100	294.924406
6	15:25:35	6.74	96.110	30.870	41450.000	6.000	96.171873	20.1480075	202.208737	151.669445	11.94435695	373.261155	35	19.3739612	9.43758100	294.924406
6	15:25:50	6.99	95.900	30.900	41421.000	6.000	95.919341	20.0951018	201.677767	151.271184	11.91299286	372.281027	35	19.3739612	9.41279933	294.149979
6	15:26:05	7.24	95.600	30.930	41467.000	6.000	95.667592	20.0423606	201.148447	150.874160	11.88172622	371.303944	35	19.3739612	9.38809465	293.377958
6	15:26:20	7.49	96.020	30.880	41418.000	6.000	96.087608	20.1303540	202.031564	151.536553	11.93389140	372.934106	35	19.3739612	9.42931187	294.665996
6	15:26:35	7.74	96.270	30.850	41449.000	6.000	96.340666	20.1833696	202.563637	151.935642	11.96532068	373.916271	35	19.3739612	9.45414505	295.442033
6	15:26:50	7.99	96.700	30.800	41489.000	6.000	96.764186	20.2720970	203.454121	152.603562	12.01792105	375.560033	35	19.3739612	9.49570611	296.740816
6	15:27:05	8.24	96.230	30.860	41424.000	6.000	96.256226	20.1656793	202.386095	151.802474	11.95483337	373.588543	35	19.3739612	9.44585872	295.183085
6	15:27:20	8.49	96.230	30.860	41416.000	6.000	96.256226	20.1656793	202.386095	151.802474	11.95483337	373.588543	35	19.3739612	9.44585872	295.183085
6	15:27:35	8.74	96.840	30.790	41442.000	6.000	96.849155	20.2898980	203.632774	152.737563	12.02847399	375.889812	35	19.3739612	9.50404430	297.001384
6	15:27:50	8.99	96.430	30.830	41481.000	6.000	96.509810	20.2188052	202.919275	152.202393	11.98632802	374.572751	35	19.3739612	9.47074355	295.960736
6	15:28:05	9.24	96.400	30.840	41454.000	6.000	96.425194	20.2010782	202.741364	152.068949	11.97581889	374.244340	35	19.3739612	9.46243999	295.701250
6	15:28:20	9.49	95.890	30.900	41414.000	6.000	95.919341	20.0951018	201.677767	151.271184	11.91299286	372.281027	35	19.3739612	9.41279933	294.149979
6	15:28:35	9.74	95.860	30.900	41399.000	6.000	95.919341	20.0951018	201.677767	151.271184	11.91299286	372.281027	35	19.3739612	9.41279933	294.149979
6	15:28:50	9.99	96.730	30.800	41406.000	6.000	96.764186	20.2720970	203.454121	152.603562	12.01792105	375.560033	35	19.3739612	9.49570611	296.740816
6	15:29:05	10.24	96.360	30.840	41448.000	6.000	96.425194	20.2010782	202.741364	152.068949	11.97581889	374.244340	35	19.3739612	9.46243999	295.701250
6	15:29:20	10.49	96.390	30.840	41423.000	6.000	96.425194	20.2010782	202.741364	152.068949	11.97581889	374.244340	35	19.3739612	9.46243999	295.701250
6	15:29:35	10.74	95.900	30.900	41415.000	6.000	95.919341	20.0951018	201.677767	151.271184	11.91299286	372.281027	35	19.3739612	9.41279933	294.149979
6	15:29:50	10.99	96.960	30.770	41454.000	6.000	97.019358	20.3255555	203.990639	153.005984	12.04961286	376.550402	35	19.3739612	9.52074673	297.523335
6	15:30:05	11.24	95.650	30.930	41460.000	6.000	95.667592	20.0423606	201.148447	150.874160	11.88172622	371.303944	35	19.3739612	9.38809465	293.377958
6	15:30:20	11.49	96.220	30.860	41429.000	6.000	96.256226	20.1656793	202.386095	151.802474	11.95483337	373.588543	35	19.3739612	9.44585872	295.183085
6	15:30:35	11.74	96.780	30.790	41406.000	6.000	96.849155	20.2898980	203.632774	152.737563	12.02847399	375.889812	35	19.3739612	9.50404430	297.001384
6	15:30:50	11.99	95.630	30.930	41464.000	6.000	95.667592	20.0423606	201.148447	150.874160	11.88172622	371.303944	35	19.3739612	9.38809465	293.377958
6	15:31:05	12.24	96.180	30.860	41425.000	6.000	96.256226	20.1656793	202.386095	151.802474	11.95483337	373.588543	35	19.3739612	9.44585872	295.183085
6	15:31:20	12.49	96.230	30.860	41429.000	6.000	96.256226	20.1656793	202.386095	151.802474	11.95483337	373.588543	35	19.3739612	9.44585872	295.183085
6	15:31:35	12.74	96.620	30.810	41412.000	6.000	96.679306	20.2543146	203.275653	152.469700	12.00737908	375.230596	35	19.3739612	9.48737660	296.480519
6	15:31:50	12.99	96.600	30.810	41406.000	6.000	96.679306	20.2543146	203.275653	152.469700	12.00737908	375.230596	35	19.3739612	9.48737660	296.480519
6	15:32:05	13.24	95.900	30.900	41404.000	6.000	95.919341	20.0951018	201.677767	151.271184	11.91299286	372.281027	35	19.3739612	9.41279933	294.149979
6	15:32:20	13.49	95.920	30.890	41410.000	6.000	96.003431	20.1127188	201.854574	151.403800	11.92343671	372.607397	35	19.3739612	9.42105131	294.407853
6	15:32:35	13.74	96.470	30.830	41434.000	6.000	96.509810	20.2188052	202.919275	152.202393	11.98632802	374.572751	35	19.3739612	9.47074355	295.960736
6	15:32:50	13.99	96.280	30.850	41443.000	6.000	96.340666	20.1833696	202.563637	151.935642	11.96532068	373.916271	35	19.3739612	9.45414505	295.442033
6	15:33:05	14.24	96.630	30.810	41403.000	6.000	96.679306	20.2543146	203.275653	152.469700	12.00737908	375.230596	35	19.3739612	9.48737660	296.480519
6	15:33:20	14.49	96.070	30.880	41386.000	6.000	96.087608	20.1303540	202.031564	151.536553	11.93389140	372.934106	35	19.3739612	9.42931187	294.665996
6	15:33:35	14.74	96.320	30.850	41417.000	6.000	96.340666	20.1833696	202.563637	151.935642	11.96532068	373.916271	35	19.3739612	9.45414505	295.442033
6	15:33:50	14.99	96.150	30.870	41430.000	6.000	96.171873	20.1480075	202.208737	151.669445	11.94435695	373.261155	35	19.3739612	9.43758100	294.924406
6	15:34:05	15.24	96.110	30.870	41422.000	6.000	96.171873	20.1480075	202.208737	151.669445	11.94435695	373.261155	35	19.3739612	9.43758100	294.924406
6	15:34:20	15.49	96.720	30.800	41405.000	6.000	96.764186	20.2720970	203.454121	152.603562	12.01792105	375.560033	35	19.3739612	9.49570611	296.740816
6	15:34:35	15.74	96.240	30.860	41463.000	6.000	96.256226	20.1656793	202.386095	151.802474	11.95483337	373.588543	35	19.3739612	9.44585872	295.183085
6	15:34:50	15.99	96.670	30.810	41447.000	6.000	96.679306	20.2543146	203.275653	152.469700	12.00737908	375.230596	35	19.3739612	9.48737660	296.480519
6	15:35:05	16.24	96.900	30.780	41420.000	6.000	96.934212	20.3077175	203.811613	152.871704	12.03903792	376.219935	35	19.3739612	9.51239117	297.262224
6	15:35:20	16.49	96.350	30.840	41410.000	6.000	96.425194	20.2010782	202.741364	152.068949	11.97581889	374.244340	35	19.3739612	9.46243999	295.701250
6	15:35:35	16.74	96.340	30.850	41328.000	6.000	96.340666	20.1833696	202.563637	151.935642	11.96532068	373.916271	35	19.3739612	9.45414505	295.442033
6	15:35:50	16.99	96.420	30.840	41435.000	6.000	96.425194	20.2010782	202.741364	152.068949	11.97581889	374.244340	35	19.3739612	9.46243999	295.701250
6	15:36:05	17.24	96.350	30.840	41400.000	6.000	96.425194	20.2010782	202.741364	152.068949	11.97581889	374.244340	35	19.3739612	9.46243999	295.701250
6	15:36:20	17.49	96.750	30.800	41419.000	6.000	96.764186	20.2720970	203.454121	152.603562	12.01792105	375.560033	35	19.3739612	9.49570611	296.740816
6	15:36:35	17.74	96.710	30.800	41407.000	6.000	96.764186	20.2720970	203.454121	152.603562	12.01792105	375.560033	35	19.3739612	9.49570611	296.740816
6	15:36:50	17.99	96.830	30.790	41412.000	6.000	96.849155	20.2898980	203.632774	152.737563	12.02847399	375.889812	35	19.3739612	9.50404430	297.001384
6	15:37:05	18.24	96.470	30.830	41408.000	6.000	96.509810	20.2188052	202.919275	152.202393	11.98632802	374.572751	35	19.3739612	9.47074355	295.960736
6	15:37:20	18.49	96.620	30.810	41419.000	6.000	96.679306	20.2543146	203.275653	152.469700	12.00737908	375.230596	35	19.3739612	9.48737660	296.480519
6	15:37:35	18.74	96.230	30.860	41442.000	6.000	96.256226	20.1656793	202.386095	151.802474	11.95483337	373.588543	35	19.3739612	9.44585872	295.183085
6	15:37:50	18.99	96.440	30.830	41384.000	6.000	96.509810	20.2188052	202.919275	152.202393	11.98632802	374.572751	35	19.3739612	9.47074355	295.960736
6	15:38:05	19.24	96.080	30.880	41435.000	6.000	96.087608	20.1303540	202.031564	151.536553	11.93389140	372.934106	35	19.3739612	9.42931187	294.665996
6	15:38:20	19.49	95.990	30.890	41334.000	6.000	96.003431	20.1127188	201.854574	151.403800	11.92343671	372.607397	35	19.3739612	9.42105131	294.407853
