Chamber	Time/hh:mm:ss	Logtime/min	Oxy/% air sat.	Phase/°	Amp	Temp/°C	% air-sat.	% oxygen	pO2 (hPa)	pO2 (Torr)	cO2 [mg/L]	cO2 [µmol/L]	Salinity	chlorinity	SalCorcO2 [mg/L]	SalCorcO2 [µmol/L]
4	10:33:47	0.00	94.210	29.260	38560.000	15.000	94.293270	19.7544401	196.734576	147.563475	9.47315641	296.036138	35	19.3739612	7.64720709	238.975221
4	10:34:02	0.25	94.310	29.250	38563.000	15.000	94.378511	19.7722980	196.912423	147.696871	9.48172009	296.303753	35	19.3739612	7.65412012	239.191254
4	10:34:17	0.50	94.060	29.280	38565.000	15.000	94.123068	19.7187828	196.379464	147.297118	9.45605710	295.501784	35	19.3739612	7.63340367	238.543865
4	10:34:32	0.75	94.260	29.260	38554.000	15.000	94.293270	19.7544401	196.734576	147.563475	9.47315641	296.036138	35	19.3739612	7.64720709	238.975221
4	10:34:47	1.00	94.020	29.290	38573.000	15.000	94.038106	19.7009833	196.202199	147.164158	9.44752144	295.235045	35	19.3739612	7.62651325	238.328539
4	10:35:02	1.25	93.950	29.300	38593.000	15.000	93.953237	19.6832032	196.025128	147.031343	9.43899509	294.968597	35	19.3739612	7.61963036	238.113449
4	10:35:17	1.50	94.350	29.250	38593.000	15.000	94.378511	19.7722980	196.912423	147.696871	9.48172009	296.303753	35	19.3739612	7.65412012	239.191254
4	10:35:32	1.75	93.570	29.340	38603.000	15.000	93.614686	19.6122767	195.318770	146.501530	9.40498257	293.905705	35	19.3739612	7.59217375	237.255430
4	10:35:47	2.00	93.560	29.340	38589.000	15.000	93.614686	19.6122767	195.318770	146.501530	9.40498257	293.905705	35	19.3739612	7.59217375	237.255430
4	10:36:02	2.25	93.800	29.310	38577.000	15.000	93.868461	19.6654426	195.848249	146.898673	9.43047804	294.702439	35	19.3739612	7.61275497	237.898593
4	10:36:17	2.50	94.540	29.230	38562.000	15.000	94.549272	19.8080724	197.268700	147.964102	9.49887555	296.839861	35	19.3739612	7.66796887	239.624027
4	10:36:32	2.75	93.860	29.310	38578.000	15.000	93.868461	19.6654426	195.848249	146.898673	9.43047804	294.702439	35	19.3739612	7.61275497	237.898593
4	10:36:47	3.00	93.910	29.300	38588.000	15.000	93.953237	19.6832032	196.025128	147.031343	9.43899509	294.968597	35	19.3739612	7.61963036	238.113449
4	10:37:02	3.25	93.770	29.320	38598.000	15.000	93.783777	19.6477013	195.671564	146.766148	9.42197029	294.436571	35	19.3739612	7.60588708	237.683971
4	10:37:17	3.50	93.910	29.300	38600.000	15.000	93.953237	19.6832032	196.025128	147.031343	9.43899509	294.968597	35	19.3739612	7.61963036	238.113449
4	10:37:32	3.75	93.960	29.290	38587.000	15.000	94.038106	19.7009833	196.202199	147.164158	9.44752144	295.235045	35	19.3739612	7.62651325	238.328539
4	10:37:47	4.00	93.580	29.340	38620.000	15.000	93.614686	19.6122767	195.318770	146.501530	9.40498257	293.905705	35	19.3739612	7.59217375	237.255430
4	10:38:02	4.25	93.460	29.350	38597.000	15.000	93.530278	19.5945933	195.142661	146.369437	9.39650260	293.640706	35	19.3739612	7.58532828	237.041509
4	10:38:17	4.50	94.010	29.290	38596.000	15.000	94.038106	19.7009833	196.202199	147.164158	9.44752144	295.235045	35	19.3739612	7.62651325	238.328539
4	10:38:32	4.75	94.480	29.230	38630.000	15.000	94.549272	19.8080724	197.268700	147.964102	9.49887555	296.839861	35	19.3739612	7.66796887	239.624027
4	10:38:47	5.00	93.880	29.300	38616.000	15.000	93.953237	19.6832032	196.025128	147.031343	9.43899509	294.968597	35	19.3739612	7.61963036	238.113449
4	10:39:02	5.25	94.000	29.290	38612.000	15.000	94.038106	19.7009833	196.202199	147.164158	9.44752144	295.235045	35	19.3739612	7.62651325	238.328539
4	10:39:17	5.50	94.310	29.250	38614.000	15.000	94.378511	19.7722980	196.912423	147.696871	9.48172009	296.303753	35	19.3739612	7.65412012	239.191254
4	10:39:32	5.75	93.830	29.310	38637.000	15.000	93.868461	19.6654426	195.848249	146.898673	9.43047804	294.702439	35	19.3739612	7.61275497	237.898593
4	10:39:47	6.00	93.520	29.350	38620.000	15.000	93.530278	19.5945933	195.142661	146.369437	9.39650260	293.640706	35	19.3739612	7.58532828	237.041509
4	10:40:02	6.25	94.080	29.280	38625.000	15.000	94.123068	19.7187828	196.379464	147.297118	9.45605710	295.501784	35	19.3739612	7.63340367	238.543865
4	10:40:17	6.50	93.730	29.320	38568.000	15.000	93.783777	19.6477013	195.671564	146.766148	9.42197029	294.436571	35	19.3739612	7.60588708	237.683971
4	10:40:32	6.75	93.410	29.360	38612.000	15.000	93.445963	19.5769292	194.966744	146.237488	9.38803185	293.375995	35	19.3739612	7.57849028	236.827821
4	10:40:47	7.00	93.690	29.330	38620.000	15.000	93.699185	19.6299793	195.495071	146.633767	9.41347180	294.170994	35	19.3739612	7.59902668	237.469584
4	10:41:02	7.25	93.980	29.290	38603.000	15.000	94.038106	19.7009833	196.202199	147.164158	9.44752144	295.235045	35	19.3739612	7.62651325	238.328539
4	10:41:17	7.50	93.610	29.340	38626.000	15.000	93.614686	19.6122767	195.318770	146.501530	9.40498257	293.905705	35	19.3739612	7.59217375	237.255430
4	10:41:32	7.75	93.850	29.310	38644.000	15.000	93.868461	19.6654426	195.848249	146.898673	9.43047804	294.702439	35	19.3739612	7.61275497	237.898593
4	10:41:47	8.00	93.590	29.340	38573.000	15.000	93.614686	19.6122767	195.318770	146.501530	9.40498257	293.905705	35	19.3739612	7.59217375	237.255430
4	10:42:02	8.25	93.580	29.340	38651.000	15.000	93.614686	19.6122767	195.318770	146.501530	9.40498257	293.905705	35	19.3739612	7.59217375	237.255430
4	10:42:17	8.50	93.710	29.320	38669.000	15.000	93.783777	19.6477013	195.671564	146.766148	9.42197029	294.436571	35	19.3739612	7.60588708	237.683971
4	10:42:32	8.75	93.540	29.340	38636.000	15.000	93.614686	19.6122767	195.318770	146.501530	9.40498257	293.905705	35	19.3739612	7.59217375	237.255430
4	10:42:47	9.00	94.480	29.230	38638.000	15.000	94.549272	19.8080724	197.268700	147.964102	9.49887555	296.839861	35	19.3739612	7.66796887	239.624027
4	10:43:02	9.25	93.650	29.330	38625.000	15.000	93.699185	19.6299793	195.495071	146.633767	9.41347180	294.170994	35	19.3739612	7.59902668	237.469584
4	10:43:17	9.50	93.860	29.310	38636.000	15.000	93.868461	19.6654426	195.848249	146.898673	9.43047804	294.702439	35	19.3739612	7.61275497	237.898593
4	10:43:32	9.75	93.740	29.320	38658.000	15.000	93.783777	19.6477013	195.671564	146.766148	9.42197029	294.436571	35	19.3739612	7.60588708	237.683971
4	10:43:47	10.00	94.010	29.290	38609.000	15.000	94.038106	19.7009833	196.202199	147.164158	9.44752144	295.235045	35	19.3739612	7.62651325	238.328539
4	10:44:02	10.25	93.530	29.350	38610.000	15.000	93.530278	19.5945933	195.142661	146.369437	9.39650260	293.640706	35	19.3739612	7.58532828	237.041509
4	10:44:17	10.50	93.390	29.360	38662.000	15.000	93.445963	19.5769292	194.966744	146.237488	9.38803185	293.375995	35	19.3739612	7.57849028	236.827821
4	10:44:32	10.75	93.670	29.330	38646.000	15.000	93.699185	19.6299793	195.495071	146.633767	9.41347180	294.170994	35	19.3739612	7.59902668	237.469584
4	10:44:47	11.00	93.080	29.400	38635.000	15.000	93.109617	19.5064649	194.264989	145.711127	9.35424097	292.320030	35	19.3739612	7.55121258	235.975393
4	10:45:02	11.25	93.360	29.370	38618.000	15.000	93.361739	19.5592844	194.791019	146.105683	9.37957033	293.111573	35	19.3739612	7.57165971	236.614366
4	10:45:17	11.50	93.510	29.350	38627.000	15.000	93.530278	19.5945933	195.142661	146.369437	9.39650260	293.640706	35	19.3739612	7.58532828	237.041509
4	10:45:32	11.75	93.430	29.360	38641.000	15.000	93.445963	19.5769292	194.966744	146.237488	9.38803185	293.375995	35	19.3739612	7.57849028	236.827821
4	10:45:47	12.00	93.730	29.320	38645.000	15.000	93.783777	19.6477013	195.671564	146.766148	9.42197029	294.436571	35	19.3739612	7.60588708	237.683971
4	10:46:02	12.25	93.960	29.290	38675.000	15.000	94.038106	19.7009833	196.202199	147.164158	9.44752144	295.235045	35	19.3739612	7.62651325	238.328539
4	10:46:17	12.50	94.400	29.240	38712.000	15.000	94.463844	19.7901754	197.090464	147.830414	9.49029313	296.571660	35	19.3739612	7.66104071	239.407522
4	10:46:32	12.75	93.980	29.290	38673.000	15.000	94.038106	19.7009833	196.202199	147.164158	9.44752144	295.235045	35	19.3739612	7.62651325	238.328539
4	10:46:47	13.00	93.470	29.350	38687.000	15.000	93.530278	19.5945933	195.142661	146.369437	9.39650260	293.640706	35	19.3739612	7.58532828	237.041509
4	10:47:02	13.25	93.440	29.360	38653.000	15.000	93.445963	19.5769292	194.966744	146.237488	9.38803185	293.375995	35	19.3739612	7.57849028	236.827821
4	10:47:17	13.50	93.370	29.360	38698.000	15.000	93.445963	19.5769292	194.966744	146.237488	9.38803185	293.375995	35	19.3739612	7.57849028	236.827821
4	10:47:32	13.75	93.530	29.340	38627.000	15.000	93.614686	19.6122767	195.318770	146.501530	9.40498257	293.905705	35	19.3739612	7.59217375	237.255430
4	10:47:47	14.00	93.650	29.330	38667.000	15.000	93.699185	19.6299793	195.495071	146.633767	9.41347180	294.170994	35	19.3739612	7.59902668	237.469584
4	10:48:02	14.25	93.490	29.350	38692.000	15.000	93.530278	19.5945933	195.142661	146.369437	9.39650260	293.640706	35	19.3739612	7.58532828	237.041509
4	10:48:17	14.50	94.070	29.280	38684.000	15.000	94.123068	19.7187828	196.379464	147.297118	9.45605710	295.501784	35	19.3739612	7.63340367	238.543865
4	10:48:32	14.75	93.040	29.400	38688.000	15.000	93.109617	19.5064649	194.264989	145.711127	9.35424097	292.320030	35	19.3739612	7.55121258	235.975393
4	10:48:47	15.00	92.660	29.450	38669.000	15.000	92.691238	19.4188144	193.392078	145.056388	9.31220858	291.006518	35	19.3739612	7.51728193	234.915060
4	10:49:02	15.25	93.580	29.340	38688.000	15.000	93.614686	19.6122767	195.318770	146.501530	9.40498257	293.905705	35	19.3739612	7.59217375	237.255430
4	10:49:17	15.50	93.210	29.380	38688.000	15.000	93.277607	19.5416587	194.615485	145.974021	9.37111802	292.847438	35	19.3739612	7.56483658	236.401143
4	10:49:32	15.75	93.130	29.390	38680.000	15.000	93.193567	19.5240522	194.440142	145.842503	9.36267490	292.583591	35	19.3739612	7.55802087	236.188152
4	10:49:47	16.00	93.140	29.390	38685.000	15.000	93.193567	19.5240522	194.440142	145.842503	9.36267490	292.583591	35	19.3739612	7.55802087	236.188152
4	10:50:02	16.25	93.030	29.400	38708.000	15.000	93.109617	19.5064649	194.264989	145.711127	9.35424097	292.320030	35	19.3739612	7.55121258	235.975393
4	10:50:17	16.50	93.330	29.370	38709.000	15.000	93.361739	19.5592844	194.791019	146.105683	9.37957033	293.111573	35	19.3739612	7.57165971	236.614366
4	10:50:32	16.75	93.540	29.340	38732.000	15.000	93.614686	19.6122767	195.318770	146.501530	9.40498257	293.905705	35	19.3739612	7.59217375	237.255430
4	10:50:47	17.00	92.950	29.410	38688.000	15.000	93.025760	19.4888966	194.090027	145.579895	9.34581620	292.056756	35	19.3739612	7.54441168	235.762865
4	10:51:02	17.25	92.810	29.430	38737.000	15.000	92.858317	19.4538175	193.740673	145.317857	9.32899413	291.531066	35	19.3739612	7.53083206	235.338502
4	10:51:17	17.50	93.210	29.380	38738.000	15.000	93.277607	19.5416587	194.615485	145.974021	9.37111802	292.847438	35	19.3739612	7.56483658	236.401143
4	10:51:32	17.75	92.950	29.410	38720.000	15.000	93.025760	19.4888966	194.090027	145.579895	9.34581620	292.056756	35	19.3739612	7.54441168	235.762865
4	10:51:47	18.00	93.200	29.380	38719.000	15.000	93.277607	19.5416587	194.615485	145.974021	9.37111802	292.847438	35	19.3739612	7.56483658	236.401143
4	10:52:02	18.25	92.400	29.480	38724.000	15.000	92.441299	19.3664522	192.870603	144.665249	9.28709851	290.221829	35	19.3739612	7.49701182	234.281619
4	10:52:17	18.50	93.520	29.350	38770.000	15.000	93.530278	19.5945933	195.142661	146.369437	9.39650260	293.640706	35	19.3739612	7.58532828	237.041509
4	10:52:32	18.75	92.760	29.440	38721.000	15.000	92.774732	19.4363064	193.566281	145.187052	9.32059679	291.268650	35	19.3739612	7.52405331	235.126666
4	10:52:47	19.00	93.060	29.400	38738.000	15.000	93.109617	19.5064649	194.264989	145.711127	9.35424097	292.320030	35	19.3739612	7.55121258	235.975393
4	10:53:02	19.25	92.820	29.430	38745.000	15.000	92.858317	19.4538175	193.740673	145.317857	9.32899413	291.531066	35	19.3739612	7.53083206	235.338502
4	10:53:17	19.50	93.260	29.380	38758.000	15.000	93.277607	19.5416587	194.615485	145.974021	9.37111802	292.847438	35	19.3739612	7.56483658	236.401143
4	10:53:32	19.75	93.370	29.360	38755.000	15.000	93.445963	19.5769292	194.966744	146.237488	9.38803185	293.375995	35	19.3739612	7.57849028	236.827821
4	10:53:47	20.00	93.240	29.380	38748.000	15.000	93.277607	19.5416587	194.615485	145.974021	9.37111802	292.847438	35	19.3739612	7.56483658	236.401143
4	10:54:02	20.25	93.420	29.360	38725.000	15.000	93.445963	19.5769292	194.966744	146.237488	9.38803185	293.375995	35	19.3739612	7.57849028	236.827821
