Chamber	Time/hh:mm:ss	Logtime/min	Oxy/% air sat.	Phase/°	Amp	Temp/°C	% air-sat.	% oxygen	pO2 (hPa)	pO2 (Torr)	cO2 [mg/L]	cO2 [µmol/L]	Salinity	chlorinity	SalCorcO2 [mg/L]	SalCorcO2 [µmol/L]
5	8:53:34	0.00	93.420	28.780	47886.000	18.000	93.488997	19.5859448	194.352587	145.776831	8.81560561	275.487675	35	19.3739612	7.16174189	223.804434
5	8:53:42	0.12	93.800	28.740	47923.000	18.000	93.830981	19.6575905	195.063531	146.310085	8.84785323	276.495413	35	19.3739612	7.18793964	224.623114
5	8:53:57	0.38	93.060	28.830	47905.000	18.000	93.063646	19.4968338	193.468332	145.113584	8.77549687	274.234277	35	19.3739612	7.12915780	222.786181
5	8:54:12	0.63	93.630	28.760	47940.000	18.000	93.659799	19.6217279	194.707664	146.043162	8.83171151	275.990985	35	19.3739612	7.17482622	224.213319
5	8:54:27	0.88	93.130	28.820	47928.000	18.000	93.148527	19.5146165	193.644791	145.245939	8.78350084	274.484401	35	19.3739612	7.13566017	222.989380
5	8:54:42	1.13	93.310	28.800	47930.000	18.000	93.318573	19.5502411	193.998296	145.511091	8.79953542	274.985482	35	19.3739612	7.14868656	223.396455
5	8:54:57	1.38	93.560	28.770	47924.000	18.000	93.574350	19.6038264	194.530027	145.909922	8.82365409	275.739190	35	19.3739612	7.16828042	224.008763
5	8:55:12	1.63	93.310	28.800	47944.000	18.000	93.318573	19.5502411	193.998296	145.511091	8.79953542	274.985482	35	19.3739612	7.14868656	223.396455
5	8:55:27	1.88	93.180	28.810	47987.000	18.000	93.233503	19.5324189	193.821446	145.378441	8.79151368	274.734803	35	19.3739612	7.14216976	223.192805
5	8:55:42	2.12	93.580	28.760	47955.000	18.000	93.659799	19.6217279	194.707664	146.043162	8.83171151	275.990985	35	19.3739612	7.17482622	224.213319
5	8:55:57	2.38	93.410	28.780	47941.000	18.000	93.488997	19.5859448	194.352587	145.776831	8.81560561	275.487675	35	19.3739612	7.16174189	223.804434
5	8:56:12	2.63	93.310	28.800	47906.000	18.000	93.318573	19.5502411	193.998296	145.511091	8.79953542	274.985482	35	19.3739612	7.14868656	223.396455
5	8:56:27	2.88	93.320	28.790	47946.000	18.000	93.403738	19.5680831	194.175343	145.643887	8.80756606	275.236439	35	19.3739612	7.15521060	223.600331
5	8:56:42	3.12	93.930	28.720	47909.000	18.000	94.002544	19.6935329	195.420190	146.577602	8.86403086	277.000964	35	19.3739612	7.20108225	225.033820
5	8:56:57	3.38	93.140	28.820	47927.000	18.000	93.148527	19.5146165	193.644791	145.245939	8.78350084	274.484401	35	19.3739612	7.13566017	222.989380
5	8:57:12	3.62	93.700	28.750	47896.000	18.000	93.745342	19.6396492	194.885499	146.176549	8.83977789	276.243059	35	19.3739612	7.18137929	224.418103
5	8:57:27	3.87	93.330	28.790	47943.000	18.000	93.403738	19.5680831	194.175343	145.643887	8.80756606	275.236439	35	19.3739612	7.15521060	223.600331
5	8:57:42	4.12	93.310	28.800	47935.000	18.000	93.318573	19.5502411	193.998296	145.511091	8.79953542	274.985482	35	19.3739612	7.14868656	223.396455
5	8:57:57	4.38	92.790	28.860	47941.000	18.000	92.809564	19.4436037	192.940127	144.717396	8.75153809	273.485565	35	19.3739612	7.10969384	222.177932
5	8:58:12	4.62	93.500	28.770	47921.000	18.000	93.574350	19.6038264	194.530027	145.909922	8.82365409	275.739190	35	19.3739612	7.16828042	224.008763
5	8:58:27	4.87	93.480	28.780	47961.000	18.000	93.488997	19.5859448	194.352587	145.776831	8.81560561	275.487675	35	19.3739612	7.16174189	223.804434
5	8:58:42	5.13	92.790	28.860	47900.000	18.000	92.809564	19.4436037	192.940127	144.717396	8.75153809	273.485565	35	19.3739612	7.10969384	222.177932
5	8:58:57	5.38	93.150	28.810	47975.000	18.000	93.233503	19.5324189	193.821446	145.378441	8.79151368	274.734803	35	19.3739612	7.14216976	223.192805
5	8:59:12	5.62	93.670	28.750	47933.000	18.000	93.745342	19.6396492	194.885499	146.176549	8.83977789	276.243059	35	19.3739612	7.18137929	224.418103
5	8:59:27	5.88	93.350	28.790	47972.000	18.000	93.403738	19.5680831	194.175343	145.643887	8.80756606	275.236439	35	19.3739612	7.15521060	223.600331
5	8:59:42	6.12	93.370	28.790	47933.000	18.000	93.403738	19.5680831	194.175343	145.643887	8.80756606	275.236439	35	19.3739612	7.15521060	223.600331
5	8:59:57	6.38	93.240	28.800	47932.000	18.000	93.318573	19.5502411	193.998296	145.511091	8.79953542	274.985482	35	19.3739612	7.14868656	223.396455
5	9:00:12	6.63	93.050	28.830	47951.000	18.000	93.063646	19.4968338	193.468332	145.113584	8.77549687	274.234277	35	19.3739612	7.12915780	222.786181
5	9:00:27	6.88	93.140	28.820	47932.000	18.000	93.148527	19.5146165	193.644791	145.245939	8.78350084	274.484401	35	19.3739612	7.13566017	222.989380
5	9:00:42	7.13	92.620	28.880	47956.000	18.000	92.640645	19.4082151	192.588963	144.454001	8.73560972	272.987804	35	19.3739612	7.09675374	221.773554
5	9:00:57	7.37	93.230	28.810	47955.000	18.000	93.233503	19.5324189	193.821446	145.378441	8.79151368	274.734803	35	19.3739612	7.14216976	223.192805
5	9:01:12	7.63	93.650	28.760	47914.000	18.000	93.659799	19.6217279	194.707664	146.043162	8.83171151	275.990985	35	19.3739612	7.17482622	224.213319
5	9:01:27	7.88	92.790	28.860	47968.000	18.000	92.809564	19.4436037	192.940127	144.717396	8.75153809	273.485565	35	19.3739612	7.10969384	222.177932
5	9:01:42	8.13	93.240	28.800	47890.000	18.000	93.318573	19.5502411	193.998296	145.511091	8.79953542	274.985482	35	19.3739612	7.14868656	223.396455
5	9:01:57	8.37	93.010	28.830	47915.000	18.000	93.063646	19.4968338	193.468332	145.113584	8.77549687	274.234277	35	19.3739612	7.12915780	222.786181
5	9:02:12	8.63	93.200	28.810	47974.000	18.000	93.233503	19.5324189	193.821446	145.378441	8.79151368	274.734803	35	19.3739612	7.14216976	223.192805
5	9:02:27	8.88	92.690	28.870	47974.000	18.000	92.725058	19.4258996	192.764448	144.585626	8.74356950	273.236547	35	19.3739612	7.10322021	221.975631
5	9:02:42	9.13	93.170	28.810	47976.000	18.000	93.233503	19.5324189	193.821446	145.378441	8.79151368	274.734803	35	19.3739612	7.14216976	223.192805
5	9:02:57	9.38	92.970	28.840	47889.000	18.000	92.978858	19.4790708	193.292069	144.981375	8.76750176	273.984430	35	19.3739612	7.12266262	222.583207
5	9:03:12	9.63	92.710	28.870	47967.000	18.000	92.725058	19.4258996	192.764448	144.585626	8.74356950	273.236547	35	19.3739612	7.10322021	221.975631
5	9:03:27	9.88	93.490	28.770	47998.000	18.000	93.574350	19.6038264	194.530027	145.909922	8.82365409	275.739190	35	19.3739612	7.16828042	224.008763
5	9:03:42	10.13	93.310	28.800	48006.000	18.000	93.318573	19.5502411	193.998296	145.511091	8.79953542	274.985482	35	19.3739612	7.14868656	223.396455
5	9:03:57	10.38	93.310	28.800	47927.000	18.000	93.318573	19.5502411	193.998296	145.511091	8.79953542	274.985482	35	19.3739612	7.14868656	223.396455
5	9:04:12	10.62	93.050	28.830	47986.000	18.000	93.063646	19.4968338	193.468332	145.113584	8.77549687	274.234277	35	19.3739612	7.12915780	222.786181
5	9:04:27	10.88	93.140	28.820	47959.000	18.000	93.148527	19.5146165	193.644791	145.245939	8.78350084	274.484401	35	19.3739612	7.13566017	222.989380
5	9:04:42	11.13	92.670	28.870	47972.000	18.000	92.725058	19.4258996	192.764448	144.585626	8.74356950	273.236547	35	19.3739612	7.10322021	221.975631
5	9:04:57	11.38	92.540	28.890	47986.000	18.000	92.556325	19.3905502	192.413673	144.322522	8.72765875	272.739336	35	19.3739612	7.09029441	221.571700
5	9:05:12	11.62	93.140	28.820	47980.000	18.000	93.148527	19.5146165	193.644791	145.245939	8.78350084	274.484401	35	19.3739612	7.13566017	222.989380
5	9:05:27	11.87	92.990	28.830	48012.000	18.000	93.063646	19.4968338	193.468332	145.113584	8.77549687	274.234277	35	19.3739612	7.12915780	222.786181
5	9:05:42	12.13	92.830	28.850	47969.000	18.000	92.894164	19.4613274	193.116000	144.849312	8.75951550	273.734860	35	19.3739612	7.11617464	222.380458
5	9:05:57	12.38	92.800	28.860	47961.000	18.000	92.809564	19.4436037	192.940127	144.717396	8.75153809	273.485565	35	19.3739612	7.10969384	222.177932
5	9:06:12	12.63	92.660	28.870	47992.000	18.000	92.725058	19.4258996	192.764448	144.585626	8.74356950	273.236547	35	19.3739612	7.10322021	221.975631
5	9:06:27	12.87	92.930	28.840	47922.000	18.000	92.978858	19.4790708	193.292069	144.981375	8.76750176	273.984430	35	19.3739612	7.12266262	222.583207
5	9:06:42	13.13	93.360	28.790	48029.000	18.000	93.403738	19.5680831	194.175343	145.643887	8.80756606	275.236439	35	19.3739612	7.15521060	223.600331
5	9:06:57	13.38	92.640	28.870	47996.000	18.000	92.725058	19.4258996	192.764448	144.585626	8.74356950	273.236547	35	19.3739612	7.10322021	221.975631
5	9:07:12	13.63	92.640	28.870	47974.000	18.000	92.725058	19.4258996	192.764448	144.585626	8.74356950	273.236547	35	19.3739612	7.10322021	221.975631
5	9:07:27	13.88	92.690	28.870	47935.000	18.000	92.725058	19.4258996	192.764448	144.585626	8.74356950	273.236547	35	19.3739612	7.10322021	221.975631
5	9:07:42	14.12	93.050	28.830	47972.000	18.000	93.063646	19.4968338	193.468332	145.113584	8.77549687	274.234277	35	19.3739612	7.12915780	222.786181
5	9:07:57	14.38	92.800	28.860	47963.000	18.000	92.809564	19.4436037	192.940127	144.717396	8.75153809	273.485565	35	19.3739612	7.10969384	222.177932
5	9:08:12	14.62	92.840	28.850	47937.000	18.000	92.894164	19.4613274	193.116000	144.849312	8.75951550	273.734860	35	19.3739612	7.11617464	222.380458
5	9:08:27	14.88	92.660	28.870	47966.000	18.000	92.725058	19.4258996	192.764448	144.585626	8.74356950	273.236547	35	19.3739612	7.10322021	221.975631
5	9:08:42	15.13	93.010	28.830	47953.000	18.000	93.063646	19.4968338	193.468332	145.113584	8.77549687	274.234277	35	19.3739612	7.12915780	222.786181
5	9:08:57	15.38	92.900	28.840	47952.000	18.000	92.978858	19.4790708	193.292069	144.981375	8.76750176	273.984430	35	19.3739612	7.12266262	222.583207
5	9:09:12	15.63	92.610	28.880	47955.000	18.000	92.640645	19.4082151	192.588963	144.454001	8.73560972	272.987804	35	19.3739612	7.09675374	221.773554
5	9:09:27	15.88	92.630	28.880	47966.000	18.000	92.640645	19.4082151	192.588963	144.454001	8.73560972	272.987804	35	19.3739612	7.09675374	221.773554
5	9:09:42	16.12	92.830	28.850	47959.000	18.000	92.894164	19.4613274	193.116000	144.849312	8.75951550	273.734860	35	19.3739612	7.11617464	222.380458
5	9:09:57	16.37	92.830	28.850	47956.000	18.000	92.894164	19.4613274	193.116000	144.849312	8.75951550	273.734860	35	19.3739612	7.11617464	222.380458
5	9:10:12	16.63	92.990	28.830	47948.000	18.000	93.063646	19.4968338	193.468332	145.113584	8.77549687	274.234277	35	19.3739612	7.12915780	222.786181
5	9:10:27	16.88	92.310	28.910	47956.000	18.000	92.387965	19.3552788	192.063672	144.059999	8.71178315	272.243223	35	19.3739612	7.07739718	221.168662
5	9:10:42	17.13	92.590	28.880	47969.000	18.000	92.640645	19.4082151	192.588963	144.454001	8.73560972	272.987804	35	19.3739612	7.09675374	221.773554
5	9:10:57	17.38	92.600	28.880	47948.000	18.000	92.640645	19.4082151	192.588963	144.454001	8.73560972	272.987804	35	19.3739612	7.09675374	221.773554
5	9:11:12	17.62	92.930	28.840	47998.000	18.000	92.978858	19.4790708	193.292069	144.981375	8.76750176	273.984430	35	19.3739612	7.12266262	222.583207
5	9:11:27	17.87	92.660	28.870	48004.000	18.000	92.725058	19.4258996	192.764448	144.585626	8.74356950	273.236547	35	19.3739612	7.10322021	221.975631
5	9:11:42	18.13	92.290	28.920	47975.000	18.000	92.303925	19.3376723	191.888962	143.928956	8.70385850	271.995578	35	19.3739612	7.07095925	220.967476
5	9:11:57	18.38	92.830	28.850	47963.000	18.000	92.894164	19.4613274	193.116000	144.849312	8.75951550	273.734860	35	19.3739612	7.11617464	222.380458
5	9:12:12	18.63	92.560	28.880	47964.000	18.000	92.640645	19.4082151	192.588963	144.454001	8.73560972	272.987804	35	19.3739612	7.09675374	221.773554
5	9:12:27	18.88	92.560	28.880	47982.000	18.000	92.640645	19.4082151	192.588963	144.454001	8.73560972	272.987804	35	19.3739612	7.09675374	221.773554
5	9:12:42	19.13	92.360	28.910	47958.000	18.000	92.387965	19.3552788	192.063672	144.059999	8.71178315	272.243223	35	19.3739612	7.07739718	221.168662
5	9:12:57	19.38	92.950	28.840	47963.000	18.000	92.978858	19.4790708	193.292069	144.981375	8.76750176	273.984430	35	19.3739612	7.12266262	222.583207
5	9:13:12	19.63	92.830	28.850	47993.000	18.000	92.894164	19.4613274	193.116000	144.849312	8.75951550	273.734860	35	19.3739612	7.11617464	222.380458
5	9:13:27	19.88	92.540	28.890	47975.000	18.000	92.556325	19.3905502	192.413673	144.322522	8.72765875	272.739336	35	19.3739612	7.09029441	221.571700
5	9:13:42	20.13	92.470	28.900	48010.000	18.000	92.472099	19.3729047	192.238576	144.191188	8.71971656	272.491143	35	19.3739612	7.08384223	221.370070
