Chamber	Time/hh:mm:ss	Logtime/min	Oxy/% air sat.	Phase/°	Amp	Temp/°C	% air-sat.	% oxygen	pO2 (hPa)	pO2 (Torr)	cO2 [mg/L]	cO2 [µmol/L]	Salinity	chlorinity	SalCorcO2 [mg/L]	SalCorcO2 [µmol/L]
8	12:18:50	0.00	94.590	29.810	13570.000	12.000	94.649379	19.8290450	198.079122	148.571970	10.16769956	317.740611	35	19.3739612	8.14852240	254.641325
8	12:18:57	0.12	94.710	29.800	13598.000	12.000	94.734025	19.8467782	198.256265	148.704838	10.17679257	318.024768	35	19.3739612	8.15580965	254.869052
8	12:19:12	0.37	95.780	29.670	13623.000	12.000	95.842737	20.0790533	200.576541	150.445193	10.29589583	321.746745	35	19.3739612	8.25126051	257.851891
8	12:19:27	0.62	94.850	29.780	13585.000	12.000	94.903588	19.8823017	198.611122	148.971004	10.19500792	318.593997	35	19.3739612	8.17040766	255.325239
8	12:19:42	0.87	93.590	29.930	13594.000	12.000	93.640685	19.6177234	195.968159	146.988613	10.05934064	314.354395	35	19.3739612	8.06168220	251.927569
8	12:19:57	1.12	96.000	29.650	13599.000	12.000	96.014690	20.1150775	200.936399	150.715110	10.31436790	322.323997	35	19.3739612	8.26606426	258.314508
8	12:20:12	1.37	96.290	29.610	13572.000	12.000	96.359712	20.1873597	201.658450	151.256694	10.35143187	323.482246	35	19.3739612	8.29576779	259.242743
8	12:20:27	1.62	95.270	29.730	13594.000	12.000	95.329096	19.9714455	199.501609	149.638926	10.24071799	320.022437	35	19.3739612	8.20704029	256.470009
8	12:20:42	1.87	94.610	29.810	13566.000	12.000	94.649379	19.8290450	198.079122	148.571970	10.16769956	317.740611	35	19.3739612	8.14852240	254.641325
8	12:20:57	2.12	95.210	29.740	13576.000	12.000	95.243811	19.9535784	199.323129	149.505054	10.23155630	319.736134	35	19.3739612	8.19969800	256.240562
8	12:21:12	2.37	94.520	29.820	13553.000	12.000	94.564825	19.8113308	197.902169	148.439244	10.15861631	317.456760	35	19.3739612	8.14124297	254.413843
8	12:21:27	2.62	95.490	29.710	13603.000	12.000	95.499940	20.0072375	199.859148	149.907103	10.25907099	320.595968	35	19.3739612	8.22174862	256.929644
8	12:21:42	2.87	94.640	29.810	13599.000	12.000	94.649379	19.8290450	198.079122	148.571970	10.16769956	317.740611	35	19.3739612	8.14852240	254.641325
8	12:21:57	3.12	95.310	29.730	13573.000	12.000	95.329096	19.9714455	199.501609	149.638926	10.24071799	320.022437	35	19.3739612	8.20704029	256.470009
8	12:22:12	3.37	95.110	29.750	13569.000	12.000	95.158618	19.9357305	199.144840	149.371326	10.22240446	319.450139	35	19.3739612	8.19236360	256.011362
8	12:22:27	3.62	94.280	29.850	13594.000	12.000	94.311705	19.7583023	197.372449	148.041920	10.13142496	316.607030	35	19.3739612	8.11945148	253.732859
8	12:22:42	3.87	96.180	29.630	13604.000	12.000	96.187015	20.1511796	201.297035	150.985610	10.33287987	322.902496	35	19.3739612	8.28089998	258.778125
8	12:22:57	4.12	97.060	29.520	13584.000	12.000	97.141489	20.3511419	203.294526	152.483856	10.43541413	326.106692	35	19.3739612	8.36307223	261.346007
8	12:23:12	4.37	94.570	29.810	13582.000	12.000	94.649379	19.8290450	198.079122	148.571970	10.16769956	317.740611	35	19.3739612	8.14852240	254.641325
8	12:23:27	4.62	94.510	29.820	13619.000	12.000	94.564825	19.8113308	197.902169	148.439244	10.15861631	317.456760	35	19.3739612	8.14124297	254.413843
8	12:23:42	4.87	95.260	29.730	13568.000	12.000	95.329096	19.9714455	199.501609	149.638926	10.24071799	320.022437	35	19.3739612	8.20704029	256.470009
8	12:23:57	5.12	95.690	29.680	13582.000	12.000	95.756899	20.0610703	200.396903	150.310453	10.28667473	321.458585	35	19.3739612	8.24387060	257.620956
8	12:24:12	5.37	95.440	29.710	13594.000	12.000	95.499940	20.0072375	199.859148	149.907103	10.25907099	320.595968	35	19.3739612	8.22174862	256.929644
8	12:24:27	5.62	96.610	29.580	13586.000	12.000	96.619459	20.2417767	202.202040	151.664421	10.37933515	324.354223	35	19.3739612	8.31812983	259.941557
8	12:24:42	5.87	93.970	29.890	13572.000	12.000	93.975476	19.6878623	196.668800	147.514138	10.09530560	315.478300	35	19.3739612	8.09050497	252.828280
8	12:24:57	6.12	95.370	29.720	13594.000	12.000	95.414472	19.9893319	199.680283	149.772943	10.24988955	320.309048	35	19.3739612	8.21439050	256.699703
8	12:25:12	6.37	95.610	29.690	13632.000	12.000	95.671154	20.0431067	200.217458	150.175858	10.27746357	321.170737	35	19.3739612	8.23648866	257.390271
8	12:25:27	6.62	94.910	29.770	13598.000	12.000	94.988507	19.9000922	198.788836	149.104301	10.20413028	318.879071	35	19.3739612	8.17771844	255.553701
8	12:25:42	6.87	95.730	29.680	13629.000	12.000	95.756899	20.0610703	200.396903	150.310453	10.28667473	321.458585	35	19.3739612	8.24387060	257.620956
8	12:25:57	7.12	96.290	29.610	13605.000	12.000	96.359712	20.1873597	201.658450	151.256694	10.35143187	323.482246	35	19.3739612	8.29576779	259.242743
8	12:26:12	7.37	95.920	29.660	13600.000	12.000	95.928667	20.0970557	200.756373	150.580079	10.30512688	322.035215	35	19.3739612	8.25865839	258.083075
8	12:26:27	7.62	94.780	29.790	13619.000	12.000	94.818761	19.8645304	198.433598	148.837850	10.18589535	318.309230	35	19.3739612	8.16310474	255.097023
8	12:26:42	7.87	95.730	29.680	13591.000	12.000	95.756899	20.0610703	200.396903	150.310453	10.28667473	321.458585	35	19.3739612	8.24387060	257.620956
8	12:26:57	8.12	93.950	29.890	13613.000	12.000	93.975476	19.6878623	196.668800	147.514138	10.09530560	315.478300	35	19.3739612	8.09050497	252.828280
8	12:27:12	8.37	95.530	29.700	13600.000	12.000	95.585501	20.0251625	200.038207	150.041408	10.26826233	320.883198	35	19.3739612	8.22911467	257.159833
8	12:27:27	8.62	95.260	29.730	13613.000	12.000	95.329096	19.9714455	199.501609	149.638926	10.24071799	320.022437	35	19.3739612	8.20704029	256.470009
8	12:27:42	8.87	95.870	29.660	13587.000	12.000	95.928667	20.0970557	200.756373	150.580079	10.30512688	322.035215	35	19.3739612	8.25865839	258.083075
8	12:27:57	9.12	94.640	29.810	13589.000	12.000	94.649379	19.8290450	198.079122	148.571970	10.16769956	317.740611	35	19.3739612	8.14852240	254.641325
8	12:28:12	9.37	95.960	29.650	13612.000	12.000	96.014690	20.1150775	200.936399	150.715110	10.31436790	322.323997	35	19.3739612	8.26606426	258.314508
8	12:28:27	9.62	95.730	29.680	13587.000	12.000	95.756899	20.0610703	200.396903	150.310453	10.28667473	321.458585	35	19.3739612	8.24387060	257.620956
8	12:28:42	9.87	94.260	29.850	13596.000	12.000	94.311705	19.7583023	197.372449	148.041920	10.13142496	316.607030	35	19.3739612	8.11945148	253.732859
8	12:28:57	10.12	94.630	29.810	13603.000	12.000	94.649379	19.8290450	198.079122	148.571970	10.16769956	317.740611	35	19.3739612	8.14852240	254.641325
8	12:29:12	10.37	95.530	29.700	13582.000	12.000	95.585501	20.0251625	200.038207	150.041408	10.26826233	320.883198	35	19.3739612	8.22911467	257.159833
8	12:29:27	10.62	94.870	29.780	13621.000	12.000	94.903588	19.8823017	198.611122	148.971004	10.19500792	318.593997	35	19.3739612	8.17040766	255.325239
8	12:29:42	10.87	93.800	29.910	13606.000	12.000	93.807901	19.6527553	196.318104	147.251095	10.07730387	314.915746	35	19.3739612	8.07607816	252.377443
8	12:29:57	11.12	94.830	29.780	13573.000	12.000	94.903588	19.8823017	198.611122	148.971004	10.19500792	318.593997	35	19.3739612	8.17040766	255.325239
8	12:30:12	11.37	94.660	29.800	13588.000	12.000	94.734025	19.8467782	198.256265	148.704838	10.17679257	318.024768	35	19.3739612	8.15580965	254.869052
8	12:30:27	11.62	95.370	29.720	13611.000	12.000	95.414472	19.9893319	199.680283	149.772943	10.24988955	320.309048	35	19.3739612	8.21439050	256.699703
8	12:30:42	11.87	94.830	29.780	13629.000	12.000	94.903588	19.8823017	198.611122	148.971004	10.19500792	318.593997	35	19.3739612	8.17040766	255.325239
8	12:30:57	12.12	92.800	30.030	13644.000	12.000	92.809941	19.4436826	194.229605	145.684587	9.97009806	311.565564	35	19.3739612	7.99016207	249.692565
8	12:31:12	12.37	95.660	29.690	13581.000	12.000	95.671154	20.0431067	200.217458	150.175858	10.27746357	321.170737	35	19.3739612	8.23648866	257.390271
8	12:31:27	12.62	96.280	29.610	13612.000	12.000	96.359712	20.1873597	201.658450	151.256694	10.35143187	323.482246	35	19.3739612	8.29576779	259.242743
8	12:31:42	12.87	95.850	29.660	13592.000	12.000	95.928667	20.0970557	200.756373	150.580079	10.30512688	322.035215	35	19.3739612	8.25865839	258.083075
8	12:31:57	13.12	94.140	29.870	13604.000	12.000	94.143411	19.7230445	197.020247	147.777746	10.11334593	316.042060	35	19.3739612	8.10496272	253.280085
8	12:32:12	13.37	94.790	29.790	13581.000	12.000	94.818761	19.8645304	198.433598	148.837850	10.18589535	318.309230	35	19.3739612	8.16310474	255.097023
8	12:32:27	13.62	94.680	29.800	13587.000	12.000	94.734025	19.8467782	198.256265	148.704838	10.17679257	318.024768	35	19.3739612	8.15580965	254.869052
8	12:32:42	13.87	94.830	29.780	13606.000	12.000	94.903588	19.8823017	198.611122	148.971004	10.19500792	318.593997	35	19.3739612	8.17040766	255.325239
8	12:32:57	14.12	94.370	29.840	13613.000	12.000	94.395988	19.7759595	197.548833	148.174219	10.14047902	316.889969	35	19.3739612	8.12670752	253.959610
8	12:33:12	14.37	96.090	29.640	13574.000	12.000	96.100806	20.1331188	201.116620	150.850287	10.32361889	322.613090	35	19.3739612	8.27347812	258.546191
8	12:33:27	14.62	93.760	29.910	13581.000	12.000	93.807901	19.6527553	196.318104	147.251095	10.07730387	314.915746	35	19.3739612	8.07607816	252.377443
8	12:33:42	14.87	94.080	29.870	13603.000	12.000	94.143411	19.7230445	197.020247	147.777746	10.11334593	316.042060	35	19.3739612	8.10496272	253.280085
8	12:33:57	15.12	93.690	29.920	13577.000	12.000	93.724248	19.6352300	196.143038	147.119784	10.06831745	314.634920	35	19.3739612	8.06887633	252.152385
8	12:34:12	15.37	94.270	29.850	13609.000	12.000	94.311705	19.7583023	197.372449	148.041920	10.13142496	316.607030	35	19.3739612	8.11945148	253.732859
8	12:34:27	15.62	93.790	29.910	13616.000	12.000	93.807901	19.6527553	196.318104	147.251095	10.07730387	314.915746	35	19.3739612	8.07607816	252.377443
8	12:34:42	15.87	94.330	29.840	13604.000	12.000	94.395988	19.7759595	197.548833	148.174219	10.14047902	316.889969	35	19.3739612	8.12670752	253.959610
8	12:34:57	16.12	95.380	29.720	13622.000	12.000	95.414472	19.9893319	199.680283	149.772943	10.24988955	320.309048	35	19.3739612	8.21439050	256.699703
8	12:35:12	16.37	95.740	29.680	13617.000	12.000	95.756899	20.0610703	200.396903	150.310453	10.28667473	321.458585	35	19.3739612	8.24387060	257.620956
8	12:35:27	16.62	94.750	29.790	13593.000	12.000	94.818761	19.8645304	198.433598	148.837850	10.18589535	318.309230	35	19.3739612	8.16310474	255.097023
8	12:35:42	16.87	95.750	29.680	13572.000	12.000	95.756899	20.0610703	200.396903	150.310453	10.28667473	321.458585	35	19.3739612	8.24387060	257.620956
8	12:35:57	17.12	94.790	29.790	13602.000	12.000	94.818761	19.8645304	198.433598	148.837850	10.18589535	318.309230	35	19.3739612	8.16310474	255.097023
8	12:36:12	17.37	95.450	29.710	13639.000	12.000	95.499940	20.0072375	199.859148	149.907103	10.25907099	320.595968	35	19.3739612	8.22174862	256.929644
8	12:36:27	17.62	95.470	29.710	13610.000	12.000	95.499940	20.0072375	199.859148	149.907103	10.25907099	320.595968	35	19.3739612	8.22174862	256.929644
8	12:36:42	17.87	94.800	29.790	13595.000	12.000	94.818761	19.8645304	198.433598	148.837850	10.18589535	318.309230	35	19.3739612	8.16310474	255.097023
8	12:36:57	18.12	94.260	29.850	13563.000	12.000	94.311705	19.7583023	197.372449	148.041920	10.13142496	316.607030	35	19.3739612	8.11945148	253.732859
8	12:37:12	18.37	94.390	29.840	13596.000	12.000	94.395988	19.7759595	197.548833	148.174219	10.14047902	316.889969	35	19.3739612	8.12670752	253.959610
8	12:37:27	18.62	95.280	29.730	13603.000	12.000	95.329096	19.9714455	199.501609	149.638926	10.24071799	320.022437	35	19.3739612	8.20704029	256.470009
8	12:37:42	18.87	95.510	29.700	13609.000	12.000	95.585501	20.0251625	200.038207	150.041408	10.26826233	320.883198	35	19.3739612	8.22911467	257.159833
8	12:37:57	19.12	95.580	29.700	13588.000	12.000	95.585501	20.0251625	200.038207	150.041408	10.26826233	320.883198	35	19.3739612	8.22911467	257.159833
8	12:38:12	19.37	95.860	29.660	13606.000	12.000	95.928667	20.0970557	200.756373	150.580079	10.30512688	322.035215	35	19.3739612	8.25865839	258.083075
