Chamber	Time/hh:mm:ss	Logtime/min	Oxy/% air sat.	Phase/°	Amp	Temp/°C	% air-sat.	% oxygen	pO2 (hPa)	pO2 (Torr)	cO2 [mg/L]	cO2 [µmol/L]	Salinity	chlorinity	SalCorcO2 [mg/L]	SalCorcO2 [µmol/L]
6	10:01:23	0.00	96.670	28.980	38703.000	15.000	96.715680	20.2619350	201.788721	151.354406	9.71652343	303.641357	35	19.3739612	7.84366515	245.114536
6	10:01:36	0.21	96.530	29.000	38647.000	15.000	96.540168	20.2251652	201.422530	151.079739	9.69889062	303.090332	35	19.3739612	7.82943107	244.669721
6	10:01:51	0.46	96.370	29.010	38622.000	15.000	96.452557	20.2068107	201.239737	150.942633	9.69008878	302.815274	35	19.3739612	7.82232578	244.447681
6	10:02:06	0.71	96.150	29.040	38680.000	15.000	96.190302	20.1518682	200.692564	150.532219	9.66374134	301.991917	35	19.3739612	7.80105681	243.783025
6	10:02:21	0.96	96.510	29.000	38683.000	15.000	96.540168	20.2251652	201.422530	151.079739	9.69889062	303.090332	35	19.3739612	7.82943107	244.669721
6	10:02:36	1.21	96.880	28.960	38670.000	15.000	96.891580	20.2987860	202.155720	151.629678	9.73419515	304.193599	35	19.3739612	7.85793066	245.560333
6	10:02:51	1.46	96.570	28.990	38699.000	15.000	96.627876	20.2435400	201.605525	151.216997	9.70770217	303.365693	35	19.3739612	7.83654419	244.892006
6	10:03:06	1.71	96.140	29.040	38672.000	15.000	96.190302	20.1518682	200.692564	150.532219	9.66374134	301.991917	35	19.3739612	7.80105681	243.783025
6	10:03:21	1.96	97.450	28.890	38657.000	15.000	97.510296	20.4284069	203.446615	152.597932	9.79635431	306.136072	35	19.3739612	7.90810864	247.128395
6	10:03:36	2.21	96.540	29.000	38629.000	15.000	96.540168	20.2251652	201.422530	151.079739	9.69889062	303.090332	35	19.3739612	7.82943107	244.669721
6	10:03:51	2.46	96.770	28.970	38676.000	15.000	96.803582	20.2803504	201.972119	151.491966	9.72535442	303.917326	35	19.3739612	7.85079397	245.337312
6	10:04:06	2.71	96.080	29.050	38658.000	15.000	96.103075	20.1335943	200.510575	150.395715	9.65497818	301.718068	35	19.3739612	7.79398274	243.561961
6	10:04:21	2.96	96.480	29.000	38661.000	15.000	96.540168	20.2251652	201.422530	151.079739	9.69889062	303.090332	35	19.3739612	7.82943107	244.669721
6	10:04:36	3.21	96.110	29.040	38664.000	15.000	96.190302	20.1518682	200.692564	150.532219	9.66374134	301.991917	35	19.3739612	7.80105681	243.783025
6	10:04:51	3.46	96.270	29.030	38670.000	15.000	96.277624	20.1701622	200.874755	150.668873	9.67251416	302.266067	35	19.3739612	7.80813866	244.004333
6	10:05:06	3.71	96.760	28.970	38667.000	15.000	96.803582	20.2803504	201.972119	151.491966	9.72535442	303.917326	35	19.3739612	7.85079397	245.337312
6	10:05:21	3.96	97.050	28.940	38666.000	15.000	97.067868	20.3357184	202.523530	151.905559	9.75190591	304.747060	35	19.3739612	7.87222767	246.007115
6	10:05:36	4.21	96.030	29.050	38654.000	15.000	96.103075	20.1335943	200.510575	150.395715	9.65497818	301.718068	35	19.3739612	7.79398274	243.561961
6	10:05:51	4.46	95.190	29.150	38687.000	15.000	95.236065	19.9519557	198.701635	149.038894	9.56787417	298.996068	35	19.3739612	7.72366802	241.364625
6	10:06:06	4.71	96.540	29.000	38683.000	15.000	96.540168	20.2251652	201.422530	151.079739	9.69889062	303.090332	35	19.3739612	7.82943107	244.669721
6	10:06:21	4.96	95.910	29.070	38672.000	15.000	95.928911	20.0971068	200.147195	150.123157	9.63748073	301.171273	35	19.3739612	7.77985793	243.120560
6	10:06:36	5.21	96.350	29.020	38651.000	15.000	96.365042	20.1884764	201.057145	150.805677	9.68129663	302.540520	35	19.3739612	7.81522832	244.225885
6	10:06:51	5.46	96.090	29.050	38641.000	15.000	96.103075	20.1335943	200.510575	150.395715	9.65497818	301.718068	35	19.3739612	7.79398274	243.561961
6	10:07:06	5.71	96.240	29.030	38661.000	15.000	96.277624	20.1701622	200.874755	150.668873	9.67251416	302.266067	35	19.3739612	7.80813866	244.004333
6	10:07:21	5.96	95.780	29.080	38675.000	15.000	95.841972	20.0788930	199.965805	149.987102	9.62874643	300.898326	35	19.3739612	7.77280716	242.900224
6	10:07:36	6.21	95.990	29.060	38698.000	15.000	96.015945	20.1153405	200.328785	150.259361	9.64622464	301.444520	35	19.3739612	7.78691645	243.341139
6	10:07:51	6.46	96.600	28.990	38697.000	15.000	96.627876	20.2435400	201.605525	151.216997	9.70770217	303.365693	35	19.3739612	7.83654419	244.892006
6	10:08:06	6.71	95.880	29.070	38724.000	15.000	95.928911	20.0971068	200.147195	150.123157	9.63748073	301.171273	35	19.3739612	7.77985793	243.120560
6	10:08:21	6.96	96.470	29.000	38664.000	15.000	96.540168	20.2251652	201.422530	151.079739	9.69889062	303.090332	35	19.3739612	7.82943107	244.669721
6	10:08:36	7.21	96.580	28.990	38645.000	15.000	96.627876	20.2435400	201.605525	151.216997	9.70770217	303.365693	35	19.3739612	7.83654419	244.892006
6	10:08:51	7.46	96.190	29.030	38664.000	15.000	96.277624	20.1701622	200.874755	150.668873	9.67251416	302.266067	35	19.3739612	7.80813866	244.004333
6	10:09:06	7.71	95.820	29.080	38649.000	15.000	95.841972	20.0788930	199.965805	149.987102	9.62874643	300.898326	35	19.3739612	7.77280716	242.900224
6	10:09:21	7.96	96.290	29.020	38709.000	15.000	96.365042	20.1884764	201.057145	150.805677	9.68129663	302.540520	35	19.3739612	7.81522832	244.225885
6	10:09:36	8.21	96.550	28.990	38729.000	15.000	96.627876	20.2435400	201.605525	151.216997	9.70770217	303.365693	35	19.3739612	7.83654419	244.892006
6	10:09:51	8.46	95.780	29.080	38689.000	15.000	95.841972	20.0788930	199.965805	149.987102	9.62874643	300.898326	35	19.3739612	7.77280716	242.900224
6	10:10:06	8.71	96.390	29.010	38674.000	15.000	96.452557	20.2068107	201.239737	150.942633	9.69008878	302.815274	35	19.3739612	7.82232578	244.447681
6	10:10:21	8.96	96.850	28.960	38711.000	15.000	96.891580	20.2987860	202.155720	151.629678	9.73419515	304.193599	35	19.3739612	7.85793066	245.560333
6	10:10:36	9.21	95.990	29.060	38703.000	15.000	96.015945	20.1153405	200.328785	150.259361	9.64622464	301.444520	35	19.3739612	7.78691645	243.341139
6	10:10:51	9.46	96.190	29.030	38650.000	15.000	96.277624	20.1701622	200.874755	150.668873	9.67251416	302.266067	35	19.3739612	7.80813866	244.004333
6	10:11:06	9.71	95.920	29.070	38697.000	15.000	95.928911	20.0971068	200.147195	150.123157	9.63748073	301.171273	35	19.3739612	7.77985793	243.120560
6	10:11:21	9.96	96.650	28.980	38710.000	15.000	96.715680	20.2619350	201.788721	151.354406	9.71652343	303.641357	35	19.3739612	7.84366515	245.114536
6	10:11:36	10.21	96.270	29.030	38711.000	15.000	96.277624	20.1701622	200.874755	150.668873	9.67251416	302.266067	35	19.3739612	7.80813866	244.004333
6	10:11:51	10.46	96.700	28.980	38690.000	15.000	96.715680	20.2619350	201.788721	151.354406	9.71652343	303.641357	35	19.3739612	7.84366515	245.114536
6	10:12:06	10.71	96.670	28.980	38721.000	15.000	96.715680	20.2619350	201.788721	151.354406	9.71652343	303.641357	35	19.3739612	7.84366515	245.114536
6	10:12:21	10.96	96.270	29.030	38717.000	15.000	96.277624	20.1701622	200.874755	150.668873	9.67251416	302.266067	35	19.3739612	7.80813866	244.004333
6	10:12:36	11.21	96.520	29.000	38678.000	15.000	96.540168	20.2251652	201.422530	151.079739	9.69889062	303.090332	35	19.3739612	7.82943107	244.669721
6	10:12:51	11.46	96.090	29.050	38715.000	15.000	96.103075	20.1335943	200.510575	150.395715	9.65497818	301.718068	35	19.3739612	7.79398274	243.561961
6	10:13:06	11.71	96.250	29.030	38681.000	15.000	96.277624	20.1701622	200.874755	150.668873	9.67251416	302.266067	35	19.3739612	7.80813866	244.004333
6	10:13:21	11.96	95.860	29.070	38715.000	15.000	95.928911	20.0971068	200.147195	150.123157	9.63748073	301.171273	35	19.3739612	7.77985793	243.120560
6	10:13:36	12.21	96.190	29.040	38733.000	15.000	96.190302	20.1518682	200.692564	150.532219	9.66374134	301.991917	35	19.3739612	7.80105681	243.783025
6	10:13:51	12.46	96.050	29.050	38705.000	15.000	96.103075	20.1335943	200.510575	150.395715	9.65497818	301.718068	35	19.3739612	7.79398274	243.561961
6	10:14:06	12.71	96.470	29.000	38743.000	15.000	96.540168	20.2251652	201.422530	151.079739	9.69889062	303.090332	35	19.3739612	7.82943107	244.669721
6	10:14:21	12.96	95.940	29.060	38708.000	15.000	96.015945	20.1153405	200.328785	150.259361	9.64622464	301.444520	35	19.3739612	7.78691645	243.341139
6	10:14:36	13.21	96.040	29.050	38741.000	15.000	96.103075	20.1335943	200.510575	150.395715	9.65497818	301.718068	35	19.3739612	7.79398274	243.561961
6	10:14:51	13.46	95.970	29.060	38697.000	15.000	96.015945	20.1153405	200.328785	150.259361	9.64622464	301.444520	35	19.3739612	7.78691645	243.341139
6	10:15:06	13.71	96.110	29.040	38716.000	15.000	96.190302	20.1518682	200.692564	150.532219	9.66374134	301.991917	35	19.3739612	7.80105681	243.783025
6	10:15:21	13.96	96.220	29.030	38718.000	15.000	96.277624	20.1701622	200.874755	150.668873	9.67251416	302.266067	35	19.3739612	7.80813866	244.004333
6	10:15:36	14.21	96.120	29.040	38754.000	15.000	96.190302	20.1518682	200.692564	150.532219	9.66374134	301.991917	35	19.3739612	7.80105681	243.783025
6	10:15:51	14.46	96.270	29.030	38717.000	15.000	96.277624	20.1701622	200.874755	150.668873	9.67251416	302.266067	35	19.3739612	7.80813866	244.004333
6	10:16:06	14.71	96.460	29.000	38724.000	15.000	96.540168	20.2251652	201.422530	151.079739	9.69889062	303.090332	35	19.3739612	7.82943107	244.669721
6	10:16:21	14.96	95.660	29.100	38766.000	15.000	95.668380	20.0425256	199.603621	149.715442	9.61130659	300.353331	35	19.3739612	7.75872884	242.460276
6	10:16:36	15.21	96.070	29.050	38751.000	15.000	96.103075	20.1335943	200.510575	150.395715	9.65497818	301.718068	35	19.3739612	7.79398274	243.561961
6	10:16:51	15.46	95.730	29.090	38748.000	15.000	95.755128	20.0606993	199.784613	149.851197	9.62002172	300.625679	35	19.3739612	7.76576413	242.680129
6	10:17:06	15.71	95.800	29.080	38741.000	15.000	95.841972	20.0788930	199.965805	149.987102	9.62874643	300.898326	35	19.3739612	7.77280716	242.900224
6	10:17:21	15.96	96.260	29.030	38762.000	15.000	96.277624	20.1701622	200.874755	150.668873	9.67251416	302.266067	35	19.3739612	7.80813866	244.004333
6	10:17:36	16.21	94.910	29.180	38751.000	15.000	94.977812	19.8978517	198.162812	148.634743	9.54192881	298.185275	35	19.3739612	7.70272362	240.710113
6	10:17:51	16.46	96.470	29.000	38709.000	15.000	96.540168	20.2251652	201.422530	151.079739	9.69889062	303.090332	35	19.3739612	7.82943107	244.669721
6	10:18:06	16.71	96.120	29.040	38753.000	15.000	96.190302	20.1518682	200.692564	150.532219	9.66374134	301.991917	35	19.3739612	7.80105681	243.783025
6	10:18:21	16.96	96.140	29.040	38710.000	15.000	96.190302	20.1518682	200.692564	150.532219	9.66374134	301.991917	35	19.3739612	7.80105681	243.783025
6	10:18:36	17.21	95.860	29.070	38788.000	15.000	95.928911	20.0971068	200.147195	150.123157	9.63748073	301.171273	35	19.3739612	7.77985793	243.120560
6	10:18:51	17.46	95.110	29.160	38792.000	15.000	95.149887	19.9339012	198.521830	148.904030	9.55921624	298.725507	35	19.3739612	7.71667890	241.146216
6	10:19:06	17.71	95.920	29.070	38788.000	15.000	95.928911	20.0971068	200.147195	150.123157	9.63748073	301.171273	35	19.3739612	7.77985793	243.120560
6	10:19:21	17.96	95.780	29.080	38794.000	15.000	95.841972	20.0788930	199.965805	149.987102	9.62874643	300.898326	35	19.3739612	7.77280716	242.900224
6	10:19:36	18.21	95.620	29.100	38738.000	15.000	95.668380	20.0425256	199.603621	149.715442	9.61130659	300.353331	35	19.3739612	7.75872884	242.460276
6	10:19:51	18.46	96.200	29.030	38793.000	15.000	96.277624	20.1701622	200.874755	150.668873	9.67251416	302.266067	35	19.3739612	7.80813866	244.004333
6	10:20:06	18.71	96.030	29.050	38704.000	15.000	96.103075	20.1335943	200.510575	150.395715	9.65497818	301.718068	35	19.3739612	7.79398274	243.561961
6	10:20:21	18.96	95.690	29.090	38762.000	15.000	95.755128	20.0606993	199.784613	149.851197	9.62002172	300.625679	35	19.3739612	7.76576413	242.680129
6	10:20:36	19.21	96.570	28.990	38723.000	15.000	96.627876	20.2435400	201.605525	151.216997	9.70770217	303.365693	35	19.3739612	7.83654419	244.892006
6	10:20:51	19.46	95.060	29.170	38774.000	15.000	95.063802	19.9158666	198.342223	148.769313	9.55056779	298.455243	35	19.3739612	7.70969744	240.928045
6	10:21:06	19.71	95.070	29.160	38758.000	15.000	95.149887	19.9339012	198.521830	148.904030	9.55921624	298.725507	35	19.3739612	7.71667890	241.146216
