Chamber	Time/hh:mm:ss	Logtime/min	Oxy/% air sat.	Phase/°	Amp	Temp/°C	% air-sat.	% oxygen	pO2 (hPa)	pO2 (Torr)	cO2 [mg/L]	cO2 [µmol/L]	Salinity	chlorinity	SalCorcO2 [mg/L]	SalCorcO2 [µmol/L]
8	14:01:03	0.00	95.060	30.370	33492.000	9.000	95.077235	19.9186808	199.482345	149.624477	10.96180744	342.556482	35	19.3739612	8.72055416	272.517317
8	14:01:16	0.22	94.540	30.430	33527.000	9.000	94.574230	19.8133012	198.426986	148.832890	10.90381410	340.744191	35	19.3739612	8.67441815	271.075567
8	14:01:31	0.47	95.310	30.340	33480.000	9.000	95.329934	19.9716212	200.012534	150.022153	10.99094198	343.466937	35	19.3739612	8.74373185	273.241620
8	14:01:46	0.72	94.740	30.410	33496.000	9.000	94.741545	19.8483538	198.778031	149.096197	10.92310449	341.347015	35	19.3739612	8.68976442	271.555138
8	14:02:00	0.96	95.130	30.360	33491.000	9.000	95.161379	19.9363090	199.658889	149.756896	10.97150871	342.859647	35	19.3739612	8.72827190	272.758497
8	14:02:16	1.22	95.380	30.330	33536.000	9.000	95.414345	19.9893052	200.189637	150.154991	11.00067401	343.771063	35	19.3739612	8.75147406	273.483565
8	14:02:31	1.47	95.260	30.340	33489.000	9.000	95.329934	19.9716212	200.012534	150.022153	10.99094198	343.466937	35	19.3739612	8.74373185	273.241620
8	14:02:46	1.72	94.850	30.390	33469.000	9.000	94.909214	19.8834802	199.129817	149.360059	10.94243557	341.951112	35	19.3739612	8.70514306	272.035721
8	14:03:00	1.96	95.020	30.370	33482.000	9.000	95.077235	19.9186808	199.482345	149.624477	10.96180744	342.556482	35	19.3739612	8.72055416	272.517317
8	14:03:16	2.22	95.060	30.370	33497.000	9.000	95.077235	19.9186808	199.482345	149.624477	10.96180744	342.556482	35	19.3739612	8.72055416	272.517317
8	14:03:31	2.47	95.140	30.360	33490.000	9.000	95.161379	19.9363090	199.658889	149.756896	10.97150871	342.859647	35	19.3739612	8.72827190	272.758497
8	14:03:46	2.72	94.880	30.390	33472.000	9.000	94.909214	19.8834802	199.129817	149.360059	10.94243557	341.951112	35	19.3739612	8.70514306	272.035721
8	14:04:01	2.97	94.850	30.390	33523.000	9.000	94.909214	19.8834802	199.129817	149.360059	10.94243557	341.951112	35	19.3739612	8.70514306	272.035721
8	14:04:15	3.22	95.160	30.360	33475.000	9.000	95.161379	19.9363090	199.658889	149.756896	10.97150871	342.859647	35	19.3739612	8.72827190	272.758497
8	14:04:30	3.47	95.160	30.350	33468.000	9.000	95.245612	19.9539558	199.835618	149.889454	10.98122022	343.163132	35	19.3739612	8.73599780	272.999931
8	14:04:46	3.72	95.090	30.360	33460.000	9.000	95.161379	19.9363090	199.658889	149.756896	10.97150871	342.859647	35	19.3739612	8.72827190	272.758497
8	14:05:01	3.97	94.800	30.400	33440.000	9.000	94.825335	19.8659078	198.953832	149.228058	10.93276494	341.648904	35	19.3739612	8.69744969	271.795303
8	14:05:16	4.22	94.450	30.440	33499.000	9.000	94.490705	19.7958026	198.251740	148.701445	10.89418413	340.443254	35	19.3739612	8.66675712	270.836160
8	14:05:31	4.47	95.120	30.360	33461.000	9.000	95.161379	19.9363090	199.658889	149.756896	10.97150871	342.859647	35	19.3739612	8.72827190	272.758497
8	14:05:46	4.72	94.920	30.380	33501.000	9.000	94.993180	19.9010713	199.305988	149.492198	10.95211640	342.253637	35	19.3739612	8.71284455	272.276392
8	14:06:01	4.97	95.230	30.350	33462.000	9.000	95.245612	19.9539558	199.835618	149.889454	10.98122022	343.163132	35	19.3739612	8.73599780	272.999931
8	14:06:16	5.22	94.390	30.450	33482.000	9.000	94.407267	19.7783224	198.076679	148.570138	10.88456428	340.142634	35	19.3739612	8.65910415	270.597005
8	14:06:31	5.47	95.430	30.320	33481.000	9.000	95.498845	20.0070080	200.366927	150.287970	11.01041633	344.075510	35	19.3739612	8.75922447	273.725765
8	14:06:46	5.72	94.800	30.400	33435.000	9.000	94.825335	19.8659078	198.953832	149.228058	10.93276494	341.648904	35	19.3739612	8.69744969	271.795303
8	14:07:01	5.97	95.020	30.370	33473.000	9.000	95.077235	19.9186808	199.482345	149.624477	10.96180744	342.556482	35	19.3739612	8.72055416	272.517317
8	14:07:15	6.22	95.050	30.370	33482.000	9.000	95.077235	19.9186808	199.482345	149.624477	10.96180744	342.556482	35	19.3739612	8.72055416	272.517317
8	14:07:30	6.47	95.070	30.370	33500.000	9.000	95.077235	19.9186808	199.482345	149.624477	10.96180744	342.556482	35	19.3739612	8.72055416	272.517317
8	14:07:46	6.72	94.800	30.400	33465.000	9.000	94.825335	19.8659078	198.953832	149.228058	10.93276494	341.648904	35	19.3739612	8.69744969	271.795303
8	14:08:01	6.97	95.060	30.370	33500.000	9.000	95.077235	19.9186808	199.482345	149.624477	10.96180744	342.556482	35	19.3739612	8.72055416	272.517317
8	14:08:16	7.22	95.160	30.350	33484.000	9.000	95.245612	19.9539558	199.835618	149.889454	10.98122022	343.163132	35	19.3739612	8.73599780	272.999931
8	14:08:31	7.47	95.110	30.360	33439.000	9.000	95.161379	19.9363090	199.658889	149.756896	10.97150871	342.859647	35	19.3739612	8.72827190	272.758497
8	14:08:46	7.72	95.710	30.290	33489.000	9.000	95.752881	20.0602286	200.899923	150.687751	11.03970512	344.990785	35	19.3739612	8.78252486	274.453902
8	14:09:01	7.97	94.720	30.410	33440.000	9.000	94.741545	19.8483538	198.778031	149.096197	10.92310449	341.347015	35	19.3739612	8.68976442	271.555138
8	14:09:16	8.22	95.650	30.300	33404.000	9.000	95.668113	20.0424696	200.722070	150.554350	11.02993187	344.685371	35	19.3739612	8.77474985	274.210933
8	14:09:31	8.47	95.060	30.370	33474.000	9.000	95.077235	19.9186808	199.482345	149.624477	10.96180744	342.556482	35	19.3739612	8.72055416	272.517317
8	14:09:46	8.72	94.850	30.390	33421.000	9.000	94.909214	19.8834802	199.129817	149.360059	10.94243557	341.951112	35	19.3739612	8.70514306	272.035721
8	14:10:00	8.96	95.230	30.350	33461.000	9.000	95.245612	19.9539558	199.835618	149.889454	10.98122022	343.163132	35	19.3739612	8.73599780	272.999931
8	14:10:15	9.22	94.690	30.410	33512.000	9.000	94.741545	19.8483538	198.778031	149.096197	10.92310449	341.347015	35	19.3739612	8.68976442	271.555138
8	14:10:30	9.47	94.560	30.430	33427.000	9.000	94.574230	19.8133012	198.426986	148.832890	10.90381410	340.744191	35	19.3739612	8.67441815	271.075567
8	14:10:46	9.72	95.240	30.350	33474.000	9.000	95.245612	19.9539558	199.835618	149.889454	10.98122022	343.163132	35	19.3739612	8.73599780	272.999931
8	14:11:01	9.97	95.610	30.300	33439.000	9.000	95.668113	20.0424696	200.722070	150.554350	11.02993187	344.685371	35	19.3739612	8.77474985	274.210933
8	14:11:16	10.22	95.340	30.330	33426.000	9.000	95.414345	19.9893052	200.189637	150.154991	11.00067401	343.771063	35	19.3739612	8.75147406	273.483565
8	14:11:31	10.47	94.850	30.390	33472.000	9.000	94.909214	19.8834802	199.129817	149.360059	10.94243557	341.951112	35	19.3739612	8.70514306	272.035721
8	14:11:45	10.72	95.440	30.320	33471.000	9.000	95.498845	20.0070080	200.366927	150.287970	11.01041633	344.075510	35	19.3739612	8.75922447	273.725765
8	14:12:01	10.97	94.500	30.430	33453.000	9.000	94.574230	19.8133012	198.426986	148.832890	10.90381410	340.744191	35	19.3739612	8.67441815	271.075567
8	14:12:16	11.22	95.330	30.340	33460.000	9.000	95.329934	19.9716212	200.012534	150.022153	10.99094198	343.466937	35	19.3739612	8.74373185	273.241620
8	14:12:31	11.47	95.480	30.320	33435.000	9.000	95.498845	20.0070080	200.366927	150.287970	11.01041633	344.075510	35	19.3739612	8.75922447	273.725765
8	14:12:46	11.72	94.690	30.410	33471.000	9.000	94.741545	19.8483538	198.778031	149.096197	10.92310449	341.347015	35	19.3739612	8.68976442	271.555138
8	14:13:01	11.97	95.640	30.300	33487.000	9.000	95.668113	20.0424696	200.722070	150.554350	11.02993187	344.685371	35	19.3739612	8.77474985	274.210933
8	14:13:16	12.22	95.110	30.360	33417.000	9.000	95.161379	19.9363090	199.658889	149.756896	10.97150871	342.859647	35	19.3739612	8.72827190	272.758497
8	14:13:30	12.47	95.520	30.310	33470.000	9.000	95.583434	20.0247294	200.544405	150.421089	11.02016894	344.380279	35	19.3739612	8.76698306	273.968221
8	14:13:46	12.72	95.470	30.320	33413.000	9.000	95.498845	20.0070080	200.366927	150.287970	11.01041633	344.075510	35	19.3739612	8.75922447	273.725765
8	14:14:01	12.97	95.470	30.320	33478.000	9.000	95.498845	20.0070080	200.366927	150.287970	11.01041633	344.075510	35	19.3739612	8.75922447	273.725765
8	14:14:16	13.22	95.630	30.300	33449.000	9.000	95.668113	20.0424696	200.722070	150.554350	11.02993187	344.685371	35	19.3739612	8.77474985	274.210933
8	14:14:30	13.47	95.330	30.330	33414.000	9.000	95.414345	19.9893052	200.189637	150.154991	11.00067401	343.771063	35	19.3739612	8.75147406	273.483565
8	14:14:46	13.72	94.750	30.400	33390.000	9.000	94.825335	19.8659078	198.953832	149.228058	10.93276494	341.648904	35	19.3739612	8.69744969	271.795303
8	14:15:01	13.97	95.560	30.310	33462.000	9.000	95.583434	20.0247294	200.544405	150.421089	11.02016894	344.380279	35	19.3739612	8.76698306	273.968221
8	14:15:16	14.22	95.650	30.300	33420.000	9.000	95.668113	20.0424696	200.722070	150.554350	11.02993187	344.685371	35	19.3739612	8.77474985	274.210933
8	14:15:31	14.47	95.210	30.350	33478.000	9.000	95.245612	19.9539558	199.835618	149.889454	10.98122022	343.163132	35	19.3739612	8.73599780	272.999931
8	14:15:45	14.72	95.030	30.370	33442.000	9.000	95.077235	19.9186808	199.482345	149.624477	10.96180744	342.556482	35	19.3739612	8.72055416	272.517317
8	14:16:00	14.96	95.070	30.370	33442.000	9.000	95.077235	19.9186808	199.482345	149.624477	10.96180744	342.556482	35	19.3739612	8.72055416	272.517317
8	14:16:16	15.22	95.220	30.350	33437.000	9.000	95.245612	19.9539558	199.835618	149.889454	10.98122022	343.163132	35	19.3739612	8.73599780	272.999931
8	14:16:31	15.47	95.640	30.300	33449.000	9.000	95.668113	20.0424696	200.722070	150.554350	11.02993187	344.685371	35	19.3739612	8.77474985	274.210933
8	14:16:45	15.71	95.120	30.360	33401.000	9.000	95.161379	19.9363090	199.658889	149.756896	10.97150871	342.859647	35	19.3739612	8.72827190	272.758497
8	14:17:01	15.97	94.880	30.390	33421.000	9.000	94.909214	19.8834802	199.129817	149.360059	10.94243557	341.951112	35	19.3739612	8.70514306	272.035721
8	14:17:16	16.22	95.170	30.350	33447.000	9.000	95.245612	19.9539558	199.835618	149.889454	10.98122022	343.163132	35	19.3739612	8.73599780	272.999931
8	14:17:31	16.47	95.220	30.350	33433.000	9.000	95.245612	19.9539558	199.835618	149.889454	10.98122022	343.163132	35	19.3739612	8.73599780	272.999931
8	14:17:45	16.72	95.500	30.310	33394.000	9.000	95.583434	20.0247294	200.544405	150.421089	11.02016894	344.380279	35	19.3739612	8.76698306	273.968221
8	14:18:01	16.97	95.070	30.370	33397.000	9.000	95.077235	19.9186808	199.482345	149.624477	10.96180744	342.556482	35	19.3739612	8.72055416	272.517317
8	14:18:16	17.22	95.240	30.350	33455.000	9.000	95.245612	19.9539558	199.835618	149.889454	10.98122022	343.163132	35	19.3739612	8.73599780	272.999931
8	14:18:31	17.47	94.990	30.380	33453.000	9.000	94.993180	19.9010713	199.305988	149.492198	10.95211640	342.253637	35	19.3739612	8.71284455	272.276392
8	14:18:45	17.72	95.380	30.330	33449.000	9.000	95.414345	19.9893052	200.189637	150.154991	11.00067401	343.771063	35	19.3739612	8.75147406	273.483565
8	14:19:01	17.97	95.490	30.320	33465.000	9.000	95.498845	20.0070080	200.366927	150.287970	11.01041633	344.075510	35	19.3739612	8.75922447	273.725765
8	14:19:15	18.22	95.300	30.340	33415.000	9.000	95.329934	19.9716212	200.012534	150.022153	10.99094198	343.466937	35	19.3739612	8.74373185	273.241620
8	14:19:30	18.46	95.170	30.350	33425.000	9.000	95.245612	19.9539558	199.835618	149.889454	10.98122022	343.163132	35	19.3739612	8.73599780	272.999931
8	14:19:46	18.72	95.390	30.330	33405.000	9.000	95.414345	19.9893052	200.189637	150.154991	11.00067401	343.771063	35	19.3739612	8.75147406	273.483565
8	14:20:00	18.97	95.640	30.300	33413.000	9.000	95.668113	20.0424696	200.722070	150.554350	11.02993187	344.685371	35	19.3739612	8.77474985	274.210933
8	14:20:15	19.22	96.330	30.220	33433.000	9.000	96.348777	20.1850688	202.150177	151.625521	11.10840819	347.137756	35	19.3739612	8.83718089	276.161903
8	14:20:31	19.47	95.150	30.360	33429.000	9.000	95.161379	19.9363090	199.658889	149.756896	10.97150871	342.859647	35	19.3739612	8.72827190	272.758497
8	14:20:46	19.72	95.730	30.290	33447.000	9.000	95.752881	20.0602286	200.899923	150.687751	11.03970512	344.990785	35	19.3739612	8.78252486	274.453902
8	14:21:01	19.97	95.620	30.300	33455.000	9.000	95.668113	20.0424696	200.722070	150.554350	11.02993187	344.685371	35	19.3739612	8.77474985	274.210933
8	14:21:16	20.22	95.390	30.330	33438.000	9.000	95.414345	19.9893052	200.189637	150.154991	11.00067401	343.771063	35	19.3739612	8.75147406	273.483565
