Chamber	Time/hh:mm:ss	Logtime/min	Oxy/% air sat.	Phase/°	Amp	Temp/°C	% air-sat.	% oxygen	pO2 (hPa)	pO2 (Torr)	cO2 [mg/L]	cO2 [µmol/L]	Salinity	chlorinity	SalCorcO2 [mg/L]	SalCorcO2 [µmol/L]
8	14:33:08	0.00	94.800	30.400	31743.000	9.000	94.825335	19.8659078	198.953832	149.228058	10.93276494	341.648904	35	19.3739612	8.69744969	271.795303
8	14:33:18	0.17	94.690	30.410	31722.000	9.000	94.741545	19.8483538	198.778031	149.096197	10.92310449	341.347015	35	19.3739612	8.68976442	271.555138
8	14:33:33	0.42	94.690	30.410	31783.000	9.000	94.741545	19.8483538	198.778031	149.096197	10.92310449	341.347015	35	19.3739612	8.68976442	271.555138
8	14:33:48	0.67	95.140	30.360	31696.000	9.000	95.161379	19.9363090	199.658889	149.756896	10.97150871	342.859647	35	19.3739612	8.72827190	272.758497
8	14:34:03	0.92	95.080	30.360	31733.000	9.000	95.161379	19.9363090	199.658889	149.756896	10.97150871	342.859647	35	19.3739612	8.72827190	272.758497
8	14:34:18	1.17	94.790	30.400	31732.000	9.000	94.825335	19.8659078	198.953832	149.228058	10.93276494	341.648904	35	19.3739612	8.69744969	271.795303
8	14:34:33	1.42	95.120	30.360	31730.000	9.000	95.161379	19.9363090	199.658889	149.756896	10.97150871	342.859647	35	19.3739612	8.72827190	272.758497
8	14:34:48	1.67	95.050	30.370	31757.000	9.000	95.077235	19.9186808	199.482345	149.624477	10.96180744	342.556482	35	19.3739612	8.72055416	272.517317
8	14:35:03	1.91	94.870	30.390	31728.000	9.000	94.909214	19.8834802	199.129817	149.360059	10.94243557	341.951112	35	19.3739612	8.70514306	272.035721
8	14:35:18	2.17	95.090	30.360	31749.000	9.000	95.161379	19.9363090	199.658889	149.756896	10.97150871	342.859647	35	19.3739612	8.72827190	272.758497
8	14:35:33	2.42	95.490	30.320	31737.000	9.000	95.498845	20.0070080	200.366927	150.287970	11.01041633	344.075510	35	19.3739612	8.75922447	273.725765
8	14:35:48	2.67	94.760	30.400	31716.000	9.000	94.825335	19.8659078	198.953832	149.228058	10.93276494	341.648904	35	19.3739612	8.69744969	271.795303
8	14:36:03	2.92	94.700	30.410	31745.000	9.000	94.741545	19.8483538	198.778031	149.096197	10.92310449	341.347015	35	19.3739612	8.68976442	271.555138
8	14:36:18	3.17	94.840	30.390	31737.000	9.000	94.909214	19.8834802	199.129817	149.360059	10.94243557	341.951112	35	19.3739612	8.70514306	272.035721
8	14:36:33	3.42	95.040	30.370	31719.000	9.000	95.077235	19.9186808	199.482345	149.624477	10.96180744	342.556482	35	19.3739612	8.72055416	272.517317
8	14:36:48	3.67	95.400	30.330	31721.000	9.000	95.414345	19.9893052	200.189637	150.154991	11.00067401	343.771063	35	19.3739612	8.75147406	273.483565
8	14:37:03	3.92	95.150	30.360	31739.000	9.000	95.161379	19.9363090	199.658889	149.756896	10.97150871	342.859647	35	19.3739612	8.72827190	272.758497
8	14:37:18	4.17	95.100	30.360	31739.000	9.000	95.161379	19.9363090	199.658889	149.756896	10.97150871	342.859647	35	19.3739612	8.72827190	272.758497
8	14:37:33	4.42	94.860	30.390	31760.000	9.000	94.909214	19.8834802	199.129817	149.360059	10.94243557	341.951112	35	19.3739612	8.70514306	272.035721
8	14:37:48	4.67	94.910	30.380	31746.000	9.000	94.993180	19.9010713	199.305988	149.492198	10.95211640	342.253637	35	19.3739612	8.71284455	272.276392
8	14:38:03	4.92	95.260	30.340	31743.000	9.000	95.329934	19.9716212	200.012534	150.022153	10.99094198	343.466937	35	19.3739612	8.74373185	273.241620
8	14:38:18	5.17	94.850	30.390	31780.000	9.000	94.909214	19.8834802	199.129817	149.360059	10.94243557	341.951112	35	19.3739612	8.70514306	272.035721
8	14:38:33	5.42	94.780	30.400	31742.000	9.000	94.825335	19.8659078	198.953832	149.228058	10.93276494	341.648904	35	19.3739612	8.69744969	271.795303
8	14:38:48	5.67	94.930	30.380	31741.000	9.000	94.993180	19.9010713	199.305988	149.492198	10.95211640	342.253637	35	19.3739612	8.71284455	272.276392
8	14:39:03	5.92	94.950	30.380	31736.000	9.000	94.993180	19.9010713	199.305988	149.492198	10.95211640	342.253637	35	19.3739612	8.71284455	272.276392
8	14:39:18	6.17	95.130	30.360	31748.000	9.000	95.161379	19.9363090	199.658889	149.756896	10.97150871	342.859647	35	19.3739612	8.72827190	272.758497
8	14:39:33	6.42	95.060	30.370	31740.000	9.000	95.077235	19.9186808	199.482345	149.624477	10.96180744	342.556482	35	19.3739612	8.72055416	272.517317
8	14:39:48	6.67	95.130	30.360	31772.000	9.000	95.161379	19.9363090	199.658889	149.756896	10.97150871	342.859647	35	19.3739612	8.72827190	272.758497
8	14:40:03	6.92	94.470	30.440	31747.000	9.000	94.490705	19.7958026	198.251740	148.701445	10.89418413	340.443254	35	19.3739612	8.66675712	270.836160
8	14:40:18	7.16	94.810	30.400	31796.000	9.000	94.825335	19.8659078	198.953832	149.228058	10.93276494	341.648904	35	19.3739612	8.69744969	271.795303
8	14:40:33	7.42	94.790	30.400	31743.000	9.000	94.825335	19.8659078	198.953832	149.228058	10.93276494	341.648904	35	19.3739612	8.69744969	271.795303
8	14:40:48	7.67	95.190	30.350	31733.000	9.000	95.245612	19.9539558	199.835618	149.889454	10.98122022	343.163132	35	19.3739612	8.73599780	272.999931
8	14:41:03	7.92	95.200	30.350	31790.000	9.000	95.245612	19.9539558	199.835618	149.889454	10.98122022	343.163132	35	19.3739612	8.73599780	272.999931
8	14:41:18	8.17	94.970	30.380	31780.000	9.000	94.993180	19.9010713	199.305988	149.492198	10.95211640	342.253637	35	19.3739612	8.71284455	272.276392
8	14:41:33	8.42	95.060	30.370	31746.000	9.000	95.077235	19.9186808	199.482345	149.624477	10.96180744	342.556482	35	19.3739612	8.72055416	272.517317
8	14:41:48	8.67	95.170	30.350	31750.000	9.000	95.245612	19.9539558	199.835618	149.889454	10.98122022	343.163132	35	19.3739612	8.73599780	272.999931
8	14:42:03	8.92	94.910	30.380	31783.000	9.000	94.993180	19.9010713	199.305988	149.492198	10.95211640	342.253637	35	19.3739612	8.71284455	272.276392
8	14:42:18	9.17	94.970	30.380	31748.000	9.000	94.993180	19.9010713	199.305988	149.492198	10.95211640	342.253637	35	19.3739612	8.71284455	272.276392
8	14:42:33	9.42	95.010	30.370	31762.000	9.000	95.077235	19.9186808	199.482345	149.624477	10.96180744	342.556482	35	19.3739612	8.72055416	272.517317
8	14:42:48	9.67	95.200	30.350	31770.000	9.000	95.245612	19.9539558	199.835618	149.889454	10.98122022	343.163132	35	19.3739612	8.73599780	272.999931
8	14:43:03	9.92	94.700	30.410	31760.000	9.000	94.741545	19.8483538	198.778031	149.096197	10.92310449	341.347015	35	19.3739612	8.68976442	271.555138
8	14:43:18	10.16	94.710	30.410	31757.000	9.000	94.741545	19.8483538	198.778031	149.096197	10.92310449	341.347015	35	19.3739612	8.68976442	271.555138
8	14:43:33	10.42	94.760	30.400	31768.000	9.000	94.825335	19.8659078	198.953832	149.228058	10.93276494	341.648904	35	19.3739612	8.69744969	271.795303
8	14:43:48	10.67	95.030	30.370	31766.000	9.000	95.077235	19.9186808	199.482345	149.624477	10.96180744	342.556482	35	19.3739612	8.72055416	272.517317
8	14:44:03	10.92	95.280	30.340	31752.000	9.000	95.329934	19.9716212	200.012534	150.022153	10.99094198	343.466937	35	19.3739612	8.74373185	273.241620
8	14:44:18	11.17	94.910	30.380	31758.000	9.000	94.993180	19.9010713	199.305988	149.492198	10.95211640	342.253637	35	19.3739612	8.71284455	272.276392
8	14:44:33	11.42	94.790	30.400	31774.000	9.000	94.825335	19.8659078	198.953832	149.228058	10.93276494	341.648904	35	19.3739612	8.69744969	271.795303
8	14:44:48	11.66	94.680	30.410	31749.000	9.000	94.741545	19.8483538	198.778031	149.096197	10.92310449	341.347015	35	19.3739612	8.68976442	271.555138
8	14:45:03	11.92	95.040	30.370	31762.000	9.000	95.077235	19.9186808	199.482345	149.624477	10.96180744	342.556482	35	19.3739612	8.72055416	272.517317
8	14:45:18	12.16	95.050	30.370	31767.000	9.000	95.077235	19.9186808	199.482345	149.624477	10.96180744	342.556482	35	19.3739612	8.72055416	272.517317
8	14:45:33	12.42	95.030	30.370	31778.000	9.000	95.077235	19.9186808	199.482345	149.624477	10.96180744	342.556482	35	19.3739612	8.72055416	272.517317
8	14:45:48	12.67	94.540	30.430	31763.000	9.000	94.574230	19.8133012	198.426986	148.832890	10.90381410	340.744191	35	19.3739612	8.67441815	271.075567
8	14:46:03	12.92	94.930	30.380	31777.000	9.000	94.993180	19.9010713	199.305988	149.492198	10.95211640	342.253637	35	19.3739612	8.71284455	272.276392
8	14:46:18	13.17	94.760	30.400	31797.000	9.000	94.825335	19.8659078	198.953832	149.228058	10.93276494	341.648904	35	19.3739612	8.69744969	271.795303
8	14:46:33	13.41	95.090	30.360	31779.000	9.000	95.161379	19.9363090	199.658889	149.756896	10.97150871	342.859647	35	19.3739612	8.72827190	272.758497
8	14:46:48	13.66	95.050	30.370	31793.000	9.000	95.077235	19.9186808	199.482345	149.624477	10.96180744	342.556482	35	19.3739612	8.72055416	272.517317
8	14:47:03	13.92	95.010	30.370	31796.000	9.000	95.077235	19.9186808	199.482345	149.624477	10.96180744	342.556482	35	19.3739612	8.72055416	272.517317
8	14:47:18	14.17	95.030	30.370	31810.000	9.000	95.077235	19.9186808	199.482345	149.624477	10.96180744	342.556482	35	19.3739612	8.72055416	272.517317
8	14:47:33	14.41	94.710	30.410	31801.000	9.000	94.741545	19.8483538	198.778031	149.096197	10.92310449	341.347015	35	19.3739612	8.68976442	271.555138
8	14:47:48	14.67	95.060	30.370	31796.000	9.000	95.077235	19.9186808	199.482345	149.624477	10.96180744	342.556482	35	19.3739612	8.72055416	272.517317
8	14:48:03	14.92	94.570	30.430	31784.000	9.000	94.574230	19.8133012	198.426986	148.832890	10.90381410	340.744191	35	19.3739612	8.67441815	271.075567
8	14:48:18	15.17	94.700	30.410	31803.000	9.000	94.741545	19.8483538	198.778031	149.096197	10.92310449	341.347015	35	19.3739612	8.68976442	271.555138
8	14:48:33	15.42	94.880	30.390	31796.000	9.000	94.909214	19.8834802	199.129817	149.360059	10.94243557	341.951112	35	19.3739612	8.70514306	272.035721
8	14:48:48	15.67	95.120	30.360	31807.000	9.000	95.161379	19.9363090	199.658889	149.756896	10.97150871	342.859647	35	19.3739612	8.72827190	272.758497
8	14:49:03	15.92	94.980	30.380	31803.000	9.000	94.993180	19.9010713	199.305988	149.492198	10.95211640	342.253637	35	19.3739612	8.71284455	272.276392
8	14:49:18	16.17	94.820	30.400	31785.000	9.000	94.825335	19.8659078	198.953832	149.228058	10.93276494	341.648904	35	19.3739612	8.69744969	271.795303
8	14:49:33	16.42	94.420	30.440	31809.000	9.000	94.490705	19.7958026	198.251740	148.701445	10.89418413	340.443254	35	19.3739612	8.66675712	270.836160
8	14:49:48	16.67	94.760	30.400	31804.000	9.000	94.825335	19.8659078	198.953832	149.228058	10.93276494	341.648904	35	19.3739612	8.69744969	271.795303
8	14:50:03	16.92	94.850	30.390	31833.000	9.000	94.909214	19.8834802	199.129817	149.360059	10.94243557	341.951112	35	19.3739612	8.70514306	272.035721
8	14:50:18	17.17	94.800	30.400	31819.000	9.000	94.825335	19.8659078	198.953832	149.228058	10.93276494	341.648904	35	19.3739612	8.69744969	271.795303
8	14:50:33	17.42	94.860	30.390	31816.000	9.000	94.909214	19.8834802	199.129817	149.360059	10.94243557	341.951112	35	19.3739612	8.70514306	272.035721
8	14:50:48	17.66	94.780	30.400	31810.000	9.000	94.825335	19.8659078	198.953832	149.228058	10.93276494	341.648904	35	19.3739612	8.69744969	271.795303
8	14:51:03	17.92	94.350	30.450	31804.000	9.000	94.407267	19.7783224	198.076679	148.570138	10.88456428	340.142634	35	19.3739612	8.65910415	270.597005
8	14:51:18	18.17	94.380	30.450	31808.000	9.000	94.407267	19.7783224	198.076679	148.570138	10.88456428	340.142634	35	19.3739612	8.65910415	270.597005
8	14:51:33	18.42	94.750	30.400	31815.000	9.000	94.825335	19.8659078	198.953832	149.228058	10.93276494	341.648904	35	19.3739612	8.69744969	271.795303
8	14:51:48	18.67	94.440	30.440	31815.000	9.000	94.490705	19.7958026	198.251740	148.701445	10.89418413	340.443254	35	19.3739612	8.66675712	270.836160
8	14:52:03	18.92	94.760	30.400	31828.000	9.000	94.825335	19.8659078	198.953832	149.228058	10.93276494	341.648904	35	19.3739612	8.69744969	271.795303
8	14:52:18	19.16	94.510	30.430	31840.000	9.000	94.574230	19.8133012	198.426986	148.832890	10.90381410	340.744191	35	19.3739612	8.67441815	271.075567
8	14:52:33	19.42	94.610	30.420	31834.000	9.000	94.657844	19.8308183	198.602416	148.964474	10.91345422	341.045444	35	19.3739612	8.68208725	271.315226
8	14:52:48	19.67	95.110	30.360	31847.000	9.000	95.161379	19.9363090	199.658889	149.756896	10.97150871	342.859647	35	19.3739612	8.72827190	272.758497
8	14:53:03	19.92	94.620	30.420	31830.000	9.000	94.657844	19.8308183	198.602416	148.964474	10.91345422	341.045444	35	19.3739612	8.68208725	271.315226
8	14:53:18	20.17	94.800	30.400	31853.000	9.000	94.825335	19.8659078	198.953832	149.228058	10.93276494	341.648904	35	19.3739612	8.69744969	271.795303
8	14:53:33	20.42	94.580	30.420	31836.000	9.000	94.657844	19.8308183	198.602416	148.964474	10.91345422	341.045444	35	19.3739612	8.68208725	271.315226
