Chamber	Time/hh:mm:ss	Logtime/min	Oxy/% air sat.	Phase/°	Amp	Temp/°C	% air-sat.	% oxygen	pO2 (hPa)	pO2 (Torr)	cO2 [mg/L]	cO2 [µmol/L]	Salinity	chlorinity	SalCorcO2 [mg/L]	SalCorcO2 [µmol/L]
5	10:53:34	0.00	94.100	29.280	43367.000	15.000	94.123068	19.7187828	196.379464	147.297118	9.45605710	295.501784	35	19.3739612	7.63340367	238.543865
5	10:53:48	0.22	94.050	29.280	43374.000	15.000	94.123068	19.7187828	196.379464	147.297118	9.45605710	295.501784	35	19.3739612	7.63340367	238.543865
5	10:54:03	0.47	94.010	29.290	43363.000	15.000	94.038106	19.7009833	196.202199	147.164158	9.44752144	295.235045	35	19.3739612	7.62651325	238.328539
5	10:54:18	0.72	94.050	29.280	43363.000	15.000	94.123068	19.7187828	196.379464	147.297118	9.45605710	295.501784	35	19.3739612	7.63340367	238.543865
5	10:54:33	0.97	94.070	29.280	43405.000	15.000	94.123068	19.7187828	196.379464	147.297118	9.45605710	295.501784	35	19.3739612	7.63340367	238.543865
5	10:54:48	1.22	94.310	29.250	43404.000	15.000	94.378511	19.7722980	196.912423	147.696871	9.48172009	296.303753	35	19.3739612	7.65412012	239.191254
5	10:55:03	1.47	94.260	29.260	43380.000	15.000	94.293270	19.7544401	196.734576	147.563475	9.47315641	296.036138	35	19.3739612	7.64720709	238.975221
5	10:55:18	1.72	94.100	29.280	43384.000	15.000	94.123068	19.7187828	196.379464	147.297118	9.45605710	295.501784	35	19.3739612	7.63340367	238.543865
5	10:55:33	1.97	94.180	29.270	43381.000	15.000	94.208123	19.7366017	196.556923	147.430224	9.46460208	295.768815	35	19.3739612	7.64030161	238.759425
5	10:55:48	2.22	94.060	29.280	43400.000	15.000	94.123068	19.7187828	196.379464	147.297118	9.45605710	295.501784	35	19.3739612	7.63340367	238.543865
5	10:56:03	2.47	93.690	29.330	43384.000	15.000	93.699185	19.6299793	195.495071	146.633767	9.41347180	294.170994	35	19.3739612	7.59902668	237.469584
5	10:56:18	2.72	93.920	29.300	43409.000	15.000	93.953237	19.6832032	196.025128	147.031343	9.43899509	294.968597	35	19.3739612	7.61963036	238.113449
5	10:56:33	2.97	93.760	29.320	43410.000	15.000	93.783777	19.6477013	195.671564	146.766148	9.42197029	294.436571	35	19.3739612	7.60588708	237.683971
5	10:56:48	3.22	93.670	29.330	43426.000	15.000	93.699185	19.6299793	195.495071	146.633767	9.41347180	294.170994	35	19.3739612	7.59902668	237.469584
5	10:57:03	3.47	93.840	29.310	43429.000	15.000	93.868461	19.6654426	195.848249	146.898673	9.43047804	294.702439	35	19.3739612	7.61275497	237.898593
5	10:57:18	3.72	93.720	29.320	43436.000	15.000	93.783777	19.6477013	195.671564	146.766148	9.42197029	294.436571	35	19.3739612	7.60588708	237.683971
5	10:57:33	3.97	93.670	29.330	43420.000	15.000	93.699185	19.6299793	195.495071	146.633767	9.41347180	294.170994	35	19.3739612	7.59902668	237.469584
5	10:57:48	4.22	93.760	29.320	43435.000	15.000	93.783777	19.6477013	195.671564	146.766148	9.42197029	294.436571	35	19.3739612	7.60588708	237.683971
5	10:58:03	4.47	93.540	29.340	43415.000	15.000	93.614686	19.6122767	195.318770	146.501530	9.40498257	293.905705	35	19.3739612	7.59217375	237.255430
5	10:58:18	4.72	93.530	29.340	43467.000	15.000	93.614686	19.6122767	195.318770	146.501530	9.40498257	293.905705	35	19.3739612	7.59217375	237.255430
5	10:58:33	4.97	93.820	29.310	43421.000	15.000	93.868461	19.6654426	195.848249	146.898673	9.43047804	294.702439	35	19.3739612	7.61275497	237.898593
5	10:58:48	5.22	93.640	29.330	43463.000	15.000	93.699185	19.6299793	195.495071	146.633767	9.41347180	294.170994	35	19.3739612	7.59902668	237.469584
5	10:59:03	5.47	93.670	29.330	43442.000	15.000	93.699185	19.6299793	195.495071	146.633767	9.41347180	294.170994	35	19.3739612	7.59902668	237.469584
5	10:59:18	5.72	93.860	29.310	43436.000	15.000	93.868461	19.6654426	195.848249	146.898673	9.43047804	294.702439	35	19.3739612	7.61275497	237.898593
5	10:59:33	5.97	93.870	29.300	43455.000	15.000	93.953237	19.6832032	196.025128	147.031343	9.43899509	294.968597	35	19.3739612	7.61963036	238.113449
5	10:59:48	6.22	93.370	29.360	43461.000	15.000	93.445963	19.5769292	194.966744	146.237488	9.38803185	293.375995	35	19.3739612	7.57849028	236.827821
5	11:00:03	6.47	93.490	29.350	43465.000	15.000	93.530278	19.5945933	195.142661	146.369437	9.39650260	293.640706	35	19.3739612	7.58532828	237.041509
5	11:00:18	6.72	93.270	29.380	43476.000	15.000	93.277607	19.5416587	194.615485	145.974021	9.37111802	292.847438	35	19.3739612	7.56483658	236.401143
5	11:00:33	6.97	93.690	29.330	43478.000	15.000	93.699185	19.6299793	195.495071	146.633767	9.41347180	294.170994	35	19.3739612	7.59902668	237.469584
5	11:00:48	7.22	93.850	29.310	43471.000	15.000	93.868461	19.6654426	195.848249	146.898673	9.43047804	294.702439	35	19.3739612	7.61275497	237.898593
5	11:01:03	7.47	93.840	29.310	43500.000	15.000	93.868461	19.6654426	195.848249	146.898673	9.43047804	294.702439	35	19.3739612	7.61275497	237.898593
5	11:01:18	7.72	93.360	29.370	43496.000	15.000	93.361739	19.5592844	194.791019	146.105683	9.37957033	293.111573	35	19.3739612	7.57165971	236.614366
5	11:01:33	7.97	93.220	29.380	43503.000	15.000	93.277607	19.5416587	194.615485	145.974021	9.37111802	292.847438	35	19.3739612	7.56483658	236.401143
5	11:01:48	8.22	93.440	29.360	43484.000	15.000	93.445963	19.5769292	194.966744	146.237488	9.38803185	293.375995	35	19.3739612	7.57849028	236.827821
5	11:02:03	8.47	93.490	29.350	43468.000	15.000	93.530278	19.5945933	195.142661	146.369437	9.39650260	293.640706	35	19.3739612	7.58532828	237.041509
5	11:02:18	8.72	93.470	29.350	43528.000	15.000	93.530278	19.5945933	195.142661	146.369437	9.39650260	293.640706	35	19.3739612	7.58532828	237.041509
5	11:02:33	8.97	93.180	29.390	43514.000	15.000	93.193567	19.5240522	194.440142	145.842503	9.36267490	292.583591	35	19.3739612	7.55802087	236.188152
5	11:02:48	9.22	93.070	29.400	43527.000	15.000	93.109617	19.5064649	194.264989	145.711127	9.35424097	292.320030	35	19.3739612	7.55121258	235.975393
5	11:03:03	9.47	93.270	29.380	43527.000	15.000	93.277607	19.5416587	194.615485	145.974021	9.37111802	292.847438	35	19.3739612	7.56483658	236.401143
5	11:03:18	9.72	93.100	29.400	43533.000	15.000	93.109617	19.5064649	194.264989	145.711127	9.35424097	292.320030	35	19.3739612	7.55121258	235.975393
5	11:03:33	9.97	93.080	29.400	43528.000	15.000	93.109617	19.5064649	194.264989	145.711127	9.35424097	292.320030	35	19.3739612	7.55121258	235.975393
5	11:03:48	10.22	93.090	29.400	43520.000	15.000	93.109617	19.5064649	194.264989	145.711127	9.35424097	292.320030	35	19.3739612	7.55121258	235.975393
5	11:04:03	10.47	93.300	29.370	43572.000	15.000	93.361739	19.5592844	194.791019	146.105683	9.37957033	293.111573	35	19.3739612	7.57165971	236.614366
5	11:04:18	10.72	93.250	29.380	43575.000	15.000	93.277607	19.5416587	194.615485	145.974021	9.37111802	292.847438	35	19.3739612	7.56483658	236.401143
5	11:04:33	10.97	93.010	29.410	43576.000	15.000	93.025760	19.4888966	194.090027	145.579895	9.34581620	292.056756	35	19.3739612	7.54441168	235.762865
5	11:04:48	11.22	92.940	29.420	43584.000	15.000	92.941993	19.4713475	193.915255	145.448805	9.33740059	291.793768	35	19.3739612	7.53761818	235.550568
5	11:05:03	11.47	93.220	29.380	43564.000	15.000	93.277607	19.5416587	194.615485	145.974021	9.37111802	292.847438	35	19.3739612	7.56483658	236.401143
5	11:05:18	11.72	93.050	29.400	43587.000	15.000	93.109617	19.5064649	194.264989	145.711127	9.35424097	292.320030	35	19.3739612	7.55121258	235.975393
5	11:05:33	11.97	93.310	29.370	43566.000	15.000	93.361739	19.5592844	194.791019	146.105683	9.37957033	293.111573	35	19.3739612	7.57165971	236.614366
5	11:05:48	12.22	93.050	29.400	43579.000	15.000	93.109617	19.5064649	194.264989	145.711127	9.35424097	292.320030	35	19.3739612	7.55121258	235.975393
5	11:06:03	12.47	93.100	29.400	43602.000	15.000	93.109617	19.5064649	194.264989	145.711127	9.35424097	292.320030	35	19.3739612	7.55121258	235.975393
5	11:06:18	12.72	93.050	29.400	43604.000	15.000	93.109617	19.5064649	194.264989	145.711127	9.35424097	292.320030	35	19.3739612	7.55121258	235.975393
5	11:06:33	12.97	92.950	29.410	43623.000	15.000	93.025760	19.4888966	194.090027	145.579895	9.34581620	292.056756	35	19.3739612	7.54441168	235.762865
5	11:06:48	13.22	93.150	29.390	43627.000	15.000	93.193567	19.5240522	194.440142	145.842503	9.36267490	292.583591	35	19.3739612	7.55802087	236.188152
5	11:07:03	13.47	93.060	29.400	43604.000	15.000	93.109617	19.5064649	194.264989	145.711127	9.35424097	292.320030	35	19.3739612	7.55121258	235.975393
5	11:07:18	13.72	92.690	29.450	43631.000	15.000	92.691238	19.4188144	193.392078	145.056388	9.31220858	291.006518	35	19.3739612	7.51728193	234.915060
5	11:07:33	13.97	92.590	29.460	43610.000	15.000	92.607835	19.4013414	193.218064	144.925867	9.30382947	290.744671	35	19.3739612	7.51051789	234.703684
5	11:07:48	14.22	93.020	29.410	43640.000	15.000	93.025760	19.4888966	194.090027	145.579895	9.34581620	292.056756	35	19.3739612	7.54441168	235.762865
5	11:08:03	14.47	92.850	29.430	43652.000	15.000	92.858317	19.4538175	193.740673	145.317857	9.32899413	291.531066	35	19.3739612	7.53083206	235.338502
5	11:08:18	14.72	93.060	29.400	43675.000	15.000	93.109617	19.5064649	194.264989	145.711127	9.35424097	292.320030	35	19.3739612	7.55121258	235.975393
5	11:08:33	14.97	92.910	29.420	43676.000	15.000	92.941993	19.4713475	193.915255	145.448805	9.33740059	291.793768	35	19.3739612	7.53761818	235.550568
5	11:08:48	15.22	92.930	29.420	43643.000	15.000	92.941993	19.4713475	193.915255	145.448805	9.33740059	291.793768	35	19.3739612	7.53761818	235.550568
5	11:09:03	15.47	92.720	29.440	43662.000	15.000	92.774732	19.4363064	193.566281	145.187052	9.32059679	291.268650	35	19.3739612	7.52405331	235.126666
5	11:09:18	15.72	92.690	29.440	43644.000	15.000	92.774732	19.4363064	193.566281	145.187052	9.32059679	291.268650	35	19.3739612	7.52405331	235.126666
5	11:09:33	15.97	92.710	29.440	43706.000	15.000	92.774732	19.4363064	193.566281	145.187052	9.32059679	291.268650	35	19.3739612	7.52405331	235.126666
5	11:09:48	16.22	92.590	29.460	43679.000	15.000	92.607835	19.4013414	193.218064	144.925867	9.30382947	290.744671	35	19.3739612	7.51051789	234.703684
5	11:10:03	16.47	92.350	29.490	43701.000	15.000	92.358167	19.3490360	192.697154	144.535151	9.27874664	289.960833	35	19.3739612	7.49026977	234.070930
5	11:10:18	16.72	92.600	29.460	43705.000	15.000	92.607835	19.4013414	193.218064	144.925867	9.30382947	290.744671	35	19.3739612	7.51051789	234.703684
5	11:10:33	16.97	92.390	29.480	43703.000	15.000	92.441299	19.3664522	192.870603	144.665249	9.28709851	290.221829	35	19.3739612	7.49701182	234.281619
5	11:10:48	17.22	92.640	29.450	43685.000	15.000	92.691238	19.4188144	193.392078	145.056388	9.31220858	291.006518	35	19.3739612	7.51728193	234.915060
5	11:11:03	17.47	92.410	29.480	43730.000	15.000	92.441299	19.3664522	192.870603	144.665249	9.28709851	290.221829	35	19.3739612	7.49701182	234.281619
5	11:11:18	17.72	92.240	29.500	43751.000	15.000	92.275125	19.3316387	192.523894	144.405195	9.27040383	289.700120	35	19.3739612	7.48353503	233.860470
5	11:11:33	17.97	92.390	29.480	43762.000	15.000	92.441299	19.3664522	192.870603	144.665249	9.28709851	290.221829	35	19.3739612	7.49701182	234.281619
5	11:11:48	18.22	92.390	29.480	43751.000	15.000	92.441299	19.3664522	192.870603	144.665249	9.28709851	290.221829	35	19.3739612	7.49701182	234.281619
5	11:12:03	18.47	92.270	29.500	43774.000	15.000	92.275125	19.3316387	192.523894	144.405195	9.27040383	289.700120	35	19.3739612	7.48353503	233.860470
5	11:12:18	18.72	92.300	29.490	43761.000	15.000	92.358167	19.3490360	192.697154	144.535151	9.27874664	289.960833	35	19.3739612	7.49026977	234.070930
5	11:12:33	18.97	92.440	29.470	43799.000	15.000	92.524522	19.3838874	193.044239	144.795487	9.29545945	290.483108	35	19.3739612	7.50376119	234.492537
5	11:12:48	19.22	92.360	29.480	43774.000	15.000	92.441299	19.3664522	192.870603	144.665249	9.28709851	290.221829	35	19.3739612	7.49701182	234.281619
5	11:13:03	19.47	92.310	29.490	43791.000	15.000	92.358167	19.3490360	192.697154	144.535151	9.27874664	289.960833	35	19.3739612	7.49026977	234.070930
