Chamber	Time/hh:mm:ss	Logtime/min	Oxy/% air sat.	Phase/°	Amp	Temp/°C	% air-sat.	% oxygen	pO2 (hPa)	pO2 (Torr)	cO2 [mg/L]	cO2 [µmol/L]	Salinity	chlorinity	SalCorcO2 [mg/L]	SalCorcO2 [µmol/L]
8	12:37:30	0.00	95.170	29.740	31062.000	12.000	95.243811	19.9535784	199.323129	149.505054	10.23155630	319.736134	35	19.3739612	8.19969800	256.240562
8	12:37:45	0.25	95.400	29.720	31069.000	12.000	95.414472	19.9893319	199.680283	149.772943	10.24988955	320.309048	35	19.3739612	8.21439050	256.699703
8	12:38:00	0.50	95.240	29.740	31017.000	12.000	95.243811	19.9535784	199.323129	149.505054	10.23155630	319.736134	35	19.3739612	8.19969800	256.240562
8	12:38:15	0.75	94.820	29.780	31048.000	12.000	94.903588	19.8823017	198.611122	148.971004	10.19500792	318.593997	35	19.3739612	8.17040766	255.325239
8	12:38:30	1.00	95.210	29.740	31098.000	12.000	95.243811	19.9535784	199.323129	149.505054	10.23155630	319.736134	35	19.3739612	8.19969800	256.240562
8	12:38:45	1.25	95.380	29.720	31086.000	12.000	95.414472	19.9893319	199.680283	149.772943	10.24988955	320.309048	35	19.3739612	8.21439050	256.699703
8	12:39:00	1.50	95.390	29.720	31076.000	12.000	95.414472	19.9893319	199.680283	149.772943	10.24988955	320.309048	35	19.3739612	8.21439050	256.699703
8	12:39:15	1.75	95.410	29.720	31069.000	12.000	95.414472	19.9893319	199.680283	149.772943	10.24988955	320.309048	35	19.3739612	8.21439050	256.699703
8	12:39:30	2.00	95.090	29.750	31073.000	12.000	95.158618	19.9357305	199.144840	149.371326	10.22240446	319.450139	35	19.3739612	8.19236360	256.011362
8	12:39:45	2.25	95.490	29.710	31072.000	12.000	95.499940	20.0072375	199.859148	149.907103	10.25907099	320.595968	35	19.3739612	8.22174862	256.929644
8	12:40:00	2.50	95.000	29.760	31089.000	12.000	95.073517	19.9179017	198.966742	149.237742	10.21326246	319.164452	35	19.3739612	8.18503708	255.782409
8	12:40:15	2.75	95.390	29.720	31109.000	12.000	95.414472	19.9893319	199.680283	149.772943	10.24988955	320.309048	35	19.3739612	8.21439050	256.699703
8	12:40:30	3.00	95.300	29.730	31091.000	12.000	95.329096	19.9714455	199.501609	149.638926	10.24071799	320.022437	35	19.3739612	8.20704029	256.470009
8	12:40:45	3.25	95.080	29.750	31089.000	12.000	95.158618	19.9357305	199.144840	149.371326	10.22240446	319.450139	35	19.3739612	8.19236360	256.011362
8	12:41:00	3.50	95.020	29.760	31098.000	12.000	95.073517	19.9179017	198.966742	149.237742	10.21326246	319.164452	35	19.3739612	8.18503708	255.782409
8	12:41:15	3.75	94.890	29.780	31102.000	12.000	94.903588	19.8823017	198.611122	148.971004	10.19500792	318.593997	35	19.3739612	8.17040766	255.325239
8	12:41:30	4.00	95.380	29.720	31105.000	12.000	95.414472	19.9893319	199.680283	149.772943	10.24988955	320.309048	35	19.3739612	8.21439050	256.699703
8	12:41:45	4.25	95.430	29.710	31119.000	12.000	95.499940	20.0072375	199.859148	149.907103	10.25907099	320.595968	35	19.3739612	8.22174862	256.929644
8	12:42:00	4.50	94.770	29.790	31076.000	12.000	94.818761	19.8645304	198.433598	148.837850	10.18589535	318.309230	35	19.3739612	8.16310474	255.097023
8	12:42:15	4.75	95.550	29.700	31101.000	12.000	95.585501	20.0251625	200.038207	150.041408	10.26826233	320.883198	35	19.3739612	8.22911467	257.159833
8	12:42:30	5.00	94.590	29.810	31124.000	12.000	94.649379	19.8290450	198.079122	148.571970	10.16769956	317.740611	35	19.3739612	8.14852240	254.641325
8	12:42:45	5.25	95.140	29.750	31120.000	12.000	95.158618	19.9357305	199.144840	149.371326	10.22240446	319.450139	35	19.3739612	8.19236360	256.011362
8	12:43:00	5.50	95.120	29.750	31103.000	12.000	95.158618	19.9357305	199.144840	149.371326	10.22240446	319.450139	35	19.3739612	8.19236360	256.011362
8	12:43:15	5.75	95.250	29.730	31102.000	12.000	95.329096	19.9714455	199.501609	149.638926	10.24071799	320.022437	35	19.3739612	8.20704029	256.470009
8	12:43:30	6.00	94.700	29.800	31131.000	12.000	94.734025	19.8467782	198.256265	148.704838	10.17679257	318.024768	35	19.3739612	8.15580965	254.869052
8	12:43:45	6.25	95.290	29.730	31130.000	12.000	95.329096	19.9714455	199.501609	149.638926	10.24071799	320.022437	35	19.3739612	8.20704029	256.470009
8	12:44:00	6.50	95.290	29.730	31123.000	12.000	95.329096	19.9714455	199.501609	149.638926	10.24071799	320.022437	35	19.3739612	8.20704029	256.470009
8	12:44:15	6.75	95.030	29.760	31127.000	12.000	95.073517	19.9179017	198.966742	149.237742	10.21326246	319.164452	35	19.3739612	8.18503708	255.782409
8	12:44:30	7.00	94.240	29.850	31133.000	12.000	94.311705	19.7583023	197.372449	148.041920	10.13142496	316.607030	35	19.3739612	8.11945148	253.732859
8	12:44:45	7.25	95.320	29.730	31139.000	12.000	95.329096	19.9714455	199.501609	149.638926	10.24071799	320.022437	35	19.3739612	8.20704029	256.470009
8	12:45:00	7.50	95.470	29.710	31132.000	12.000	95.499940	20.0072375	199.859148	149.907103	10.25907099	320.595968	35	19.3739612	8.22174862	256.929644
8	12:45:15	7.75	94.790	29.790	31142.000	12.000	94.818761	19.8645304	198.433598	148.837850	10.18589535	318.309230	35	19.3739612	8.16310474	255.097023
8	12:45:30	8.00	95.390	29.720	31181.000	12.000	95.414472	19.9893319	199.680283	149.772943	10.24988955	320.309048	35	19.3739612	8.21439050	256.699703
8	12:45:45	8.25	94.470	29.830	31139.000	12.000	94.480361	19.7936357	197.725406	148.306661	10.14954280	317.173212	35	19.3739612	8.13397134	254.186605
8	12:46:00	8.50	95.260	29.730	31139.000	12.000	95.329096	19.9714455	199.501609	149.638926	10.24071799	320.022437	35	19.3739612	8.20704029	256.470009
8	12:46:15	8.75	95.310	29.730	31151.000	12.000	95.329096	19.9714455	199.501609	149.638926	10.24071799	320.022437	35	19.3739612	8.20704029	256.470009
8	12:46:30	9.00	94.670	29.800	31152.000	12.000	94.734025	19.8467782	198.256265	148.704838	10.17679257	318.024768	35	19.3739612	8.15580965	254.869052
8	12:46:45	9.25	94.520	29.820	31156.000	12.000	94.564825	19.8113308	197.902169	148.439244	10.15861631	317.456760	35	19.3739612	8.14124297	254.413843
8	12:47:00	9.50	94.970	29.770	31173.000	12.000	94.988507	19.9000922	198.788836	149.104301	10.20413028	318.879071	35	19.3739612	8.17771844	255.553701
8	12:47:15	9.75	95.090	29.750	31176.000	12.000	95.158618	19.9357305	199.144840	149.371326	10.22240446	319.450139	35	19.3739612	8.19236360	256.011362
8	12:47:30	10.00	94.940	29.770	31131.000	12.000	94.988507	19.9000922	198.788836	149.104301	10.20413028	318.879071	35	19.3739612	8.17771844	255.553701
8	12:47:45	10.25	94.780	29.790	31145.000	12.000	94.818761	19.8645304	198.433598	148.837850	10.18589535	318.309230	35	19.3739612	8.16310474	255.097023
8	12:48:00	10.50	94.890	29.780	31167.000	12.000	94.903588	19.8823017	198.611122	148.971004	10.19500792	318.593997	35	19.3739612	8.17040766	255.325239
8	12:48:15	10.75	94.480	29.830	31150.000	12.000	94.480361	19.7936357	197.725406	148.306661	10.14954280	317.173212	35	19.3739612	8.13397134	254.186605
8	12:48:30	11.00	94.920	29.770	31145.000	12.000	94.988507	19.9000922	198.788836	149.104301	10.20413028	318.879071	35	19.3739612	8.17771844	255.553701
8	12:48:45	11.25	94.910	29.770	31176.000	12.000	94.988507	19.9000922	198.788836	149.104301	10.20413028	318.879071	35	19.3739612	8.17771844	255.553701
8	12:49:00	11.50	94.590	29.810	31153.000	12.000	94.649379	19.8290450	198.079122	148.571970	10.16769956	317.740611	35	19.3739612	8.14852240	254.641325
8	12:49:15	11.75	94.600	29.810	31187.000	12.000	94.649379	19.8290450	198.079122	148.571970	10.16769956	317.740611	35	19.3739612	8.14852240	254.641325
8	12:49:30	12.00	94.880	29.780	31166.000	12.000	94.903588	19.8823017	198.611122	148.971004	10.19500792	318.593997	35	19.3739612	8.17040766	255.325239
8	12:49:45	12.25	94.830	29.780	31176.000	12.000	94.903588	19.8823017	198.611122	148.971004	10.19500792	318.593997	35	19.3739612	8.17040766	255.325239
8	12:50:00	12.50	95.230	29.740	31169.000	12.000	95.243811	19.9535784	199.323129	149.505054	10.23155630	319.736134	35	19.3739612	8.19969800	256.240562
8	12:50:15	12.75	94.030	29.880	31184.000	12.000	94.059399	19.7054440	196.844429	147.645872	10.10432093	315.760029	35	19.3739612	8.09772997	253.054062
8	12:50:30	13.00	94.540	29.820	31178.000	12.000	94.564825	19.8113308	197.902169	148.439244	10.15861631	317.456760	35	19.3739612	8.14124297	254.413843
8	12:50:45	13.25	94.630	29.810	31194.000	12.000	94.649379	19.8290450	198.079122	148.571970	10.16769956	317.740611	35	19.3739612	8.14852240	254.641325
8	12:51:00	13.50	94.500	29.820	31194.000	12.000	94.564825	19.8113308	197.902169	148.439244	10.15861631	317.456760	35	19.3739612	8.14124297	254.413843
8	12:51:15	13.75	94.540	29.820	31210.000	12.000	94.564825	19.8113308	197.902169	148.439244	10.15861631	317.456760	35	19.3739612	8.14124297	254.413843
8	12:51:30	14.00	94.990	29.760	31212.000	12.000	95.073517	19.9179017	198.966742	149.237742	10.21326246	319.164452	35	19.3739612	8.18503708	255.782409
8	12:51:45	14.25	95.000	29.760	31189.000	12.000	95.073517	19.9179017	198.966742	149.237742	10.21326246	319.164452	35	19.3739612	8.18503708	255.782409
8	12:52:00	14.50	94.600	29.810	31203.000	12.000	94.649379	19.8290450	198.079122	148.571970	10.16769956	317.740611	35	19.3739612	8.14852240	254.641325
8	12:52:15	14.75	94.870	29.780	31203.000	12.000	94.903588	19.8823017	198.611122	148.971004	10.19500792	318.593997	35	19.3739612	8.17040766	255.325239
8	12:52:30	15.00	94.200	29.860	31198.000	12.000	94.227513	19.7406640	197.196253	147.909762	10.12238060	316.324394	35	19.3739612	8.11220321	253.506350
8	12:52:45	15.25	94.530	29.820	31225.000	12.000	94.564825	19.8113308	197.902169	148.439244	10.15861631	317.456760	35	19.3739612	8.14124297	254.413843
8	12:53:00	15.50	94.590	29.810	31228.000	12.000	94.649379	19.8290450	198.079122	148.571970	10.16769956	317.740611	35	19.3739612	8.14852240	254.641325
8	12:53:15	15.75	94.270	29.850	31203.000	12.000	94.311705	19.7583023	197.372449	148.041920	10.13142496	316.607030	35	19.3739612	8.11945148	253.732859
8	12:53:30	16.00	94.350	29.840	31213.000	12.000	94.395988	19.7759595	197.548833	148.174219	10.14047902	316.889969	35	19.3739612	8.12670752	253.959610
8	12:53:45	16.25	94.870	29.780	31225.000	12.000	94.903588	19.8823017	198.611122	148.971004	10.19500792	318.593997	35	19.3739612	8.17040766	255.325239
8	12:54:00	16.50	94.600	29.810	31202.000	12.000	94.649379	19.8290450	198.079122	148.571970	10.16769956	317.740611	35	19.3739612	8.14852240	254.641325
8	12:54:15	16.75	94.160	29.860	31222.000	12.000	94.227513	19.7406640	197.196253	147.909762	10.12238060	316.324394	35	19.3739612	8.11220321	253.506350
8	12:54:30	17.00	94.240	29.850	31233.000	12.000	94.311705	19.7583023	197.372449	148.041920	10.13142496	316.607030	35	19.3739612	8.11945148	253.732859
8	12:54:45	17.25	94.770	29.790	31246.000	12.000	94.818761	19.8645304	198.433598	148.837850	10.18589535	318.309230	35	19.3739612	8.16310474	255.097023
8	12:55:00	17.50	94.300	29.850	31213.000	12.000	94.311705	19.7583023	197.372449	148.041920	10.13142496	316.607030	35	19.3739612	8.11945148	253.732859
8	12:55:15	17.75	94.190	29.860	31255.000	12.000	94.227513	19.7406640	197.196253	147.909762	10.12238060	316.324394	35	19.3739612	8.11220321	253.506350
8	12:55:30	18.00	94.170	29.860	31215.000	12.000	94.227513	19.7406640	197.196253	147.909762	10.12238060	316.324394	35	19.3739612	8.11220321	253.506350
8	12:55:45	18.25	94.890	29.780	31242.000	12.000	94.903588	19.8823017	198.611122	148.971004	10.19500792	318.593997	35	19.3739612	8.17040766	255.325239
8	12:56:00	18.50	94.560	29.820	31242.000	12.000	94.564825	19.8113308	197.902169	148.439244	10.15861631	317.456760	35	19.3739612	8.14124297	254.413843
8	12:56:15	18.75	94.630	29.810	31265.000	12.000	94.649379	19.8290450	198.079122	148.571970	10.16769956	317.740611	35	19.3739612	8.14852240	254.641325
8	12:56:30	19.00	94.320	29.840	31242.000	12.000	94.395988	19.7759595	197.548833	148.174219	10.14047902	316.889969	35	19.3739612	8.12670752	253.959610
8	12:56:45	19.25	94.590	29.810	31228.000	12.000	94.649379	19.8290450	198.079122	148.571970	10.16769956	317.740611	35	19.3739612	8.14852240	254.641325
8	12:57:00	19.50	94.050	29.880	31259.000	12.000	94.059399	19.7054440	196.844429	147.645872	10.10432093	315.760029	35	19.3739612	8.09772997	253.054062
8	12:57:15	19.75	94.280	29.850	31238.000	12.000	94.311705	19.7583023	197.372449	148.041920	10.13142496	316.607030	35	19.3739612	8.11945148	253.732859
8	12:57:30	20.00	94.310	29.850	31253.000	12.000	94.311705	19.7583023	197.372449	148.041920	10.13142496	316.607030	35	19.3739612	8.11945148	253.732859
8	12:57:45	20.25	93.990	29.880	31243.000	12.000	94.059399	19.7054440	196.844429	147.645872	10.10432093	315.760029	35	19.3739612	8.09772997	253.054062
