Chamber	Time/hh:mm:ss	Logtime/min	Oxy/% air sat.	Phase/°	Amp	Temp/°C	% air-sat.	% oxygen	pO2 (hPa)	pO2 (Torr)	cO2 [mg/L]	cO2 [µmol/L]	Salinity	chlorinity	SalCorcO2 [mg/L]	SalCorcO2 [µmol/L]
8	11:29:33	0.00	96.550	28.990	30349.000	15.000	96.627876	20.2435400	201.605525	151.216997	9.70770217	303.365693	35	19.3739612	7.83654419	244.892006
8	11:29:39	0.10	95.450	29.120	30321.000	15.000	95.495169	20.0062380	199.242233	149.444377	9.59390502	299.809532	35	19.3739612	7.74468142	242.021294
8	11:29:54	0.35	97.160	28.920	30355.000	15.000	97.244546	20.3727324	202.892152	152.182050	9.76965581	305.301744	35	19.3739612	7.88655628	246.454884
8	11:30:10	0.60	95.540	29.110	30338.000	15.000	95.581727	20.0243719	199.422828	149.579835	9.60260103	300.081282	35	19.3739612	7.75170128	242.240665
8	11:30:24	0.85	95.440	29.120	30357.000	15.000	95.495169	20.0062380	199.242233	149.444377	9.59390502	299.809532	35	19.3739612	7.74468142	242.021294
8	11:30:39	1.10	95.770	29.080	30321.000	15.000	95.841972	20.0788930	199.965805	149.987102	9.62874643	300.898326	35	19.3739612	7.77280716	242.900224
8	11:30:55	1.35	95.560	29.110	30362.000	15.000	95.581727	20.0243719	199.422828	149.579835	9.60260103	300.081282	35	19.3739612	7.75170128	242.240665
8	11:31:10	1.60	96.090	29.050	30359.000	15.000	96.103075	20.1335943	200.510575	150.395715	9.65497818	301.718068	35	19.3739612	7.79398274	243.561961
8	11:31:24	1.85	96.120	29.040	30351.000	15.000	96.190302	20.1518682	200.692564	150.532219	9.66374134	301.991917	35	19.3739612	7.80105681	243.783025
8	11:31:39	2.10	95.980	29.060	30327.000	15.000	96.015945	20.1153405	200.328785	150.259361	9.64622464	301.444520	35	19.3739612	7.78691645	243.341139
8	11:31:54	2.35	95.180	29.150	30377.000	15.000	95.236065	19.9519557	198.701635	149.038894	9.56787417	298.996068	35	19.3739612	7.72366802	241.364625
8	11:32:09	2.60	95.800	29.080	30414.000	15.000	95.841972	20.0788930	199.965805	149.987102	9.62874643	300.898326	35	19.3739612	7.77280716	242.900224
8	11:32:24	2.85	95.310	29.140	30384.000	15.000	95.322339	19.9700299	198.881636	149.173907	9.57654160	299.266925	35	19.3739612	7.73066480	241.583275
8	11:32:40	3.10	94.860	29.190	30376.000	15.000	94.891916	19.8798565	197.983598	148.500321	9.53329930	297.915603	35	19.3739612	7.69575744	240.492420
8	11:32:54	3.35	95.590	29.100	30407.000	15.000	95.668380	20.0425256	199.603621	149.715442	9.61130659	300.353331	35	19.3739612	7.75872884	242.460276
8	11:33:09	3.60	94.970	29.180	30429.000	15.000	94.977812	19.8978517	198.162812	148.634743	9.54192881	298.185275	35	19.3739612	7.70272362	240.710113
8	11:33:24	3.85	96.070	29.050	30365.000	15.000	96.103075	20.1335943	200.510575	150.395715	9.65497818	301.718068	35	19.3739612	7.79398274	243.561961
8	11:33:39	4.10	95.330	29.130	30409.000	15.000	95.408707	19.9881240	199.061836	149.309068	9.58521855	299.538080	35	19.3739612	7.73766927	241.802165
8	11:33:55	4.35	95.250	29.140	30392.000	15.000	95.322339	19.9700299	198.881636	149.173907	9.57654160	299.266925	35	19.3739612	7.73066480	241.583275
8	11:34:09	4.60	95.000	29.170	30379.000	15.000	95.063802	19.9158666	198.342223	148.769313	9.55056779	298.455243	35	19.3739612	7.70969744	240.928045
8	11:34:24	4.85	95.080	29.160	30417.000	15.000	95.149887	19.9339012	198.521830	148.904030	9.55921624	298.725507	35	19.3739612	7.71667890	241.146216
8	11:34:39	5.10	96.190	29.030	30392.000	15.000	96.277624	20.1701622	200.874755	150.668873	9.67251416	302.266067	35	19.3739612	7.80813866	244.004333
8	11:34:54	5.35	95.000	29.170	30325.000	15.000	95.063802	19.9158666	198.342223	148.769313	9.55056779	298.455243	35	19.3739612	7.70969744	240.928045
8	11:35:09	5.60	94.420	29.240	30409.000	15.000	94.463844	19.7901754	197.090464	147.830414	9.49029313	296.571660	35	19.3739612	7.66104071	239.407522
8	11:35:24	5.85	95.140	29.160	30412.000	15.000	95.149887	19.9339012	198.521830	148.904030	9.55921624	298.725507	35	19.3739612	7.71667890	241.146216
8	11:35:39	6.10	95.610	29.100	30414.000	15.000	95.668380	20.0425256	199.603621	149.715442	9.61130659	300.353331	35	19.3739612	7.75872884	242.460276
8	11:35:54	6.35	94.910	29.180	30447.000	15.000	94.977812	19.8978517	198.162812	148.634743	9.54192881	298.185275	35	19.3739612	7.70272362	240.710113
8	11:36:10	6.60	95.130	29.160	30430.000	15.000	95.149887	19.9339012	198.521830	148.904030	9.55921624	298.725507	35	19.3739612	7.71667890	241.146216
8	11:36:25	6.85	95.590	29.100	30462.000	15.000	95.668380	20.0425256	199.603621	149.715442	9.61130659	300.353331	35	19.3739612	7.75872884	242.460276
8	11:36:39	7.10	95.300	29.140	30400.000	15.000	95.322339	19.9700299	198.881636	149.173907	9.57654160	299.266925	35	19.3739612	7.73066480	241.583275
8	11:36:54	7.35	95.180	29.150	30458.000	15.000	95.236065	19.9519557	198.701635	149.038894	9.56787417	298.996068	35	19.3739612	7.72366802	241.364625
8	11:37:09	7.60	94.930	29.180	30429.000	15.000	94.977812	19.8978517	198.162812	148.634743	9.54192881	298.185275	35	19.3739612	7.70272362	240.710113
8	11:37:24	7.85	95.200	29.150	30448.000	15.000	95.236065	19.9519557	198.701635	149.038894	9.56787417	298.996068	35	19.3739612	7.72366802	241.364625
8	11:37:39	8.10	96.010	29.060	30433.000	15.000	96.015945	20.1153405	200.328785	150.259361	9.64622464	301.444520	35	19.3739612	7.78691645	243.341139
8	11:37:54	8.35	95.220	29.150	30463.000	15.000	95.236065	19.9519557	198.701635	149.038894	9.56787417	298.996068	35	19.3739612	7.72366802	241.364625
8	11:38:09	8.60	95.520	29.110	30441.000	15.000	95.581727	20.0243719	199.422828	149.579835	9.60260103	300.081282	35	19.3739612	7.75170128	242.240665
8	11:38:24	8.85	95.620	29.100	30438.000	15.000	95.668380	20.0425256	199.603621	149.715442	9.61130659	300.353331	35	19.3739612	7.75872884	242.460276
8	11:38:39	9.10	94.360	29.250	30503.000	15.000	94.378511	19.7722980	196.912423	147.696871	9.48172009	296.303753	35	19.3739612	7.65412012	239.191254
8	11:38:55	9.35	95.650	29.100	30507.000	15.000	95.668380	20.0425256	199.603621	149.715442	9.61130659	300.353331	35	19.3739612	7.75872884	242.460276
8	11:39:10	9.60	95.320	29.140	30433.000	15.000	95.322339	19.9700299	198.881636	149.173907	9.57654160	299.266925	35	19.3739612	7.73066480	241.583275
8	11:39:24	9.85	95.410	29.120	30439.000	15.000	95.495169	20.0062380	199.242233	149.444377	9.59390502	299.809532	35	19.3739612	7.74468142	242.021294
8	11:39:39	10.10	95.010	29.170	30492.000	15.000	95.063802	19.9158666	198.342223	148.769313	9.55056779	298.455243	35	19.3739612	7.70969744	240.928045
8	11:39:55	10.35	94.660	29.210	30466.000	15.000	94.720406	19.8439251	197.625758	148.231918	9.51606859	297.377143	35	19.3739612	7.68184795	240.057748
8	11:40:10	10.60	94.980	29.170	30511.000	15.000	95.063802	19.9158666	198.342223	148.769313	9.55056779	298.455243	35	19.3739612	7.70969744	240.928045
8	11:40:24	10.85	95.440	29.120	30503.000	15.000	95.495169	20.0062380	199.242233	149.444377	9.59390502	299.809532	35	19.3739612	7.74468142	242.021294
8	11:40:39	11.10	94.570	29.220	30511.000	15.000	94.634792	19.8259890	197.447131	148.097937	9.50746737	297.108355	35	19.3739612	7.67490461	239.840769
8	11:40:54	11.35	95.850	29.070	30496.000	15.000	95.928911	20.0971068	200.147195	150.123157	9.63748073	301.171273	35	19.3739612	7.77985793	243.120560
8	11:41:10	11.60	94.160	29.270	30513.000	15.000	94.208123	19.7366017	196.556923	147.430224	9.46460208	295.768815	35	19.3739612	7.64030161	238.759425
8	11:41:25	11.85	94.300	29.250	30533.000	15.000	94.378511	19.7722980	196.912423	147.696871	9.48172009	296.303753	35	19.3739612	7.65412012	239.191254
8	11:41:39	12.10	95.410	29.120	30549.000	15.000	95.495169	20.0062380	199.242233	149.444377	9.59390502	299.809532	35	19.3739612	7.74468142	242.021294
8	11:41:54	12.35	95.220	29.150	30475.000	15.000	95.236065	19.9519557	198.701635	149.038894	9.56787417	298.996068	35	19.3739612	7.72366802	241.364625
8	11:42:10	12.60	94.420	29.240	30512.000	15.000	94.463844	19.7901754	197.090464	147.830414	9.49029313	296.571660	35	19.3739612	7.66104071	239.407522
8	11:42:24	12.85	93.650	29.330	30570.000	15.000	93.699185	19.6299793	195.495071	146.633767	9.41347180	294.170994	35	19.3739612	7.59902668	237.469584
8	11:42:39	13.10	94.420	29.240	30514.000	15.000	94.463844	19.7901754	197.090464	147.830414	9.49029313	296.571660	35	19.3739612	7.66104071	239.407522
8	11:42:54	13.35	95.250	29.140	30540.000	15.000	95.322339	19.9700299	198.881636	149.173907	9.57654160	299.266925	35	19.3739612	7.73066480	241.583275
8	11:43:09	13.60	94.380	29.240	30561.000	15.000	94.463844	19.7901754	197.090464	147.830414	9.49029313	296.571660	35	19.3739612	7.66104071	239.407522
8	11:43:25	13.85	94.780	29.200	30511.000	15.000	94.806114	19.8618810	197.804580	148.366046	9.52467922	297.646226	35	19.3739612	7.68879889	240.274965
8	11:43:40	14.10	93.910	29.300	30546.000	15.000	93.953237	19.6832032	196.025128	147.031343	9.43899509	294.968597	35	19.3739612	7.61963036	238.113449
8	11:43:54	14.35	94.720	29.210	30591.000	15.000	94.720406	19.8439251	197.625758	148.231918	9.51606859	297.377143	35	19.3739612	7.68184795	240.057748
8	11:44:10	14.60	94.480	29.230	30568.000	15.000	94.549272	19.8080724	197.268700	147.964102	9.49887555	296.839861	35	19.3739612	7.66796887	239.624027
8	11:44:24	14.85	95.020	29.170	30549.000	15.000	95.063802	19.9158666	198.342223	148.769313	9.55056779	298.455243	35	19.3739612	7.70969744	240.928045
8	11:44:39	15.10	93.820	29.310	30529.000	15.000	93.868461	19.6654426	195.848249	146.898673	9.43047804	294.702439	35	19.3739612	7.61275497	237.898593
8	11:44:55	15.35	94.370	29.250	30539.000	15.000	94.378511	19.7722980	196.912423	147.696871	9.48172009	296.303753	35	19.3739612	7.65412012	239.191254
8	11:45:09	15.60	93.530	29.350	30554.000	15.000	93.530278	19.5945933	195.142661	146.369437	9.39650260	293.640706	35	19.3739612	7.58532828	237.041509
8	11:45:24	15.85	94.140	29.270	30611.000	15.000	94.208123	19.7366017	196.556923	147.430224	9.46460208	295.768815	35	19.3739612	7.64030161	238.759425
8	11:45:39	16.10	94.820	29.190	30580.000	15.000	94.891916	19.8798565	197.983598	148.500321	9.53329930	297.915603	35	19.3739612	7.69575744	240.492420
8	11:45:54	16.35	94.080	29.280	30576.000	15.000	94.123068	19.7187828	196.379464	147.297118	9.45605710	295.501784	35	19.3739612	7.63340367	238.543865
8	11:46:09	16.60	94.760	29.200	30618.000	15.000	94.806114	19.8618810	197.804580	148.366046	9.52467922	297.646226	35	19.3739612	7.68879889	240.274965
8	11:46:24	16.85	93.640	29.330	30588.000	15.000	93.699185	19.6299793	195.495071	146.633767	9.41347180	294.170994	35	19.3739612	7.59902668	237.469584
8	11:46:39	17.10	93.680	29.330	30635.000	15.000	93.699185	19.6299793	195.495071	146.633767	9.41347180	294.170994	35	19.3739612	7.59902668	237.469584
8	11:46:55	17.35	93.800	29.310	30638.000	15.000	93.868461	19.6654426	195.848249	146.898673	9.43047804	294.702439	35	19.3739612	7.61275497	237.898593
8	11:47:09	17.60	94.250	29.260	30613.000	15.000	94.293270	19.7544401	196.734576	147.563475	9.47315641	296.036138	35	19.3739612	7.64720709	238.975221
8	11:47:24	17.85	93.530	29.340	30654.000	15.000	93.614686	19.6122767	195.318770	146.501530	9.40498257	293.905705	35	19.3739612	7.59217375	237.255430
8	11:47:39	18.10	94.190	29.270	30616.000	15.000	94.208123	19.7366017	196.556923	147.430224	9.46460208	295.768815	35	19.3739612	7.64030161	238.759425
8	11:47:54	18.35	93.680	29.330	30618.000	15.000	93.699185	19.6299793	195.495071	146.633767	9.41347180	294.170994	35	19.3739612	7.59902668	237.469584
8	11:48:10	18.60	93.510	29.350	30628.000	15.000	93.530278	19.5945933	195.142661	146.369437	9.39650260	293.640706	35	19.3739612	7.58532828	237.041509
8	11:48:24	18.85	94.600	29.220	30646.000	15.000	94.634792	19.8259890	197.447131	148.097937	9.50746737	297.108355	35	19.3739612	7.67490461	239.840769
8	11:48:40	19.10	93.160	29.390	30676.000	15.000	93.193567	19.5240522	194.440142	145.842503	9.36267490	292.583591	35	19.3739612	7.55802087	236.188152
8	11:48:54	19.35	93.970	29.290	30685.000	15.000	94.038106	19.7009833	196.202199	147.164158	9.44752144	295.235045	35	19.3739612	7.62651325	238.328539
8	11:49:09	19.60	93.080	29.400	30676.000	15.000	93.109617	19.5064649	194.264989	145.711127	9.35424097	292.320030	35	19.3739612	7.55121258	235.975393
