Chamber	Time/hh:mm:ss	Logtime/min	Oxy/% air sat.	Phase/°	Amp	Temp/°C	% air-sat.	% oxygen	pO2 (hPa)	pO2 (Torr)	cO2 [mg/L]	cO2 [µmol/L]	Salinity	chlorinity	SalCorcO2 [mg/L]	SalCorcO2 [µmol/L]
10	13:10:01	0.00	96.800	29.550	45198.000	12.000	96.880050	20.2963705	202.747396	152.073473	10.40732911	325.229035	35	19.3739612	8.34056454	260.642642
10	13:10:04	0.05	96.650	29.570	45192.000	12.000	96.706229	20.2599549	202.383629	151.800625	10.38865637	324.645512	35	19.3739612	8.32559997	260.174999
10	13:10:19	0.30	97.000	29.530	45164.000	12.000	97.054248	20.3328650	203.111952	152.346914	10.42604231	325.813822	35	19.3739612	8.35556154	261.111298
10	13:10:34	0.55	97.180	29.510	45200.000	12.000	97.228824	20.3694386	203.477299	152.620947	10.44479611	326.399878	35	19.3739612	8.37059106	261.580971
10	13:10:49	0.80	97.150	29.510	45208.000	12.000	97.228824	20.3694386	203.477299	152.620947	10.44479611	326.399878	35	19.3739612	8.37059106	261.580971
10	13:11:04	1.05	96.450	29.590	45234.000	12.000	96.532783	20.2236180	202.020647	151.528365	10.37002400	324.063250	35	19.3739612	8.31066775	259.708367
10	13:11:19	1.30	96.550	29.580	45245.000	12.000	96.619459	20.2417767	202.202040	151.664421	10.37933515	324.354223	35	19.3739612	8.31812983	259.941557
10	13:11:34	1.55	96.740	29.560	45250.000	12.000	96.793092	20.2781528	202.565414	151.936975	10.39798769	324.937115	35	19.3739612	8.33307821	260.408694
10	13:11:49	1.80	96.350	29.610	45241.000	12.000	96.359712	20.1873597	201.658450	151.256694	10.35143187	323.482246	35	19.3739612	8.29576779	259.242743
10	13:12:04	2.05	96.310	29.610	45263.000	12.000	96.359712	20.1873597	201.658450	151.256694	10.35143187	323.482246	35	19.3739612	8.29576779	259.242743
10	13:12:19	2.30	96.400	29.600	45265.000	12.000	96.446201	20.2054791	201.839451	151.392457	10.36072291	323.772591	35	19.3739612	8.30321374	259.475430
10	13:12:34	2.55	95.910	29.660	45222.000	12.000	95.928667	20.0970557	200.756373	150.580079	10.30512688	322.035215	35	19.3739612	8.25865839	258.083075
10	13:12:49	2.80	96.380	29.600	45279.000	12.000	96.446201	20.2054791	201.839451	151.392457	10.36072291	323.772591	35	19.3739612	8.30321374	259.475430
10	13:13:04	3.05	96.290	29.610	45240.000	12.000	96.359712	20.1873597	201.658450	151.256694	10.35143187	323.482246	35	19.3739612	8.29576779	259.242743
10	13:13:19	3.30	96.580	29.580	45236.000	12.000	96.619459	20.2417767	202.202040	151.664421	10.37933515	324.354223	35	19.3739612	8.31812983	259.941557
10	13:13:34	3.55	96.120	29.630	45240.000	12.000	96.187015	20.1511796	201.297035	150.985610	10.33287987	322.902496	35	19.3739612	8.28089998	258.778125
10	13:13:49	3.80	96.610	29.580	45273.000	12.000	96.619459	20.2417767	202.202040	151.664421	10.37933515	324.354223	35	19.3739612	8.31812983	259.941557
10	13:14:04	4.05	96.620	29.570	45290.000	12.000	96.706229	20.2599549	202.383629	151.800625	10.38865637	324.645512	35	19.3739612	8.32559997	260.174999
10	13:14:19	4.30	96.350	29.610	45254.000	12.000	96.359712	20.1873597	201.658450	151.256694	10.35143187	323.482246	35	19.3739612	8.29576779	259.242743
10	13:14:34	4.55	96.410	29.600	45236.000	12.000	96.446201	20.2054791	201.839451	151.392457	10.36072291	323.772591	35	19.3739612	8.30321374	259.475430
10	13:14:49	4.80	96.450	29.590	45240.000	12.000	96.532783	20.2236180	202.020647	151.528365	10.37002400	324.063250	35	19.3739612	8.31066775	259.708367
10	13:15:04	5.05	96.260	29.620	45274.000	12.000	96.273317	20.1692599	201.477645	151.121079	10.34215086	323.192214	35	19.3739612	8.28832987	259.010308
10	13:15:19	5.30	96.520	29.590	45248.000	12.000	96.532783	20.2236180	202.020647	151.528365	10.37002400	324.063250	35	19.3739612	8.31066775	259.708367
10	13:15:34	5.55	96.600	29.580	45278.000	12.000	96.619459	20.2417767	202.202040	151.664421	10.37933515	324.354223	35	19.3739612	8.31812983	259.941557
10	13:15:49	5.80	96.640	29.570	45262.000	12.000	96.706229	20.2599549	202.383629	151.800625	10.38865637	324.645512	35	19.3739612	8.32559997	260.174999
10	13:16:04	6.05	96.210	29.620	45250.000	12.000	96.273317	20.1692599	201.477645	151.121079	10.34215086	323.192214	35	19.3739612	8.28832987	259.010308
10	13:16:19	6.30	95.880	29.660	45318.000	12.000	95.928667	20.0970557	200.756373	150.580079	10.30512688	322.035215	35	19.3739612	8.25865839	258.083075
10	13:16:34	6.55	96.670	29.570	45269.000	12.000	96.706229	20.2599549	202.383629	151.800625	10.38865637	324.645512	35	19.3739612	8.32559997	260.174999
10	13:16:49	6.80	96.390	29.600	45317.000	12.000	96.446201	20.2054791	201.839451	151.392457	10.36072291	323.772591	35	19.3739612	8.30321374	259.475430
10	13:17:04	7.05	96.200	29.620	45248.000	12.000	96.273317	20.1692599	201.477645	151.121079	10.34215086	323.192214	35	19.3739612	8.28832987	259.010308
10	13:17:19	7.30	96.480	29.590	45292.000	12.000	96.532783	20.2236180	202.020647	151.528365	10.37002400	324.063250	35	19.3739612	8.31066775	259.708367
10	13:17:34	7.55	96.010	29.650	45333.000	12.000	96.014690	20.1150775	200.936399	150.715110	10.31436790	322.323997	35	19.3739612	8.26606426	258.314508
10	13:17:49	7.80	96.580	29.580	45265.000	12.000	96.619459	20.2417767	202.202040	151.664421	10.37933515	324.354223	35	19.3739612	8.31812983	259.941557
10	13:18:04	8.05	95.870	29.660	45306.000	12.000	95.928667	20.0970557	200.756373	150.580079	10.30512688	322.035215	35	19.3739612	8.25865839	258.083075
10	13:18:19	8.30	96.480	29.590	45312.000	12.000	96.532783	20.2236180	202.020647	151.528365	10.37002400	324.063250	35	19.3739612	8.31066775	259.708367
10	13:18:34	8.55	96.010	29.650	45311.000	12.000	96.014690	20.1150775	200.936399	150.715110	10.31436790	322.323997	35	19.3739612	8.26606426	258.314508
10	13:18:49	8.80	96.250	29.620	45317.000	12.000	96.273317	20.1692599	201.477645	151.121079	10.34215086	323.192214	35	19.3739612	8.28832987	259.010308
10	13:19:04	9.05	96.730	29.560	45344.000	12.000	96.793092	20.2781528	202.565414	151.936975	10.39798769	324.937115	35	19.3739612	8.33307821	260.408694
10	13:19:19	9.30	96.350	29.610	45299.000	12.000	96.359712	20.1873597	201.658450	151.256694	10.35143187	323.482246	35	19.3739612	8.29576779	259.242743
10	13:19:34	9.55	96.030	29.640	45314.000	12.000	96.100806	20.1331188	201.116620	150.850287	10.32361889	322.613090	35	19.3739612	8.27347812	258.546191
10	13:19:49	9.80	96.290	29.610	45317.000	12.000	96.359712	20.1873597	201.658450	151.256694	10.35143187	323.482246	35	19.3739612	8.29576779	259.242743
10	13:20:04	10.05	96.590	29.580	45318.000	12.000	96.619459	20.2417767	202.202040	151.664421	10.37933515	324.354223	35	19.3739612	8.31812983	259.941557
10	13:20:19	10.30	96.170	29.630	45298.000	12.000	96.187015	20.1511796	201.297035	150.985610	10.33287987	322.902496	35	19.3739612	8.28089998	258.778125
10	13:20:34	10.55	96.110	29.630	45319.000	12.000	96.187015	20.1511796	201.297035	150.985610	10.33287987	322.902496	35	19.3739612	8.28089998	258.778125
10	13:20:49	10.80	96.020	29.640	45368.000	12.000	96.100806	20.1331188	201.116620	150.850287	10.32361889	322.613090	35	19.3739612	8.27347812	258.546191
10	13:21:04	11.05	96.650	29.570	45324.000	12.000	96.706229	20.2599549	202.383629	151.800625	10.38865637	324.645512	35	19.3739612	8.32559997	260.174999
10	13:21:19	11.30	96.380	29.600	45306.000	12.000	96.446201	20.2054791	201.839451	151.392457	10.36072291	323.772591	35	19.3739612	8.30321374	259.475430
10	13:21:34	11.55	96.160	29.630	45348.000	12.000	96.187015	20.1511796	201.297035	150.985610	10.33287987	322.902496	35	19.3739612	8.28089998	258.778125
10	13:21:49	11.80	96.210	29.620	45332.000	12.000	96.273317	20.1692599	201.477645	151.121079	10.34215086	323.192214	35	19.3739612	8.28832987	259.010308
10	13:22:04	12.05	95.880	29.660	45335.000	12.000	95.928667	20.0970557	200.756373	150.580079	10.30512688	322.035215	35	19.3739612	8.25865839	258.083075
10	13:22:19	12.30	96.100	29.640	45348.000	12.000	96.100806	20.1331188	201.116620	150.850287	10.32361889	322.613090	35	19.3739612	8.27347812	258.546191
10	13:22:34	12.55	95.380	29.720	45349.000	12.000	95.414472	19.9893319	199.680283	149.772943	10.24988955	320.309048	35	19.3739612	8.21439050	256.699703
10	13:22:49	12.80	95.690	29.680	45370.000	12.000	95.756899	20.0610703	200.396903	150.310453	10.28667473	321.458585	35	19.3739612	8.24387060	257.620956
10	13:23:04	13.05	96.150	29.630	45373.000	12.000	96.187015	20.1511796	201.297035	150.985610	10.33287987	322.902496	35	19.3739612	8.28089998	258.778125
10	13:23:19	13.30	95.920	29.660	45379.000	12.000	95.928667	20.0970557	200.756373	150.580079	10.30512688	322.035215	35	19.3739612	8.25865839	258.083075
10	13:23:34	13.55	95.510	29.700	45341.000	12.000	95.585501	20.0251625	200.038207	150.041408	10.26826233	320.883198	35	19.3739612	8.22911467	257.159833
10	13:23:49	13.80	95.870	29.660	45412.000	12.000	95.928667	20.0970557	200.756373	150.580079	10.30512688	322.035215	35	19.3739612	8.25865839	258.083075
10	13:24:04	14.05	95.870	29.660	45405.000	12.000	95.928667	20.0970557	200.756373	150.580079	10.30512688	322.035215	35	19.3739612	8.25865839	258.083075
10	13:24:19	14.30	96.160	29.630	45380.000	12.000	96.187015	20.1511796	201.297035	150.985610	10.33287987	322.902496	35	19.3739612	8.28089998	258.778125
10	13:24:34	14.55	96.180	29.630	45369.000	12.000	96.187015	20.1511796	201.297035	150.985610	10.33287987	322.902496	35	19.3739612	8.28089998	258.778125
10	13:24:49	14.80	95.660	29.690	45368.000	12.000	95.671154	20.0431067	200.217458	150.175858	10.27746357	321.170737	35	19.3739612	8.23648866	257.390271
10	13:25:04	15.05	96.140	29.630	45382.000	12.000	96.187015	20.1511796	201.297035	150.985610	10.33287987	322.902496	35	19.3739612	8.28089998	258.778125
10	13:25:19	15.30	96.170	29.630	45350.000	12.000	96.187015	20.1511796	201.297035	150.985610	10.33287987	322.902496	35	19.3739612	8.28089998	258.778125
10	13:25:34	15.55	95.330	29.720	45412.000	12.000	95.414472	19.9893319	199.680283	149.772943	10.24988955	320.309048	35	19.3739612	8.21439050	256.699703
10	13:25:49	15.80	96.100	29.630	45406.000	12.000	96.187015	20.1511796	201.297035	150.985610	10.33287987	322.902496	35	19.3739612	8.28089998	258.778125
10	13:26:04	16.05	96.360	29.600	45405.000	12.000	96.446201	20.2054791	201.839451	151.392457	10.36072291	323.772591	35	19.3739612	8.30321374	259.475430
10	13:26:19	16.30	95.960	29.650	45398.000	12.000	96.014690	20.1150775	200.936399	150.715110	10.31436790	322.323997	35	19.3739612	8.26606426	258.314508
10	13:26:34	16.55	95.850	29.660	45416.000	12.000	95.928667	20.0970557	200.756373	150.580079	10.30512688	322.035215	35	19.3739612	8.25865839	258.083075
10	13:26:49	16.80	96.110	29.630	45436.000	12.000	96.187015	20.1511796	201.297035	150.985610	10.33287987	322.902496	35	19.3739612	8.28089998	258.778125
10	13:27:04	17.05	95.450	29.710	45414.000	12.000	95.499940	20.0072375	199.859148	149.907103	10.25907099	320.595968	35	19.3739612	8.22174862	256.929644
10	13:27:19	17.30	96.120	29.630	45410.000	12.000	96.187015	20.1511796	201.297035	150.985610	10.33287987	322.902496	35	19.3739612	8.28089998	258.778125
10	13:27:34	17.55	95.520	29.700	45421.000	12.000	95.585501	20.0251625	200.038207	150.041408	10.26826233	320.883198	35	19.3739612	8.22911467	257.159833
10	13:27:49	17.80	96.100	29.640	45437.000	12.000	96.100806	20.1331188	201.116620	150.850287	10.32361889	322.613090	35	19.3739612	8.27347812	258.546191
10	13:28:04	18.05	95.550	29.700	45462.000	12.000	95.585501	20.0251625	200.038207	150.041408	10.26826233	320.883198	35	19.3739612	8.22911467	257.159833
10	13:28:19	18.30	95.550	29.700	45423.000	12.000	95.585501	20.0251625	200.038207	150.041408	10.26826233	320.883198	35	19.3739612	8.22911467	257.159833
10	13:28:34	18.55	95.780	29.670	45468.000	12.000	95.842737	20.0790533	200.576541	150.445193	10.29589583	321.746745	35	19.3739612	8.25126051	257.851891
10	13:28:49	18.80	95.810	29.670	45460.000	12.000	95.842737	20.0790533	200.576541	150.445193	10.29589583	321.746745	35	19.3739612	8.25126051	257.851891
10	13:29:04	19.05	95.550	29.700	45529.000	12.000	95.585501	20.0251625	200.038207	150.041408	10.26826233	320.883198	35	19.3739612	8.22911467	257.159833
10	13:29:19	19.30	95.540	29.700	45511.000	12.000	95.585501	20.0251625	200.038207	150.041408	10.26826233	320.883198	35	19.3739612	8.22911467	257.159833
10	13:29:34	19.55	95.260	29.730	45472.000	12.000	95.329096	19.9714455	199.501609	149.638926	10.24071799	320.022437	35	19.3739612	8.20704029	256.470009
10	13:29:49	19.80	95.320	29.730	45506.000	12.000	95.329096	19.9714455	199.501609	149.638926	10.24071799	320.022437	35	19.3739612	8.20704029	256.470009
10	13:30:04	20.05	95.060	29.760	45555.000	12.000	95.073517	19.9179017	198.966742	149.237742	10.21326246	319.164452	35	19.3739612	8.18503708	255.782409
10	13:30:19	20.30	95.100	29.750	45532.000	12.000	95.158618	19.9357305	199.144840	149.371326	10.22240446	319.450139	35	19.3739612	8.19236360	256.011362
10	13:30:34	20.55	95.010	29.760	45505.000	12.000	95.073517	19.9179017	198.966742	149.237742	10.21326246	319.164452	35	19.3739612	8.18503708	255.782409
10	13:30:49	20.80	94.750	29.790	45520.000	12.000	94.818761	19.8645304	198.433598	148.837850	10.18589535	318.309230	35	19.3739612	8.16310474	255.097023
10	13:31:04	21.05	95.480	29.710	45552.000	12.000	95.499940	20.0072375	199.859148	149.907103	10.25907099	320.595968	35	19.3739612	8.22174862	256.929644
10	13:31:19	21.30	95.200	29.740	45567.000	12.000	95.243811	19.9535784	199.323129	149.505054	10.23155630	319.736134	35	19.3739612	8.19969800	256.240562
10	13:31:34	21.55	94.960	29.770	45564.000	12.000	94.988507	19.9000922	198.788836	149.104301	10.20413028	318.879071	35	19.3739612	8.17771844	255.553701
10	13:31:49	21.80	95.030	29.760	45534.000	12.000	95.073517	19.9179017	198.966742	149.237742	10.21326246	319.164452	35	19.3739612	8.18503708	255.782409
10	13:32:04	22.05	95.380	29.720	45558.000	12.000	95.414472	19.9893319	199.680283	149.772943	10.24988955	320.309048	35	19.3739612	8.21439050	256.699703
10	13:32:19	22.30	95.030	29.760	45564.000	12.000	95.073517	19.9179017	198.966742	149.237742	10.21326246	319.164452	35	19.3739612	8.18503708	255.782409
10	13:32:34	22.55	95.140	29.750	45610.000	12.000	95.158618	19.9357305	199.144840	149.371326	10.22240446	319.450139	35	19.3739612	8.19236360	256.011362
10	13:32:49	22.80	95.540	29.700	45558.000	12.000	95.585501	20.0251625	200.038207	150.041408	10.26826233	320.883198	35	19.3739612	8.22911467	257.159833
10	13:33:04	23.05	95.110	29.750	45567.000	12.000	95.158618	19.9357305	199.144840	149.371326	10.22240446	319.450139	35	19.3739612	8.19236360	256.011362
