Chamber	Time/hh:mm:ss	Logtime/min	Oxy/% air sat.	Phase/°	Amp	Temp/°C	% air-sat.	% oxygen	pO2 (hPa)	pO2 (Torr)	cO2 [mg/L]	cO2 [µmol/L]	Salinity	chlorinity	SalCorcO2 [mg/L]	SalCorcO2 [µmol/L]
10	11:29:35	0.00	96.540	29.000	44177.000	15.000	96.540168	20.2251652	201.422530	151.079739	9.69889062	303.090332	35	19.3739612	7.82943107	244.669721
10	11:29:44	0.16	96.050	29.050	44186.000	15.000	96.103075	20.1335943	200.510575	150.395715	9.65497818	301.718068	35	19.3739612	7.79398274	243.561961
10	11:29:59	0.41	96.650	28.980	44191.000	15.000	96.715680	20.2619350	201.788721	151.354406	9.71652343	303.641357	35	19.3739612	7.84366515	245.114536
10	11:30:14	0.66	96.410	29.010	44165.000	15.000	96.452557	20.2068107	201.239737	150.942633	9.69008878	302.815274	35	19.3739612	7.82232578	244.447681
10	11:30:29	0.91	96.680	28.980	44196.000	15.000	96.715680	20.2619350	201.788721	151.354406	9.71652343	303.641357	35	19.3739612	7.84366515	245.114536
10	11:30:44	1.16	96.260	29.030	44173.000	15.000	96.277624	20.1701622	200.874755	150.668873	9.67251416	302.266067	35	19.3739612	7.80813866	244.004333
10	11:30:59	1.41	96.450	29.010	44174.000	15.000	96.452557	20.2068107	201.239737	150.942633	9.69008878	302.815274	35	19.3739612	7.82232578	244.447681
10	11:31:14	1.66	95.940	29.060	44222.000	15.000	96.015945	20.1153405	200.328785	150.259361	9.64622464	301.444520	35	19.3739612	7.78691645	243.341139
10	11:31:29	1.91	96.390	29.010	44209.000	15.000	96.452557	20.2068107	201.239737	150.942633	9.69008878	302.815274	35	19.3739612	7.82232578	244.447681
10	11:31:44	2.16	96.560	28.990	44226.000	15.000	96.627876	20.2435400	201.605525	151.216997	9.70770217	303.365693	35	19.3739612	7.83654419	244.892006
10	11:31:59	2.41	96.440	29.010	44196.000	15.000	96.452557	20.2068107	201.239737	150.942633	9.69008878	302.815274	35	19.3739612	7.82232578	244.447681
10	11:32:14	2.66	96.890	28.960	44245.000	15.000	96.891580	20.2987860	202.155720	151.629678	9.73419515	304.193599	35	19.3739612	7.85793066	245.560333
10	11:32:29	2.91	96.330	29.020	44235.000	15.000	96.365042	20.1884764	201.057145	150.805677	9.68129663	302.540520	35	19.3739612	7.81522832	244.225885
10	11:32:44	3.16	96.330	29.020	44239.000	15.000	96.365042	20.1884764	201.057145	150.805677	9.68129663	302.540520	35	19.3739612	7.81522832	244.225885
10	11:32:59	3.41	96.520	29.000	44284.000	15.000	96.540168	20.2251652	201.422530	151.079739	9.69889062	303.090332	35	19.3739612	7.82943107	244.669721
10	11:33:14	3.66	96.160	29.040	44233.000	15.000	96.190302	20.1518682	200.692564	150.532219	9.66374134	301.991917	35	19.3739612	7.80105681	243.783025
10	11:33:29	3.91	96.270	29.030	44242.000	15.000	96.277624	20.1701622	200.874755	150.668873	9.67251416	302.266067	35	19.3739612	7.80813866	244.004333
10	11:33:44	4.16	95.960	29.060	44242.000	15.000	96.015945	20.1153405	200.328785	150.259361	9.64622464	301.444520	35	19.3739612	7.78691645	243.341139
10	11:33:59	4.41	96.630	28.980	44217.000	15.000	96.715680	20.2619350	201.788721	151.354406	9.71652343	303.641357	35	19.3739612	7.84366515	245.114536
10	11:34:14	4.66	96.560	28.990	44224.000	15.000	96.627876	20.2435400	201.605525	151.216997	9.70770217	303.365693	35	19.3739612	7.83654419	244.892006
10	11:34:29	4.91	96.120	29.040	44175.000	15.000	96.190302	20.1518682	200.692564	150.532219	9.66374134	301.991917	35	19.3739612	7.80105681	243.783025
10	11:34:44	5.16	96.000	29.060	44250.000	15.000	96.015945	20.1153405	200.328785	150.259361	9.64622464	301.444520	35	19.3739612	7.78691645	243.341139
10	11:34:59	5.41	95.850	29.070	44252.000	15.000	95.928911	20.0971068	200.147195	150.123157	9.63748073	301.171273	35	19.3739612	7.77985793	243.120560
10	11:35:14	5.66	96.060	29.050	44266.000	15.000	96.103075	20.1335943	200.510575	150.395715	9.65497818	301.718068	35	19.3739612	7.79398274	243.561961
10	11:35:29	5.91	95.890	29.070	44245.000	15.000	95.928911	20.0971068	200.147195	150.123157	9.63748073	301.171273	35	19.3739612	7.77985793	243.120560
10	11:35:44	6.16	95.860	29.070	44273.000	15.000	95.928911	20.0971068	200.147195	150.123157	9.63748073	301.171273	35	19.3739612	7.77985793	243.120560
10	11:35:59	6.41	96.120	29.040	44271.000	15.000	96.190302	20.1518682	200.692564	150.532219	9.66374134	301.991917	35	19.3739612	7.80105681	243.783025
10	11:36:14	6.66	96.190	29.030	44272.000	15.000	96.277624	20.1701622	200.874755	150.668873	9.67251416	302.266067	35	19.3739612	7.80813866	244.004333
10	11:36:29	6.91	96.170	29.040	44279.000	15.000	96.190302	20.1518682	200.692564	150.532219	9.66374134	301.991917	35	19.3739612	7.80105681	243.783025
10	11:36:44	7.16	95.920	29.070	44279.000	15.000	95.928911	20.0971068	200.147195	150.123157	9.63748073	301.171273	35	19.3739612	7.77985793	243.120560
10	11:36:59	7.41	96.470	29.000	44230.000	15.000	96.540168	20.2251652	201.422530	151.079739	9.69889062	303.090332	35	19.3739612	7.82943107	244.669721
10	11:37:14	7.66	95.680	29.090	44256.000	15.000	95.755128	20.0606993	199.784613	149.851197	9.62002172	300.625679	35	19.3739612	7.76576413	242.680129
10	11:37:29	7.91	96.400	29.010	44296.000	15.000	96.452557	20.2068107	201.239737	150.942633	9.69008878	302.815274	35	19.3739612	7.82232578	244.447681
10	11:37:44	8.16	96.380	29.010	44308.000	15.000	96.452557	20.2068107	201.239737	150.942633	9.69008878	302.815274	35	19.3739612	7.82232578	244.447681
10	11:37:59	8.41	96.340	29.020	44315.000	15.000	96.365042	20.1884764	201.057145	150.805677	9.68129663	302.540520	35	19.3739612	7.81522832	244.225885
10	11:38:14	8.66	95.930	29.060	44284.000	15.000	96.015945	20.1153405	200.328785	150.259361	9.64622464	301.444520	35	19.3739612	7.78691645	243.341139
10	11:38:29	8.91	96.060	29.050	44308.000	15.000	96.103075	20.1335943	200.510575	150.395715	9.65497818	301.718068	35	19.3739612	7.79398274	243.561961
10	11:38:44	9.16	96.290	29.020	44287.000	15.000	96.365042	20.1884764	201.057145	150.805677	9.68129663	302.540520	35	19.3739612	7.81522832	244.225885
10	11:38:59	9.41	96.130	29.040	44313.000	15.000	96.190302	20.1518682	200.692564	150.532219	9.66374134	301.991917	35	19.3739612	7.80105681	243.783025
10	11:39:14	9.66	95.750	29.090	44321.000	15.000	95.755128	20.0606993	199.784613	149.851197	9.62002172	300.625679	35	19.3739612	7.76576413	242.680129
10	11:39:29	9.91	95.740	29.090	44297.000	15.000	95.755128	20.0606993	199.784613	149.851197	9.62002172	300.625679	35	19.3739612	7.76576413	242.680129
10	11:39:44	10.16	96.050	29.050	44358.000	15.000	96.103075	20.1335943	200.510575	150.395715	9.65497818	301.718068	35	19.3739612	7.79398274	243.561961
10	11:39:59	10.41	95.940	29.060	44375.000	15.000	96.015945	20.1153405	200.328785	150.259361	9.64622464	301.444520	35	19.3739612	7.78691645	243.341139
10	11:40:14	10.66	95.530	29.110	44360.000	15.000	95.581727	20.0243719	199.422828	149.579835	9.60260103	300.081282	35	19.3739612	7.75170128	242.240665
10	11:40:29	10.91	95.640	29.100	44351.000	15.000	95.668380	20.0425256	199.603621	149.715442	9.61130659	300.353331	35	19.3739612	7.75872884	242.460276
10	11:40:44	11.16	95.980	29.060	44368.000	15.000	96.015945	20.1153405	200.328785	150.259361	9.64622464	301.444520	35	19.3739612	7.78691645	243.341139
10	11:40:59	11.41	95.670	29.090	44298.000	15.000	95.755128	20.0606993	199.784613	149.851197	9.62002172	300.625679	35	19.3739612	7.76576413	242.680129
10	11:41:14	11.66	95.680	29.090	44369.000	15.000	95.755128	20.0606993	199.784613	149.851197	9.62002172	300.625679	35	19.3739612	7.76576413	242.680129
10	11:41:29	11.91	95.920	29.070	44383.000	15.000	95.928911	20.0971068	200.147195	150.123157	9.63748073	301.171273	35	19.3739612	7.77985793	243.120560
10	11:41:44	12.16	95.310	29.140	44407.000	15.000	95.322339	19.9700299	198.881636	149.173907	9.57654160	299.266925	35	19.3739612	7.73066480	241.583275
10	11:41:59	12.41	95.080	29.160	44390.000	15.000	95.149887	19.9339012	198.521830	148.904030	9.55921624	298.725507	35	19.3739612	7.71667890	241.146216
10	11:42:14	12.66	95.530	29.110	44419.000	15.000	95.581727	20.0243719	199.422828	149.579835	9.60260103	300.081282	35	19.3739612	7.75170128	242.240665
10	11:42:29	12.91	95.720	29.090	44421.000	15.000	95.755128	20.0606993	199.784613	149.851197	9.62002172	300.625679	35	19.3739612	7.76576413	242.680129
10	11:42:44	13.16	95.280	29.140	44402.000	15.000	95.322339	19.9700299	198.881636	149.173907	9.57654160	299.266925	35	19.3739612	7.73066480	241.583275
10	11:42:59	13.41	95.550	29.110	44451.000	15.000	95.581727	20.0243719	199.422828	149.579835	9.60260103	300.081282	35	19.3739612	7.75170128	242.240665
10	11:43:14	13.66	95.280	29.140	44408.000	15.000	95.322339	19.9700299	198.881636	149.173907	9.57654160	299.266925	35	19.3739612	7.73066480	241.583275
10	11:43:29	13.91	95.720	29.090	44480.000	15.000	95.755128	20.0606993	199.784613	149.851197	9.62002172	300.625679	35	19.3739612	7.76576413	242.680129
10	11:43:44	14.16	95.150	29.150	44465.000	15.000	95.236065	19.9519557	198.701635	149.038894	9.56787417	298.996068	35	19.3739612	7.72366802	241.364625
10	11:43:59	14.41	95.230	29.150	44473.000	15.000	95.236065	19.9519557	198.701635	149.038894	9.56787417	298.996068	35	19.3739612	7.72366802	241.364625
10	11:44:14	14.66	95.070	29.160	44480.000	15.000	95.149887	19.9339012	198.521830	148.904030	9.55921624	298.725507	35	19.3739612	7.71667890	241.146216
10	11:44:29	14.91	94.990	29.170	44491.000	15.000	95.063802	19.9158666	198.342223	148.769313	9.55056779	298.455243	35	19.3739612	7.70969744	240.928045
10	11:44:44	15.16	94.720	29.210	44459.000	15.000	94.720406	19.8439251	197.625758	148.231918	9.51606859	297.377143	35	19.3739612	7.68184795	240.057748
10	11:44:59	15.41	95.270	29.140	44516.000	15.000	95.322339	19.9700299	198.881636	149.173907	9.57654160	299.266925	35	19.3739612	7.73066480	241.583275
10	11:45:14	15.66	94.850	29.190	44479.000	15.000	94.891916	19.8798565	197.983598	148.500321	9.53329930	297.915603	35	19.3739612	7.69575744	240.492420
10	11:45:29	15.91	95.290	29.140	44479.000	15.000	95.322339	19.9700299	198.881636	149.173907	9.57654160	299.266925	35	19.3739612	7.73066480	241.583275
10	11:45:44	16.16	94.800	29.200	44508.000	15.000	94.806114	19.8618810	197.804580	148.366046	9.52467922	297.646226	35	19.3739612	7.68879889	240.274965
10	11:45:59	16.41	95.280	29.140	44524.000	15.000	95.322339	19.9700299	198.881636	149.173907	9.57654160	299.266925	35	19.3739612	7.73066480	241.583275
10	11:46:14	16.66	95.150	29.150	44463.000	15.000	95.236065	19.9519557	198.701635	149.038894	9.56787417	298.996068	35	19.3739612	7.72366802	241.364625
10	11:46:29	16.91	94.660	29.210	44522.000	15.000	94.720406	19.8439251	197.625758	148.231918	9.51606859	297.377143	35	19.3739612	7.68184795	240.057748
10	11:46:44	17.16	94.720	29.200	44517.000	15.000	94.806114	19.8618810	197.804580	148.366046	9.52467922	297.646226	35	19.3739612	7.68879889	240.274965
10	11:46:59	17.41	95.210	29.150	44549.000	15.000	95.236065	19.9519557	198.701635	149.038894	9.56787417	298.996068	35	19.3739612	7.72366802	241.364625
10	11:47:14	17.66	94.390	29.240	44535.000	15.000	94.463844	19.7901754	197.090464	147.830414	9.49029313	296.571660	35	19.3739612	7.66104071	239.407522
10	11:47:29	17.91	94.870	29.190	44587.000	15.000	94.891916	19.8798565	197.983598	148.500321	9.53329930	297.915603	35	19.3739612	7.69575744	240.492420
10	11:47:44	18.16	94.530	29.230	44604.000	15.000	94.549272	19.8080724	197.268700	147.964102	9.49887555	296.839861	35	19.3739612	7.66796887	239.624027
10	11:47:59	18.41	94.710	29.210	44591.000	15.000	94.720406	19.8439251	197.625758	148.231918	9.51606859	297.377143	35	19.3739612	7.68184795	240.057748
10	11:48:14	18.66	94.780	29.200	44554.000	15.000	94.806114	19.8618810	197.804580	148.366046	9.52467922	297.646226	35	19.3739612	7.68879889	240.274965
10	11:48:29	18.91	94.600	29.220	44637.000	15.000	94.634792	19.8259890	197.447131	148.097937	9.50746737	297.108355	35	19.3739612	7.67490461	239.840769
10	11:48:44	19.16	94.510	29.230	44584.000	15.000	94.549272	19.8080724	197.268700	147.964102	9.49887555	296.839861	35	19.3739612	7.66796887	239.624027
10	11:48:59	19.41	94.890	29.190	44604.000	15.000	94.891916	19.8798565	197.983598	148.500321	9.53329930	297.915603	35	19.3739612	7.69575744	240.492420
