Chamber	Time/hh:mm:ss	Logtime/min	Oxy/% air sat.	Phase/°	Amp	Temp/°C	% air-sat.	% oxygen	pO2 (hPa)	pO2 (Torr)	cO2 [mg/L]	cO2 [µmol/L]	Salinity	chlorinity	SalCorcO2 [mg/L]	SalCorcO2 [µmol/L]
3	10:53:33	0.00	93.990	29.290	30511.000	15.000	94.038106	19.7009833	196.202199	147.164158	9.44752144	295.235045	35	19.3739612	7.62651325	238.328539
3	10:53:43	0.17	94.310	29.250	30532.000	15.000	94.378511	19.7722980	196.912423	147.696871	9.48172009	296.303753	35	19.3739612	7.65412012	239.191254
3	10:53:58	0.42	94.210	29.260	30497.000	15.000	94.293270	19.7544401	196.734576	147.563475	9.47315641	296.036138	35	19.3739612	7.64720709	238.975221
3	10:54:13	0.67	94.200	29.270	30524.000	15.000	94.208123	19.7366017	196.556923	147.430224	9.46460208	295.768815	35	19.3739612	7.64030161	238.759425
3	10:54:28	0.92	93.800	29.310	30523.000	15.000	93.868461	19.6654426	195.848249	146.898673	9.43047804	294.702439	35	19.3739612	7.61275497	237.898593
3	10:54:43	1.17	94.210	29.260	30503.000	15.000	94.293270	19.7544401	196.734576	147.563475	9.47315641	296.036138	35	19.3739612	7.64720709	238.975221
3	10:54:58	1.42	94.590	29.220	30501.000	15.000	94.634792	19.8259890	197.447131	148.097937	9.50746737	297.108355	35	19.3739612	7.67490461	239.840769
3	10:55:13	1.67	94.080	29.280	30490.000	15.000	94.123068	19.7187828	196.379464	147.297118	9.45605710	295.501784	35	19.3739612	7.63340367	238.543865
3	10:55:28	1.92	95.160	29.150	30483.000	15.000	95.236065	19.9519557	198.701635	149.038894	9.56787417	298.996068	35	19.3739612	7.72366802	241.364625
3	10:55:43	2.17	94.300	29.250	30482.000	15.000	94.378511	19.7722980	196.912423	147.696871	9.48172009	296.303753	35	19.3739612	7.65412012	239.191254
3	10:55:58	2.42	94.580	29.220	30521.000	15.000	94.634792	19.8259890	197.447131	148.097937	9.50746737	297.108355	35	19.3739612	7.67490461	239.840769
3	10:56:13	2.67	94.480	29.230	30493.000	15.000	94.549272	19.8080724	197.268700	147.964102	9.49887555	296.839861	35	19.3739612	7.66796887	239.624027
3	10:56:28	2.92	94.570	29.220	30478.000	15.000	94.634792	19.8259890	197.447131	148.097937	9.50746737	297.108355	35	19.3739612	7.67490461	239.840769
3	10:56:43	3.17	94.680	29.210	30495.000	15.000	94.720406	19.8439251	197.625758	148.231918	9.51606859	297.377143	35	19.3739612	7.68184795	240.057748
3	10:56:58	3.42	94.080	29.280	30499.000	15.000	94.123068	19.7187828	196.379464	147.297118	9.45605710	295.501784	35	19.3739612	7.63340367	238.543865
3	10:57:13	3.67	94.340	29.250	30461.000	15.000	94.378511	19.7722980	196.912423	147.696871	9.48172009	296.303753	35	19.3739612	7.65412012	239.191254
3	10:57:28	3.92	94.560	29.220	30535.000	15.000	94.634792	19.8259890	197.447131	148.097937	9.50746737	297.108355	35	19.3739612	7.67490461	239.840769
3	10:57:43	4.17	94.170	29.270	30478.000	15.000	94.208123	19.7366017	196.556923	147.430224	9.46460208	295.768815	35	19.3739612	7.64030161	238.759425
3	10:57:58	4.42	94.540	29.230	30495.000	15.000	94.549272	19.8080724	197.268700	147.964102	9.49887555	296.839861	35	19.3739612	7.66796887	239.624027
3	10:58:13	4.67	94.140	29.270	30481.000	15.000	94.208123	19.7366017	196.556923	147.430224	9.46460208	295.768815	35	19.3739612	7.64030161	238.759425
3	10:58:28	4.92	94.580	29.220	30485.000	15.000	94.634792	19.8259890	197.447131	148.097937	9.50746737	297.108355	35	19.3739612	7.67490461	239.840769
3	10:58:43	5.17	94.610	29.220	30481.000	15.000	94.634792	19.8259890	197.447131	148.097937	9.50746737	297.108355	35	19.3739612	7.67490461	239.840769
3	10:58:58	5.42	94.440	29.240	30486.000	15.000	94.463844	19.7901754	197.090464	147.830414	9.49029313	296.571660	35	19.3739612	7.66104071	239.407522
3	10:59:13	5.67	94.170	29.270	30449.000	15.000	94.208123	19.7366017	196.556923	147.430224	9.46460208	295.768815	35	19.3739612	7.64030161	238.759425
3	10:59:29	5.92	94.040	29.280	30423.000	15.000	94.123068	19.7187828	196.379464	147.297118	9.45605710	295.501784	35	19.3739612	7.63340367	238.543865
3	10:59:43	6.17	94.510	29.230	30407.000	15.000	94.549272	19.8080724	197.268700	147.964102	9.49887555	296.839861	35	19.3739612	7.66796887	239.624027
3	10:59:58	6.42	94.460	29.240	30420.000	15.000	94.463844	19.7901754	197.090464	147.830414	9.49029313	296.571660	35	19.3739612	7.66104071	239.407522
3	11:00:13	6.67	94.190	29.270	30404.000	15.000	94.208123	19.7366017	196.556923	147.430224	9.46460208	295.768815	35	19.3739612	7.64030161	238.759425
3	11:00:29	6.92	94.490	29.230	30421.000	15.000	94.549272	19.8080724	197.268700	147.964102	9.49887555	296.839861	35	19.3739612	7.66796887	239.624027
3	11:00:43	7.17	94.190	29.270	30405.000	15.000	94.208123	19.7366017	196.556923	147.430224	9.46460208	295.768815	35	19.3739612	7.64030161	238.759425
3	11:00:58	7.42	94.260	29.260	30403.000	15.000	94.293270	19.7544401	196.734576	147.563475	9.47315641	296.036138	35	19.3739612	7.64720709	238.975221
3	11:01:13	7.67	94.430	29.240	30418.000	15.000	94.463844	19.7901754	197.090464	147.830414	9.49029313	296.571660	35	19.3739612	7.66104071	239.407522
3	11:01:29	7.92	94.860	29.190	30406.000	15.000	94.891916	19.8798565	197.983598	148.500321	9.53329930	297.915603	35	19.3739612	7.69575744	240.492420
3	11:01:44	8.17	94.420	29.240	30411.000	15.000	94.463844	19.7901754	197.090464	147.830414	9.49029313	296.571660	35	19.3739612	7.66104071	239.407522
3	11:01:59	8.42	94.440	29.240	30422.000	15.000	94.463844	19.7901754	197.090464	147.830414	9.49029313	296.571660	35	19.3739612	7.66104071	239.407522
3	11:02:13	8.67	94.590	29.220	30425.000	15.000	94.634792	19.8259890	197.447131	148.097937	9.50746737	297.108355	35	19.3739612	7.67490461	239.840769
3	11:02:28	8.92	94.110	29.280	30431.000	15.000	94.123068	19.7187828	196.379464	147.297118	9.45605710	295.501784	35	19.3739612	7.63340367	238.543865
3	11:02:43	9.17	94.300	29.250	30434.000	15.000	94.378511	19.7722980	196.912423	147.696871	9.48172009	296.303753	35	19.3739612	7.65412012	239.191254
3	11:02:59	9.42	94.690	29.210	30452.000	15.000	94.720406	19.8439251	197.625758	148.231918	9.51606859	297.377143	35	19.3739612	7.68184795	240.057748
3	11:03:13	9.67	94.600	29.220	30429.000	15.000	94.634792	19.8259890	197.447131	148.097937	9.50746737	297.108355	35	19.3739612	7.67490461	239.840769
3	11:03:28	9.92	94.470	29.230	30418.000	15.000	94.549272	19.8080724	197.268700	147.964102	9.49887555	296.839861	35	19.3739612	7.66796887	239.624027
3	11:03:43	10.17	94.310	29.250	30419.000	15.000	94.378511	19.7722980	196.912423	147.696871	9.48172009	296.303753	35	19.3739612	7.65412012	239.191254
3	11:03:58	10.42	94.440	29.240	30418.000	15.000	94.463844	19.7901754	197.090464	147.830414	9.49029313	296.571660	35	19.3739612	7.66104071	239.407522
3	11:04:13	10.67	94.710	29.210	30446.000	15.000	94.720406	19.8439251	197.625758	148.231918	9.51606859	297.377143	35	19.3739612	7.68184795	240.057748
3	11:04:28	10.92	94.350	29.250	30436.000	15.000	94.378511	19.7722980	196.912423	147.696871	9.48172009	296.303753	35	19.3739612	7.65412012	239.191254
3	11:04:43	11.17	94.680	29.210	30406.000	15.000	94.720406	19.8439251	197.625758	148.231918	9.51606859	297.377143	35	19.3739612	7.68184795	240.057748
3	11:04:58	11.42	94.540	29.230	30412.000	15.000	94.549272	19.8080724	197.268700	147.964102	9.49887555	296.839861	35	19.3739612	7.66796887	239.624027
3	11:05:14	11.67	94.600	29.220	30422.000	15.000	94.634792	19.8259890	197.447131	148.097937	9.50746737	297.108355	35	19.3739612	7.67490461	239.840769
3	11:05:28	11.92	94.810	29.190	30421.000	15.000	94.891916	19.8798565	197.983598	148.500321	9.53329930	297.915603	35	19.3739612	7.69575744	240.492420
3	11:05:43	12.17	94.580	29.220	30394.000	15.000	94.634792	19.8259890	197.447131	148.097937	9.50746737	297.108355	35	19.3739612	7.67490461	239.840769
3	11:05:58	12.42	94.310	29.250	30419.000	15.000	94.378511	19.7722980	196.912423	147.696871	9.48172009	296.303753	35	19.3739612	7.65412012	239.191254
3	11:06:13	12.67	94.420	29.240	30419.000	15.000	94.463844	19.7901754	197.090464	147.830414	9.49029313	296.571660	35	19.3739612	7.66104071	239.407522
3	11:06:28	12.92	95.060	29.170	30403.000	15.000	95.063802	19.9158666	198.342223	148.769313	9.55056779	298.455243	35	19.3739612	7.70969744	240.928045
3	11:06:43	13.17	94.260	29.260	30455.000	15.000	94.293270	19.7544401	196.734576	147.563475	9.47315641	296.036138	35	19.3739612	7.64720709	238.975221
3	11:06:58	13.42	94.810	29.190	30426.000	15.000	94.891916	19.8798565	197.983598	148.500321	9.53329930	297.915603	35	19.3739612	7.69575744	240.492420
3	11:07:13	13.67	94.260	29.260	30417.000	15.000	94.293270	19.7544401	196.734576	147.563475	9.47315641	296.036138	35	19.3739612	7.64720709	238.975221
3	11:07:28	13.92	94.310	29.250	30442.000	15.000	94.378511	19.7722980	196.912423	147.696871	9.48172009	296.303753	35	19.3739612	7.65412012	239.191254
3	11:07:43	14.17	94.130	29.270	30453.000	15.000	94.208123	19.7366017	196.556923	147.430224	9.46460208	295.768815	35	19.3739612	7.64030161	238.759425
3	11:07:58	14.42	94.150	29.270	30454.000	15.000	94.208123	19.7366017	196.556923	147.430224	9.46460208	295.768815	35	19.3739612	7.64030161	238.759425
3	11:08:14	14.67	94.520	29.230	30449.000	15.000	94.549272	19.8080724	197.268700	147.964102	9.49887555	296.839861	35	19.3739612	7.66796887	239.624027
3	11:08:29	14.92	94.760	29.200	30414.000	15.000	94.806114	19.8618810	197.804580	148.366046	9.52467922	297.646226	35	19.3739612	7.68879889	240.274965
3	11:08:43	15.17	94.130	29.270	30455.000	15.000	94.208123	19.7366017	196.556923	147.430224	9.46460208	295.768815	35	19.3739612	7.64030161	238.759425
3	11:08:59	15.42	94.220	29.260	30436.000	15.000	94.293270	19.7544401	196.734576	147.563475	9.47315641	296.036138	35	19.3739612	7.64720709	238.975221
3	11:09:13	15.67	94.540	29.230	30453.000	15.000	94.549272	19.8080724	197.268700	147.964102	9.49887555	296.839861	35	19.3739612	7.66796887	239.624027
3	11:09:28	15.92	94.060	29.280	30430.000	15.000	94.123068	19.7187828	196.379464	147.297118	9.45605710	295.501784	35	19.3739612	7.63340367	238.543865
3	11:09:43	16.17	94.290	29.260	30417.000	15.000	94.293270	19.7544401	196.734576	147.563475	9.47315641	296.036138	35	19.3739612	7.64720709	238.975221
3	11:09:58	16.42	94.350	29.250	30448.000	15.000	94.378511	19.7722980	196.912423	147.696871	9.48172009	296.303753	35	19.3739612	7.65412012	239.191254
3	11:10:13	16.67	94.630	29.220	30428.000	15.000	94.634792	19.8259890	197.447131	148.097937	9.50746737	297.108355	35	19.3739612	7.67490461	239.840769
3	11:10:29	16.92	94.010	29.290	30435.000	15.000	94.038106	19.7009833	196.202199	147.164158	9.44752144	295.235045	35	19.3739612	7.62651325	238.328539
3	11:10:43	17.17	94.550	29.220	30463.000	15.000	94.634792	19.8259890	197.447131	148.097937	9.50746737	297.108355	35	19.3739612	7.67490461	239.840769
3	11:10:58	17.42	94.150	29.270	30446.000	15.000	94.208123	19.7366017	196.556923	147.430224	9.46460208	295.768815	35	19.3739612	7.64030161	238.759425
3	11:11:13	17.67	94.200	29.270	30438.000	15.000	94.208123	19.7366017	196.556923	147.430224	9.46460208	295.768815	35	19.3739612	7.64030161	238.759425
3	11:11:29	17.92	94.020	29.290	30473.000	15.000	94.038106	19.7009833	196.202199	147.164158	9.44752144	295.235045	35	19.3739612	7.62651325	238.328539
3	11:11:43	18.17	94.150	29.270	30478.000	15.000	94.208123	19.7366017	196.556923	147.430224	9.46460208	295.768815	35	19.3739612	7.64030161	238.759425
3	11:11:58	18.42	93.960	29.290	30469.000	15.000	94.038106	19.7009833	196.202199	147.164158	9.44752144	295.235045	35	19.3739612	7.62651325	238.328539
3	11:12:13	18.67	94.400	29.240	30455.000	15.000	94.463844	19.7901754	197.090464	147.830414	9.49029313	296.571660	35	19.3739612	7.66104071	239.407522
3	11:12:28	18.92	93.900	29.300	30463.000	15.000	93.953237	19.6832032	196.025128	147.031343	9.43899509	294.968597	35	19.3739612	7.61963036	238.113449
3	11:12:43	19.17	94.260	29.260	30486.000	15.000	94.293270	19.7544401	196.734576	147.563475	9.47315641	296.036138	35	19.3739612	7.64720709	238.975221
3	11:12:58	19.42	93.950	29.300	30472.000	15.000	93.953237	19.6832032	196.025128	147.031343	9.43899509	294.968597	35	19.3739612	7.61963036	238.113449
