Chamber	Time/hh:mm:ss	Logtime/min	Oxy/% air sat.	Phase/°	Amp	Temp/°C	% air-sat.	% oxygen	pO2 (hPa)	pO2 (Torr)	cO2 [mg/L]	cO2 [µmol/L]	Salinity	chlorinity	SalCorcO2 [mg/L]	SalCorcO2 [µmol/L]
10	15:08:22	0.00	96.180	30.230	46481.000	9.000	96.263378	20.1671778	201.971002	151.491128	11.09856226	346.830071	35	19.3739612	8.82934806	275.917127
10	15:08:37	0.24	96.050	30.250	46449.000	9.000	96.092852	20.1314525	201.613219	151.222768	11.07890166	346.215677	35	19.3739612	8.81370727	275.428352
10	15:08:52	0.49	96.280	30.220	46485.000	9.000	96.348777	20.1850688	202.150177	151.625521	11.10840819	347.137756	35	19.3739612	8.83718089	276.161903
10	15:09:07	0.74	96.030	30.250	46478.000	9.000	96.092852	20.1314525	201.613219	151.222768	11.07890166	346.215677	35	19.3739612	8.81370727	275.428352
10	15:09:22	0.99	95.940	30.260	46485.000	9.000	96.007724	20.1136183	201.434612	151.088802	11.06908697	345.908968	35	19.3739612	8.80589929	275.184353
10	15:09:37	1.24	95.710	30.290	46513.000	9.000	95.752881	20.0602286	200.899923	150.687751	11.03970512	344.990785	35	19.3739612	8.78252486	274.453902
10	15:09:52	1.49	95.690	30.290	46459.000	9.000	95.752881	20.0602286	200.899923	150.687751	11.03970512	344.990785	35	19.3739612	8.78252486	274.453902
10	15:10:07	1.74	95.780	30.280	46498.000	9.000	95.837739	20.0780063	201.077964	150.821293	11.04948871	345.296522	35	19.3739612	8.79030810	274.697128
10	15:10:22	1.99	95.870	30.270	46500.000	9.000	95.922687	20.0958029	201.256194	150.954977	11.05928265	345.602583	35	19.3739612	8.79809957	274.940612
10	15:10:37	2.24	96.090	30.250	46481.000	9.000	96.092852	20.1314525	201.613219	151.222768	11.07890166	346.215677	35	19.3739612	8.81370727	275.428352
10	15:10:52	2.49	96.100	30.240	46481.000	9.000	96.178070	20.1493057	201.792016	151.356877	11.08872675	346.522711	35	19.3739612	8.82152353	275.672610
10	15:11:07	2.74	95.910	30.270	46495.000	9.000	95.922687	20.0958029	201.256194	150.954977	11.05928265	345.602583	35	19.3739612	8.79809957	274.940612
10	15:11:22	2.99	96.080	30.250	46523.000	9.000	96.092852	20.1314525	201.613219	151.222768	11.07890166	346.215677	35	19.3739612	8.81370727	275.428352
10	15:11:37	3.24	95.930	30.260	46487.000	9.000	96.007724	20.1136183	201.434612	151.088802	11.06908697	345.908968	35	19.3739612	8.80589929	275.184353
10	15:11:52	3.49	96.110	30.240	46479.000	9.000	96.178070	20.1493057	201.792016	151.356877	11.08872675	346.522711	35	19.3739612	8.82152353	275.672610
10	15:12:07	3.74	95.950	30.260	46494.000	9.000	96.007724	20.1136183	201.434612	151.088802	11.06908697	345.908968	35	19.3739612	8.80589929	275.184353
10	15:12:22	3.99	95.890	30.270	46474.000	9.000	95.922687	20.0958029	201.256194	150.954977	11.05928265	345.602583	35	19.3739612	8.79809957	274.940612
10	15:12:37	4.24	96.130	30.240	46490.000	9.000	96.178070	20.1493057	201.792016	151.356877	11.08872675	346.522711	35	19.3739612	8.82152353	275.672610
10	15:12:52	4.49	95.830	30.280	46520.000	9.000	95.837739	20.0780063	201.077964	150.821293	11.04948871	345.296522	35	19.3739612	8.79030810	274.697128
10	15:13:07	4.74	95.950	30.260	46471.000	9.000	96.007724	20.1136183	201.434612	151.088802	11.06908697	345.908968	35	19.3739612	8.80589929	275.184353
10	15:13:22	4.99	96.210	30.230	46489.000	9.000	96.263378	20.1671778	201.971002	151.491128	11.09856226	346.830071	35	19.3739612	8.82934806	275.917127
10	15:13:37	5.24	96.100	30.240	46462.000	9.000	96.178070	20.1493057	201.792016	151.356877	11.08872675	346.522711	35	19.3739612	8.82152353	275.672610
10	15:13:52	5.49	95.680	30.290	46489.000	9.000	95.752881	20.0602286	200.899923	150.687751	11.03970512	344.990785	35	19.3739612	8.78252486	274.453902
10	15:14:07	5.74	96.200	30.230	46487.000	9.000	96.263378	20.1671778	201.971002	151.491128	11.09856226	346.830071	35	19.3739612	8.82934806	275.917127
10	15:14:22	5.99	95.690	30.290	46519.000	9.000	95.752881	20.0602286	200.899923	150.687751	11.03970512	344.990785	35	19.3739612	8.78252486	274.453902
10	15:14:37	6.24	95.940	30.260	46468.000	9.000	96.007724	20.1136183	201.434612	151.088802	11.06908697	345.908968	35	19.3739612	8.80589929	275.184353
10	15:14:52	6.49	96.100	30.240	46475.000	9.000	96.178070	20.1493057	201.792016	151.356877	11.08872675	346.522711	35	19.3739612	8.82152353	275.672610
10	15:15:07	6.74	96.070	30.250	46472.000	9.000	96.092852	20.1314525	201.613219	151.222768	11.07890166	346.215677	35	19.3739612	8.81370727	275.428352
10	15:15:22	6.99	95.820	30.280	46480.000	9.000	95.837739	20.0780063	201.077964	150.821293	11.04948871	345.296522	35	19.3739612	8.79030810	274.697128
10	15:15:37	7.24	95.560	30.310	46438.000	9.000	95.583434	20.0247294	200.544405	150.421089	11.02016894	344.380279	35	19.3739612	8.76698306	273.968221
10	15:15:52	7.49	96.230	30.230	46507.000	9.000	96.263378	20.1671778	201.971002	151.491128	11.09856226	346.830071	35	19.3739612	8.82934806	275.917127
10	15:16:07	7.74	96.250	30.230	46493.000	9.000	96.263378	20.1671778	201.971002	151.491128	11.09856226	346.830071	35	19.3739612	8.82934806	275.917127
10	15:16:22	7.99	96.010	30.250	46483.000	9.000	96.092852	20.1314525	201.613219	151.222768	11.07890166	346.215677	35	19.3739612	8.81370727	275.428352
10	15:16:37	8.24	95.710	30.290	46480.000	9.000	95.752881	20.0602286	200.899923	150.687751	11.03970512	344.990785	35	19.3739612	8.78252486	274.453902
10	15:16:52	8.49	95.780	30.280	46532.000	9.000	95.837739	20.0780063	201.077964	150.821293	11.04948871	345.296522	35	19.3739612	8.79030810	274.697128
10	15:17:07	8.74	95.630	30.300	46523.000	9.000	95.668113	20.0424696	200.722070	150.554350	11.02993187	344.685371	35	19.3739612	8.77474985	274.210933
10	15:17:22	8.99	95.670	30.290	46502.000	9.000	95.752881	20.0602286	200.899923	150.687751	11.03970512	344.990785	35	19.3739612	8.78252486	274.453902
10	15:17:37	9.24	96.170	30.240	46487.000	9.000	96.178070	20.1493057	201.792016	151.356877	11.08872675	346.522711	35	19.3739612	8.82152353	275.672610
10	15:17:52	9.49	95.990	30.260	46532.000	9.000	96.007724	20.1136183	201.434612	151.088802	11.06908697	345.908968	35	19.3739612	8.80589929	275.184353
10	15:18:07	9.74	96.130	30.240	46522.000	9.000	96.178070	20.1493057	201.792016	151.356877	11.08872675	346.522711	35	19.3739612	8.82152353	275.672610
10	15:18:22	9.99	96.200	30.230	46539.000	9.000	96.263378	20.1671778	201.971002	151.491128	11.09856226	346.830071	35	19.3739612	8.82934806	275.917127
10	15:18:37	10.24	96.140	30.240	46534.000	9.000	96.178070	20.1493057	201.792016	151.356877	11.08872675	346.522711	35	19.3739612	8.82152353	275.672610
10	15:18:52	10.49	95.750	30.290	46539.000	9.000	95.752881	20.0602286	200.899923	150.687751	11.03970512	344.990785	35	19.3739612	8.78252486	274.453902
10	15:19:07	10.74	95.840	30.270	46498.000	9.000	95.922687	20.0958029	201.256194	150.954977	11.05928265	345.602583	35	19.3739612	8.79809957	274.940612
10	15:19:22	10.99	95.540	30.310	46558.000	9.000	95.583434	20.0247294	200.544405	150.421089	11.02016894	344.380279	35	19.3739612	8.76698306	273.968221
10	15:19:37	11.24	95.650	30.300	46550.000	9.000	95.668113	20.0424696	200.722070	150.554350	11.02993187	344.685371	35	19.3739612	8.77474985	274.210933
10	15:19:52	11.49	95.510	30.310	46542.000	9.000	95.583434	20.0247294	200.544405	150.421089	11.02016894	344.380279	35	19.3739612	8.76698306	273.968221
10	15:20:07	11.74	95.830	30.280	46540.000	9.000	95.837739	20.0780063	201.077964	150.821293	11.04948871	345.296522	35	19.3739612	8.79030810	274.697128
10	15:20:22	11.99	95.800	30.280	46526.000	9.000	95.837739	20.0780063	201.077964	150.821293	11.04948871	345.296522	35	19.3739612	8.79030810	274.697128
10	15:20:37	12.24	95.900	30.270	46538.000	9.000	95.922687	20.0958029	201.256194	150.954977	11.05928265	345.602583	35	19.3739612	8.79809957	274.940612
10	15:20:52	12.49	95.740	30.290	46594.000	9.000	95.752881	20.0602286	200.899923	150.687751	11.03970512	344.990785	35	19.3739612	8.78252486	274.453902
10	15:21:07	12.74	95.900	30.270	46594.000	9.000	95.922687	20.0958029	201.256194	150.954977	11.05928265	345.602583	35	19.3739612	8.79809957	274.940612
10	15:21:22	12.99	95.910	30.270	46550.000	9.000	95.922687	20.0958029	201.256194	150.954977	11.05928265	345.602583	35	19.3739612	8.79809957	274.940612
10	15:21:37	13.24	95.720	30.290	46576.000	9.000	95.752881	20.0602286	200.899923	150.687751	11.03970512	344.990785	35	19.3739612	8.78252486	274.453902
10	15:21:52	13.49	95.310	30.340	46580.000	9.000	95.329934	19.9716212	200.012534	150.022153	10.99094198	343.466937	35	19.3739612	8.74373185	273.241620
10	15:22:07	13.74	95.620	30.300	46573.000	9.000	95.668113	20.0424696	200.722070	150.554350	11.02993187	344.685371	35	19.3739612	8.77474985	274.210933
10	15:22:22	13.99	95.780	30.280	46577.000	9.000	95.837739	20.0780063	201.077964	150.821293	11.04948871	345.296522	35	19.3739612	8.79030810	274.697128
10	15:22:37	14.24	95.570	30.310	46566.000	9.000	95.583434	20.0247294	200.544405	150.421089	11.02016894	344.380279	35	19.3739612	8.76698306	273.968221
10	15:22:52	14.49	95.370	30.330	46616.000	9.000	95.414345	19.9893052	200.189637	150.154991	11.00067401	343.771063	35	19.3739612	8.75147406	273.483565
10	15:23:07	14.74	95.240	30.350	46601.000	9.000	95.245612	19.9539558	199.835618	149.889454	10.98122022	343.163132	35	19.3739612	8.73599780	272.999931
10	15:23:22	14.99	95.590	30.300	46576.000	9.000	95.668113	20.0424696	200.722070	150.554350	11.02993187	344.685371	35	19.3739612	8.77474985	274.210933
10	15:23:37	15.24	95.370	30.330	46600.000	9.000	95.414345	19.9893052	200.189637	150.154991	11.00067401	343.771063	35	19.3739612	8.75147406	273.483565
10	15:23:52	15.49	95.620	30.300	46605.000	9.000	95.668113	20.0424696	200.722070	150.554350	11.02993187	344.685371	35	19.3739612	8.77474985	274.210933
10	15:24:07	15.74	95.370	30.330	46591.000	9.000	95.414345	19.9893052	200.189637	150.154991	11.00067401	343.771063	35	19.3739612	8.75147406	273.483565
10	15:24:22	15.99	95.950	30.260	46619.000	9.000	96.007724	20.1136183	201.434612	151.088802	11.06908697	345.908968	35	19.3739612	8.80589929	275.184353
10	15:24:37	16.24	95.570	30.310	46605.000	9.000	95.583434	20.0247294	200.544405	150.421089	11.02016894	344.380279	35	19.3739612	8.76698306	273.968221
10	15:24:52	16.49	95.430	30.320	46647.000	9.000	95.498845	20.0070080	200.366927	150.287970	11.01041633	344.075510	35	19.3739612	8.75922447	273.725765
10	15:25:07	16.74	95.330	30.340	46616.000	9.000	95.329934	19.9716212	200.012534	150.022153	10.99094198	343.466937	35	19.3739612	8.74373185	273.241620
10	15:25:22	16.99	95.770	30.280	46631.000	9.000	95.837739	20.0780063	201.077964	150.821293	11.04948871	345.296522	35	19.3739612	8.79030810	274.697128
10	15:25:37	17.24	95.240	30.350	46623.000	9.000	95.245612	19.9539558	199.835618	149.889454	10.98122022	343.163132	35	19.3739612	8.73599780	272.999931
10	15:25:52	17.49	95.020	30.370	46630.000	9.000	95.077235	19.9186808	199.482345	149.624477	10.96180744	342.556482	35	19.3739612	8.72055416	272.517317
10	15:26:07	17.74	95.460	30.320	46607.000	9.000	95.498845	20.0070080	200.366927	150.287970	11.01041633	344.075510	35	19.3739612	8.75922447	273.725765
10	15:26:22	17.99	95.130	30.360	46617.000	9.000	95.161379	19.9363090	199.658889	149.756896	10.97150871	342.859647	35	19.3739612	8.72827190	272.758497
10	15:26:37	18.24	95.150	30.360	46620.000	9.000	95.161379	19.9363090	199.658889	149.756896	10.97150871	342.859647	35	19.3739612	8.72827190	272.758497
10	15:26:52	18.49	95.170	30.350	46627.000	9.000	95.245612	19.9539558	199.835618	149.889454	10.98122022	343.163132	35	19.3739612	8.73599780	272.999931
10	15:27:07	18.74	95.070	30.370	46653.000	9.000	95.077235	19.9186808	199.482345	149.624477	10.96180744	342.556482	35	19.3739612	8.72055416	272.517317
10	15:27:22	18.99	95.420	30.320	46599.000	9.000	95.498845	20.0070080	200.366927	150.287970	11.01041633	344.075510	35	19.3739612	8.75922447	273.725765
10	15:27:37	19.24	95.400	30.330	46621.000	9.000	95.414345	19.9893052	200.189637	150.154991	11.00067401	343.771063	35	19.3739612	8.75147406	273.483565
10	15:27:52	19.49	96.020	30.250	46575.000	9.000	96.092852	20.1314525	201.613219	151.222768	11.07890166	346.215677	35	19.3739612	8.81370727	275.428352
10	15:28:07	19.74	94.990	30.380	46594.000	9.000	94.993180	19.9010713	199.305988	149.492198	10.95211640	342.253637	35	19.3739612	8.71284455	272.276392
10	15:28:22	19.99	95.620	30.300	46624.000	9.000	95.668113	20.0424696	200.722070	150.554350	11.02993187	344.685371	35	19.3739612	8.77474985	274.210933
10	15:28:37	20.24	95.330	30.330	46649.000	9.000	95.414345	19.9893052	200.189637	150.154991	11.00067401	343.771063	35	19.3739612	8.75147406	273.483565
10	15:28:52	20.49	95.490	30.320	46636.000	9.000	95.498845	20.0070080	200.366927	150.287970	11.01041633	344.075510	35	19.3739612	8.75922447	273.725765
10	15:29:07	20.74	94.800	30.400	46634.000	9.000	94.825335	19.8659078	198.953832	149.228058	10.93276494	341.648904	35	19.3739612	8.69744969	271.795303
10	15:29:22	20.99	95.060	30.370	46648.000	9.000	95.077235	19.9186808	199.482345	149.624477	10.96180744	342.556482	35	19.3739612	8.72055416	272.517317
10	15:29:37	21.24	95.280	30.340	46692.000	9.000	95.329934	19.9716212	200.012534	150.022153	10.99094198	343.466937	35	19.3739612	8.74373185	273.241620
10	15:29:52	21.49	94.820	30.400	46702.000	9.000	94.825335	19.8659078	198.953832	149.228058	10.93276494	341.648904	35	19.3739612	8.69744969	271.795303
10	15:30:07	21.74	95.190	30.350	46651.000	9.000	95.245612	19.9539558	199.835618	149.889454	10.98122022	343.163132	35	19.3739612	8.73599780	272.999931
