Chamber	Time/hh:mm:ss	Logtime/min	Oxy/% air sat.	Phase/°	Amp	Temp/°C	% air-sat.	% oxygen	pO2 (hPa)	pO2 (Torr)	cO2 [mg/L]	cO2 [µmol/L]	Salinity	chlorinity	SalCorcO2 [mg/L]	SalCorcO2 [µmol/L]
3	16:28:16	0.00	94.230	31.100	32270.000	6.000	94.255687	19.7465664	198.179808	148.647491	11.70637038	365.824074	35	19.3739612	9.24954094	289.048155
3	16:28:26	0.17	94.130	31.110	32205.000	6.000	94.173403	19.7293279	198.006800	148.517724	11.69615087	365.504715	35	19.3739612	9.24146621	288.795819
3	16:28:41	0.42	93.680	31.170	32197.000	6.000	93.681474	19.6262689	196.972482	147.741920	11.63505431	363.595447	35	19.3739612	9.19319206	287.287252
3	16:28:56	0.67	94.090	31.110	32211.000	6.000	94.173403	19.7293279	198.006800	148.517724	11.69615087	365.504715	35	19.3739612	9.24146621	288.795819
3	16:29:11	0.92	94.260	31.090	32243.000	6.000	94.338056	19.7638227	198.352995	148.777393	11.71660043	366.143763	35	19.3739612	9.25762400	289.300750
3	16:29:26	1.17	93.890	31.140	32212.000	6.000	93.927059	19.6777189	197.488843	148.129223	11.66555542	364.548607	35	19.3739612	9.21729187	288.040371
3	16:29:41	1.42	93.820	31.150	32208.000	6.000	93.845113	19.6605512	197.316546	147.999989	11.65537792	364.230560	35	19.3739612	9.20925033	287.789073
3	16:29:56	1.67	93.780	31.150	32217.000	6.000	93.845113	19.6605512	197.316546	147.999989	11.65537792	364.230560	35	19.3739612	9.20925033	287.789073
3	16:30:11	1.92	94.210	31.100	32226.000	6.000	94.255687	19.7465664	198.179808	148.647491	11.70637038	365.824074	35	19.3739612	9.24954094	289.048155
3	16:30:26	2.17	94.210	31.100	32190.000	6.000	94.255687	19.7465664	198.179808	148.647491	11.70637038	365.824074	35	19.3739612	9.24954094	289.048155
3	16:30:41	2.42	94.000	31.130	32232.000	6.000	94.009089	19.6949042	197.661317	148.258590	11.67574340	364.866981	35	19.3739612	9.22534169	288.291928
3	16:30:56	2.67	94.140	31.110	32230.000	6.000	94.173403	19.7293279	198.006800	148.517724	11.69615087	365.504715	35	19.3739612	9.24146621	288.795819
3	16:31:11	2.92	94.160	31.110	32212.000	6.000	94.173403	19.7293279	198.006800	148.517724	11.69615087	365.504715	35	19.3739612	9.24146621	288.795819
3	16:31:26	3.17	94.590	31.050	32225.000	6.000	94.668382	19.8330261	199.047532	149.298339	11.75762631	367.425822	35	19.3739612	9.29003973	290.313742
3	16:31:41	3.42	94.450	31.070	32224.000	6.000	94.503049	19.7983887	198.699905	149.037597	11.73709221	366.784131	35	19.3739612	9.27381515	289.806723
3	16:31:56	3.67	93.460	31.190	32224.000	6.000	93.518172	19.5920570	196.629126	147.484381	11.61477246	362.961639	35	19.3739612	9.17716678	286.786462
3	16:32:11	3.92	93.810	31.150	32227.000	6.000	93.845113	19.6605512	197.316546	147.999989	11.65537792	364.230560	35	19.3739612	9.20925033	287.789073
3	16:32:26	4.17	93.900	31.140	32206.000	6.000	93.927059	19.6777189	197.488843	148.129223	11.66555542	364.548607	35	19.3739612	9.21729187	288.040371
3	16:32:41	4.42	94.000	31.130	32210.000	6.000	94.009089	19.6949042	197.661317	148.258590	11.67574340	364.866981	35	19.3739612	9.22534169	288.291928
3	16:32:56	4.67	93.760	31.160	32216.000	6.000	93.763252	19.6434012	197.144426	147.870888	11.64521089	363.912840	35	19.3739612	9.20121707	287.538033
3	16:33:11	4.92	93.860	31.140	32193.000	6.000	93.927059	19.6777189	197.488843	148.129223	11.66555542	364.548607	35	19.3739612	9.21729187	288.040371
3	16:33:26	5.17	94.190	31.100	32202.000	6.000	94.255687	19.7465664	198.179808	148.647491	11.70637038	365.824074	35	19.3739612	9.24954094	289.048155
3	16:33:41	5.42	94.030	31.120	32201.000	6.000	94.091204	19.7121072	197.833970	148.388090	11.68594188	365.185684	35	19.3739612	9.23339980	288.543744
3	16:33:56	5.67	94.260	31.090	32213.000	6.000	94.338056	19.7638227	198.352995	148.777393	11.71660043	366.143763	35	19.3739612	9.25762400	289.300750
3	16:34:11	5.92	93.840	31.150	32211.000	6.000	93.845113	19.6605512	197.316546	147.999989	11.65537792	364.230560	35	19.3739612	9.20925033	287.789073
3	16:34:26	6.17	93.980	31.130	32232.000	6.000	94.009089	19.6949042	197.661317	148.258590	11.67574340	364.866981	35	19.3739612	9.22534169	288.291928
3	16:34:41	6.42	93.810	31.150	32181.000	6.000	93.845113	19.6605512	197.316546	147.999989	11.65537792	364.230560	35	19.3739612	9.20925033	287.789073
3	16:34:56	6.67	94.110	31.110	32230.000	6.000	94.173403	19.7293279	198.006800	148.517724	11.69615087	365.504715	35	19.3739612	9.24146621	288.795819
3	16:35:11	6.92	93.370	31.200	32188.000	6.000	93.436646	19.5749774	196.457713	147.355810	11.60464716	362.645224	35	19.3739612	9.16916649	286.536453
3	16:35:26	7.17	94.070	31.120	32174.000	6.000	94.091204	19.7121072	197.833970	148.388090	11.68594188	365.185684	35	19.3739612	9.23339980	288.543744
3	16:35:41	7.42	93.820	31.150	32205.000	6.000	93.845113	19.6605512	197.316546	147.999989	11.65537792	364.230560	35	19.3739612	9.20925033	287.789073
3	16:35:56	7.67	93.860	31.140	32206.000	6.000	93.927059	19.6777189	197.488843	148.129223	11.66555542	364.548607	35	19.3739612	9.21729187	288.040371
3	16:36:11	7.92	94.260	31.090	32207.000	6.000	94.338056	19.7638227	198.352995	148.777393	11.71660043	366.143763	35	19.3739612	9.25762400	289.300750
3	16:36:26	8.17	93.690	31.160	32193.000	6.000	93.763252	19.6434012	197.144426	147.870888	11.64521089	363.912840	35	19.3739612	9.20121707	287.538033
3	16:36:41	8.42	94.090	31.120	32222.000	6.000	94.091204	19.7121072	197.833970	148.388090	11.68594188	365.185684	35	19.3739612	9.23339980	288.543744
3	16:36:56	8.67	94.420	31.080	32226.000	6.000	94.420510	19.7810968	198.526361	148.907428	11.72684104	366.463782	35	19.3739612	9.26571540	289.553606
3	16:37:11	8.92	93.550	31.180	32214.000	6.000	93.599781	19.6091542	196.800716	147.613084	11.62490817	363.278380	35	19.3739612	9.18517530	287.036728
3	16:37:26	9.17	94.350	31.080	32215.000	6.000	94.420510	19.7810968	198.526361	148.907428	11.72684104	366.463782	35	19.3739612	9.26571540	289.553606
3	16:37:41	9.42	94.060	31.120	32205.000	6.000	94.091204	19.7121072	197.833970	148.388090	11.68594188	365.185684	35	19.3739612	9.23339980	288.543744
3	16:37:56	9.67	94.170	31.110	32188.000	6.000	94.173403	19.7293279	198.006800	148.517724	11.69615087	365.504715	35	19.3739612	9.24146621	288.795819
3	16:38:11	9.92	94.010	31.120	32198.000	6.000	94.091204	19.7121072	197.833970	148.388090	11.68594188	365.185684	35	19.3739612	9.23339980	288.543744
3	16:38:26	10.17	94.020	31.120	32207.000	6.000	94.091204	19.7121072	197.833970	148.388090	11.68594188	365.185684	35	19.3739612	9.23339980	288.543744
3	16:38:41	10.42	94.400	31.080	32223.000	6.000	94.420510	19.7810968	198.526361	148.907428	11.72684104	366.463782	35	19.3739612	9.26571540	289.553606
3	16:38:56	10.67	93.980	31.130	32203.000	6.000	94.009089	19.6949042	197.661317	148.258590	11.67574340	364.866981	35	19.3739612	9.22534169	288.291928
3	16:39:11	10.92	94.090	31.120	32220.000	6.000	94.091204	19.7121072	197.833970	148.388090	11.68594188	365.185684	35	19.3739612	9.23339980	288.543744
3	16:39:26	11.17	93.990	31.130	32195.000	6.000	94.009089	19.6949042	197.661317	148.258590	11.67574340	364.866981	35	19.3739612	9.22534169	288.291928
3	16:39:41	11.42	94.170	31.110	32200.000	6.000	94.173403	19.7293279	198.006800	148.517724	11.69615087	365.504715	35	19.3739612	9.24146621	288.795819
3	16:39:56	11.67	93.570	31.180	32216.000	6.000	93.599781	19.6091542	196.800716	147.613084	11.62490817	363.278380	35	19.3739612	9.18517530	287.036728
3	16:40:11	11.92	94.360	31.080	32214.000	6.000	94.420510	19.7810968	198.526361	148.907428	11.72684104	366.463782	35	19.3739612	9.26571540	289.553606
3	16:40:26	12.17	93.940	31.130	32186.000	6.000	94.009089	19.6949042	197.661317	148.258590	11.67574340	364.866981	35	19.3739612	9.22534169	288.291928
3	16:40:41	12.42	94.100	31.110	32194.000	6.000	94.173403	19.7293279	198.006800	148.517724	11.69615087	365.504715	35	19.3739612	9.24146621	288.795819
3	16:40:56	12.67	94.000	31.130	32179.000	6.000	94.009089	19.6949042	197.661317	148.258590	11.67574340	364.866981	35	19.3739612	9.22534169	288.291928
3	16:41:11	12.92	94.390	31.080	32210.000	6.000	94.420510	19.7810968	198.526361	148.907428	11.72684104	366.463782	35	19.3739612	9.26571540	289.553606
3	16:41:26	13.17	94.080	31.120	32175.000	6.000	94.091204	19.7121072	197.833970	148.388090	11.68594188	365.185684	35	19.3739612	9.23339980	288.543744
3	16:41:41	13.42	94.170	31.110	32217.000	6.000	94.173403	19.7293279	198.006800	148.517724	11.69615087	365.504715	35	19.3739612	9.24146621	288.795819
3	16:41:56	13.67	93.930	31.130	32215.000	6.000	94.009089	19.6949042	197.661317	148.258590	11.67574340	364.866981	35	19.3739612	9.22534169	288.291928
3	16:42:11	13.92	94.320	31.090	32169.000	6.000	94.338056	19.7638227	198.352995	148.777393	11.71660043	366.143763	35	19.3739612	9.25762400	289.300750
3	16:42:26	14.17	94.290	31.090	32173.000	6.000	94.338056	19.7638227	198.352995	148.777393	11.71660043	366.143763	35	19.3739612	9.25762400	289.300750
3	16:42:41	14.42	93.850	31.140	32221.000	6.000	93.927059	19.6777189	197.488843	148.129223	11.66555542	364.548607	35	19.3739612	9.21729187	288.040371
3	16:42:56	14.67	93.580	31.180	32191.000	6.000	93.599781	19.6091542	196.800716	147.613084	11.62490817	363.278380	35	19.3739612	9.18517530	287.036728
3	16:43:11	14.92	94.370	31.080	32194.000	6.000	94.420510	19.7810968	198.526361	148.907428	11.72684104	366.463782	35	19.3739612	9.26571540	289.553606
3	16:43:26	15.17	94.050	31.120	32200.000	6.000	94.091204	19.7121072	197.833970	148.388090	11.68594188	365.185684	35	19.3739612	9.23339980	288.543744
3	16:43:41	15.42	93.590	31.180	32190.000	6.000	93.599781	19.6091542	196.800716	147.613084	11.62490817	363.278380	35	19.3739612	9.18517530	287.036728
3	16:43:56	15.67	94.120	31.110	32227.000	6.000	94.173403	19.7293279	198.006800	148.517724	11.69615087	365.504715	35	19.3739612	9.24146621	288.795819
3	16:44:11	15.92	94.060	31.120	32206.000	6.000	94.091204	19.7121072	197.833970	148.388090	11.68594188	365.185684	35	19.3739612	9.23339980	288.543744
3	16:44:26	16.17	94.100	31.110	32201.000	6.000	94.173403	19.7293279	198.006800	148.517724	11.69615087	365.504715	35	19.3739612	9.24146621	288.795819
3	16:44:41	16.42	93.910	31.140	32208.000	6.000	93.927059	19.6777189	197.488843	148.129223	11.66555542	364.548607	35	19.3739612	9.21729187	288.040371
3	16:44:56	16.67	93.750	31.160	32214.000	6.000	93.763252	19.6434012	197.144426	147.870888	11.64521089	363.912840	35	19.3739612	9.20121707	287.538033
3	16:45:11	16.92	94.090	31.110	32217.000	6.000	94.173403	19.7293279	198.006800	148.517724	11.69615087	365.504715	35	19.3739612	9.24146621	288.795819
3	16:45:26	17.17	94.010	31.120	32223.000	6.000	94.091204	19.7121072	197.833970	148.388090	11.68594188	365.185684	35	19.3739612	9.23339980	288.543744
3	16:45:41	17.42	94.340	31.080	32226.000	6.000	94.420510	19.7810968	198.526361	148.907428	11.72684104	366.463782	35	19.3739612	9.26571540	289.553606
3	16:45:56	17.67	93.700	31.160	32235.000	6.000	93.763252	19.6434012	197.144426	147.870888	11.64521089	363.912840	35	19.3739612	9.20121707	287.538033
3	16:46:11	17.92	94.260	31.090	32212.000	6.000	94.338056	19.7638227	198.352995	148.777393	11.71660043	366.143763	35	19.3739612	9.25762400	289.300750
3	16:46:26	18.17	93.640	31.170	32206.000	6.000	93.681474	19.6262689	196.972482	147.741920	11.63505431	363.595447	35	19.3739612	9.19319206	287.287252
3	16:46:41	18.42	94.420	31.080	32195.000	6.000	94.420510	19.7810968	198.526361	148.907428	11.72684104	366.463782	35	19.3739612	9.26571540	289.553606
3	16:46:56	18.67	94.190	31.100	32211.000	6.000	94.255687	19.7465664	198.179808	148.647491	11.70637038	365.824074	35	19.3739612	9.24954094	289.048155
3	16:47:11	18.92	93.870	31.140	32189.000	6.000	93.927059	19.6777189	197.488843	148.129223	11.66555542	364.548607	35	19.3739612	9.21729187	288.040371
3	16:47:26	19.17	93.910	31.140	32172.000	6.000	93.927059	19.6777189	197.488843	148.129223	11.66555542	364.548607	35	19.3739612	9.21729187	288.040371
3	16:47:41	19.42	94.250	31.100	32196.000	6.000	94.255687	19.7465664	198.179808	148.647491	11.70637038	365.824074	35	19.3739612	9.24954094	289.048155
3	16:47:56	19.67	94.290	31.090	32188.000	6.000	94.338056	19.7638227	198.352995	148.777393	11.71660043	366.143763	35	19.3739612	9.25762400	289.300750
3	16:48:11	19.92	94.200	31.100	32204.000	6.000	94.255687	19.7465664	198.179808	148.647491	11.70637038	365.824074	35	19.3739612	9.24954094	289.048155
3	16:48:26	20.17	93.950	31.130	32208.000	6.000	94.009089	19.6949042	197.661317	148.258590	11.67574340	364.866981	35	19.3739612	9.22534169	288.291928
3	16:48:41	20.42	94.440	31.070	32202.000	6.000	94.503049	19.7983887	198.699905	149.037597	11.73709221	366.784131	35	19.3739612	9.27381515	289.806723
