Chamber	Time/hh:mm:ss	Logtime/min	Oxy/% air sat.	Phase/°	Amp	Temp/°C	% air-sat.	% oxygen	pO2 (hPa)	pO2 (Torr)	cO2 [mg/L]	cO2 [µmol/L]	Salinity	chlorinity	SalCorcO2 [mg/L]	SalCorcO2 [µmol/L]
7	9:44:00	0.00	94.950	28.610	32514.000	18.000	94.952997	19.8926528	197.396069	148.059637	8.95365442	279.801701	35	19.3739612	7.27389186	227.309121
7	9:44:10	0.18	94.620	28.640	32525.000	18.000	94.692626	19.8381051	196.854789	147.653642	8.92910259	279.034456	35	19.3739612	7.25394611	226.685816
7	9:44:25	0.43	94.180	28.690	32564.000	18.000	94.260605	19.7475967	195.956668	146.979994	8.88836487	277.761402	35	19.3739612	7.22085104	225.651595
7	9:44:40	0.68	94.470	28.660	32534.000	18.000	94.519529	19.8018412	196.494940	147.383733	8.91278027	278.524383	35	19.3739612	7.24068596	226.271436
7	9:44:55	0.93	95.100	28.590	32556.000	18.000	95.127062	19.9291195	197.757930	148.331056	8.97006802	280.314626	35	19.3739612	7.28722616	227.725818
7	9:45:10	1.18	94.380	28.670	32566.000	18.000	94.433124	19.7837396	196.315316	147.249003	8.90463274	278.269773	35	19.3739612	7.23406696	226.064592
7	9:45:25	1.43	94.320	28.680	32566.000	18.000	94.346816	19.7656580	196.135892	147.114424	8.89649427	278.015446	35	19.3739612	7.22745532	225.857979
7	9:45:40	1.68	94.590	28.650	32564.000	18.000	94.606029	19.8199631	196.674764	147.518612	8.92093688	278.779278	35	19.3739612	7.24731234	226.478511
7	9:45:55	1.93	95.080	28.590	32545.000	18.000	95.127062	19.9291195	197.757930	148.331056	8.97006802	280.314626	35	19.3739612	7.28722616	227.725818
7	9:46:10	2.18	94.330	28.680	32544.000	18.000	94.346816	19.7656580	196.135892	147.114424	8.89649427	278.015446	35	19.3739612	7.22745532	225.857979
7	9:46:25	2.43	94.900	28.610	32558.000	18.000	94.952997	19.8926528	197.396069	148.059637	8.95365442	279.801701	35	19.3739612	7.27389186	227.309121
7	9:46:40	2.68	94.680	28.640	32527.000	18.000	94.692626	19.8381051	196.854789	147.653642	8.92910259	279.034456	35	19.3739612	7.25394611	226.685816
7	9:46:55	2.93	94.460	28.660	32550.000	18.000	94.519529	19.8018412	196.494940	147.383733	8.91278027	278.524383	35	19.3739612	7.24068596	226.271436
7	9:47:10	3.18	94.380	28.670	32573.000	18.000	94.433124	19.7837396	196.315316	147.249003	8.90463274	278.269773	35	19.3739612	7.23406696	226.064592
7	9:47:25	3.43	94.580	28.650	32563.000	18.000	94.606029	19.8199631	196.674764	147.518612	8.92093688	278.779278	35	19.3739612	7.24731234	226.478511
7	9:47:40	3.68	94.580	28.650	32556.000	18.000	94.606029	19.8199631	196.674764	147.518612	8.92093688	278.779278	35	19.3739612	7.24731234	226.478511
7	9:47:55	3.93	94.450	28.660	32592.000	18.000	94.519529	19.8018412	196.494940	147.383733	8.91278027	278.524383	35	19.3739612	7.24068596	226.271436
7	9:48:10	4.18	94.440	28.660	32584.000	18.000	94.519529	19.8018412	196.494940	147.383733	8.91278027	278.524383	35	19.3739612	7.24068596	226.271436
7	9:48:25	4.43	93.810	28.740	32536.000	18.000	93.830981	19.6575905	195.063531	146.310085	8.84785323	276.495413	35	19.3739612	7.18793964	224.623114
7	9:48:40	4.68	94.000	28.720	32547.000	18.000	94.002544	19.6935329	195.420190	146.577602	8.86403086	277.000964	35	19.3739612	7.20108225	225.033820
7	9:48:55	4.93	94.140	28.700	32578.000	18.000	94.174489	19.7295554	195.777643	146.845714	8.88024450	277.507641	35	19.3739612	7.21425411	225.445441
7	9:49:10	5.18	94.350	28.670	32602.000	18.000	94.433124	19.7837396	196.315316	147.249003	8.90463274	278.269773	35	19.3739612	7.23406696	226.064592
7	9:49:25	5.43	93.950	28.720	32576.000	18.000	94.002544	19.6935329	195.420190	146.577602	8.86403086	277.000964	35	19.3739612	7.20108225	225.033820
7	9:49:40	5.68	94.310	28.680	32600.000	18.000	94.346816	19.7656580	196.135892	147.114424	8.89649427	278.015446	35	19.3739612	7.22745532	225.857979
7	9:49:55	5.93	94.370	28.670	32579.000	18.000	94.433124	19.7837396	196.315316	147.249003	8.90463274	278.269773	35	19.3739612	7.23406696	226.064592
7	9:50:10	6.18	93.940	28.720	32592.000	18.000	94.002544	19.6935329	195.420190	146.577602	8.86403086	277.000964	35	19.3739612	7.20108225	225.033820
7	9:50:25	6.43	94.590	28.650	32602.000	18.000	94.606029	19.8199631	196.674764	147.518612	8.92093688	278.779278	35	19.3739612	7.24731234	226.478511
7	9:50:40	6.68	93.910	28.730	32595.000	18.000	93.916715	19.6755517	195.241761	146.443769	8.85593755	276.748048	35	19.3739612	7.19450729	224.828353
7	9:50:55	6.93	93.350	28.790	32565.000	18.000	93.403738	19.5680831	194.175343	145.643887	8.80756606	275.236439	35	19.3739612	7.15521060	223.600331
7	9:51:10	7.18	94.320	28.680	32589.000	18.000	94.346816	19.7656580	196.135892	147.114424	8.89649427	278.015446	35	19.3739612	7.22745532	225.857979
7	9:51:25	7.43	93.810	28.740	32589.000	18.000	93.830981	19.6575905	195.063531	146.310085	8.84785323	276.495413	35	19.3739612	7.18793964	224.623114
7	9:51:40	7.68	94.830	28.620	32633.000	18.000	94.866109	19.8744499	197.215441	147.924154	8.94546135	279.545667	35	19.3739612	7.26723586	227.101121
7	9:51:55	7.93	94.350	28.670	32586.000	18.000	94.433124	19.7837396	196.315316	147.249003	8.90463274	278.269773	35	19.3739612	7.23406696	226.064592
7	9:52:10	8.18	94.420	28.670	32643.000	18.000	94.433124	19.7837396	196.315316	147.249003	8.90463274	278.269773	35	19.3739612	7.23406696	226.064592
7	9:52:25	8.43	94.060	28.710	32590.000	18.000	94.088468	19.7115341	195.598817	146.711583	8.87213317	277.254162	35	19.3739612	7.20766452	225.239516
7	9:52:40	8.68	94.230	28.690	32605.000	18.000	94.260605	19.7475967	195.956668	146.979994	8.88836487	277.761402	35	19.3739612	7.22085104	225.651595
7	9:52:55	8.93	94.140	28.700	32620.000	18.000	94.174489	19.7295554	195.777643	146.845714	8.88024450	277.507641	35	19.3739612	7.21425411	225.445441
7	9:53:10	9.18	93.600	28.760	32585.000	18.000	93.659799	19.6217279	194.707664	146.043162	8.83171151	275.990985	35	19.3739612	7.17482622	224.213319
7	9:53:25	9.43	93.710	28.750	32595.000	18.000	93.745342	19.6396492	194.885499	146.176549	8.83977789	276.243059	35	19.3739612	7.18137929	224.418103
7	9:53:40	9.68	93.850	28.730	32591.000	18.000	93.916715	19.6755517	195.241761	146.443769	8.85593755	276.748048	35	19.3739612	7.19450729	224.828353
7	9:53:55	9.93	94.440	28.660	32630.000	18.000	94.519529	19.8018412	196.494940	147.383733	8.91278027	278.524383	35	19.3739612	7.24068596	226.271436
7	9:54:10	10.18	94.390	28.670	32638.000	18.000	94.433124	19.7837396	196.315316	147.249003	8.90463274	278.269773	35	19.3739612	7.23406696	226.064592
7	9:54:25	10.43	93.700	28.750	32612.000	18.000	93.745342	19.6396492	194.885499	146.176549	8.83977789	276.243059	35	19.3739612	7.18137929	224.418103
7	9:54:40	10.68	93.100	28.820	32644.000	18.000	93.148527	19.5146165	193.644791	145.245939	8.78350084	274.484401	35	19.3739612	7.13566017	222.989380
7	9:54:55	10.93	93.280	28.800	32627.000	18.000	93.318573	19.5502411	193.998296	145.511091	8.79953542	274.985482	35	19.3739612	7.14868656	223.396455
7	9:55:10	11.18	93.570	28.770	32607.000	18.000	93.574350	19.6038264	194.530027	145.909922	8.82365409	275.739190	35	19.3739612	7.16828042	224.008763
7	9:55:25	11.43	93.300	28.800	32667.000	18.000	93.318573	19.5502411	193.998296	145.511091	8.79953542	274.985482	35	19.3739612	7.14868656	223.396455
7	9:55:40	11.68	93.420	28.780	32630.000	18.000	93.488997	19.5859448	194.352587	145.776831	8.81560561	275.487675	35	19.3739612	7.16174189	223.804434
7	9:55:55	11.93	93.530	28.770	32597.000	18.000	93.574350	19.6038264	194.530027	145.909922	8.82365409	275.739190	35	19.3739612	7.16828042	224.008763
7	9:56:10	12.18	93.140	28.820	32637.000	18.000	93.148527	19.5146165	193.644791	145.245939	8.78350084	274.484401	35	19.3739612	7.13566017	222.989380
7	9:56:25	12.43	93.250	28.800	32657.000	18.000	93.318573	19.5502411	193.998296	145.511091	8.79953542	274.985482	35	19.3739612	7.14868656	223.396455
7	9:56:40	12.68	93.480	28.780	32629.000	18.000	93.488997	19.5859448	194.352587	145.776831	8.81560561	275.487675	35	19.3739612	7.16174189	223.804434
7	9:56:55	12.93	93.750	28.740	32658.000	18.000	93.830981	19.6575905	195.063531	146.310085	8.84785323	276.495413	35	19.3739612	7.18793964	224.623114
7	9:57:10	13.18	93.390	28.790	32614.000	18.000	93.403738	19.5680831	194.175343	145.643887	8.80756606	275.236439	35	19.3739612	7.15521060	223.600331
7	9:57:25	13.43	93.280	28.800	32668.000	18.000	93.318573	19.5502411	193.998296	145.511091	8.79953542	274.985482	35	19.3739612	7.14868656	223.396455
7	9:57:40	13.68	92.780	28.860	32650.000	18.000	92.809564	19.4436037	192.940127	144.717396	8.75153809	273.485565	35	19.3739612	7.10969384	222.177932
7	9:57:55	13.93	93.550	28.770	32675.000	18.000	93.574350	19.6038264	194.530027	145.909922	8.82365409	275.739190	35	19.3739612	7.16828042	224.008763
7	9:58:10	14.18	93.790	28.740	32691.000	18.000	93.830981	19.6575905	195.063531	146.310085	8.84785323	276.495413	35	19.3739612	7.18793964	224.623114
7	9:58:25	14.43	92.810	28.850	32680.000	18.000	92.894164	19.4613274	193.116000	144.849312	8.75951550	273.734860	35	19.3739612	7.11617464	222.380458
7	9:58:40	14.68	93.610	28.760	32676.000	18.000	93.659799	19.6217279	194.707664	146.043162	8.83171151	275.990985	35	19.3739612	7.17482622	224.213319
7	9:58:55	14.93	92.750	28.860	32667.000	18.000	92.809564	19.4436037	192.940127	144.717396	8.75153809	273.485565	35	19.3739612	7.10969384	222.177932
7	9:59:10	15.18	93.140	28.820	32700.000	18.000	93.148527	19.5146165	193.644791	145.245939	8.78350084	274.484401	35	19.3739612	7.13566017	222.989380
7	9:59:25	15.43	92.910	28.840	32650.000	18.000	92.978858	19.4790708	193.292069	144.981375	8.76750176	273.984430	35	19.3739612	7.12266262	222.583207
7	9:59:40	15.68	93.310	28.800	32635.000	18.000	93.318573	19.5502411	193.998296	145.511091	8.79953542	274.985482	35	19.3739612	7.14868656	223.396455
7	9:59:55	15.93	93.570	28.770	32702.000	18.000	93.574350	19.6038264	194.530027	145.909922	8.82365409	275.739190	35	19.3739612	7.16828042	224.008763
7	10:00:10	16.18	92.960	28.840	32674.000	18.000	92.978858	19.4790708	193.292069	144.981375	8.76750176	273.984430	35	19.3739612	7.12266262	222.583207
7	10:00:25	16.43	92.760	28.860	32664.000	18.000	92.809564	19.4436037	192.940127	144.717396	8.75153809	273.485565	35	19.3739612	7.10969384	222.177932
7	10:00:40	16.68	92.480	28.890	32651.000	18.000	92.556325	19.3905502	192.413673	144.322522	8.72765875	272.739336	35	19.3739612	7.09029441	221.571700
7	10:00:55	16.93	92.710	28.870	32704.000	18.000	92.725058	19.4258996	192.764448	144.585626	8.74356950	273.236547	35	19.3739612	7.10322021	221.975631
7	10:01:10	17.18	92.630	28.880	32674.000	18.000	92.640645	19.4082151	192.588963	144.454001	8.73560972	272.987804	35	19.3739612	7.09675374	221.773554
7	10:01:25	17.43	93.150	28.810	32723.000	18.000	93.233503	19.5324189	193.821446	145.378441	8.79151368	274.734803	35	19.3739612	7.14216976	223.192805
7	10:01:40	17.68	93.110	28.820	32722.000	18.000	93.148527	19.5146165	193.644791	145.245939	8.78350084	274.484401	35	19.3739612	7.13566017	222.989380
7	10:01:55	17.93	92.870	28.850	32725.000	18.000	92.894164	19.4613274	193.116000	144.849312	8.75951550	273.734860	35	19.3739612	7.11617464	222.380458
7	10:02:10	18.18	92.990	28.830	32706.000	18.000	93.063646	19.4968338	193.468332	145.113584	8.77549687	274.234277	35	19.3739612	7.12915780	222.786181
7	10:02:25	18.43	93.260	28.800	32729.000	18.000	93.318573	19.5502411	193.998296	145.511091	8.79953542	274.985482	35	19.3739612	7.14868656	223.396455
7	10:02:40	18.68	92.110	28.940	32722.000	18.000	92.136122	19.3025177	191.540120	143.667302	8.68803545	271.501108	35	19.3739612	7.05810470	220.565772
7	10:02:55	18.93	93.340	28.790	32725.000	18.000	93.403738	19.5680831	194.175343	145.643887	8.80756606	275.236439	35	19.3739612	7.15521060	223.600331
7	10:03:10	19.18	93.040	28.830	32774.000	18.000	93.063646	19.4968338	193.468332	145.113584	8.77549687	274.234277	35	19.3739612	7.12915780	222.786181
7	10:03:25	19.43	92.430	28.900	32758.000	18.000	92.472099	19.3729047	192.238576	144.191188	8.71971656	272.491143	35	19.3739612	7.08384223	221.370070
7	10:03:40	19.68	92.700	28.870	32720.000	18.000	92.725058	19.4258996	192.764448	144.585626	8.74356950	273.236547	35	19.3739612	7.10322021	221.975631
