Chamber	Time/hh:mm:ss	Logtime/min	Oxy/% air sat.	Phase/°	Amp	Temp/°C	% air-sat.	% oxygen	pO2 (hPa)	pO2 (Torr)	cO2 [mg/L]	cO2 [µmol/L]	Salinity	chlorinity	SalCorcO2 [mg/L]	SalCorcO2 [µmol/L]
4	8:52:26	0.00	93.110	28.820	39006.000	18.000	93.148527	19.5146165	193.644791	145.245939	8.78350084	274.484401	35	19.3739612	7.13566017	222.989380
4	8:52:36	0.16	93.560	28.770	39015.000	18.000	93.574350	19.6038264	194.530027	145.909922	8.82365409	275.739190	35	19.3739612	7.16828042	224.008763
4	8:52:51	0.41	93.870	28.730	39008.000	18.000	93.916715	19.6755517	195.241761	146.443769	8.85593755	276.748048	35	19.3739612	7.19450729	224.828353
4	8:53:06	0.66	93.880	28.730	39013.000	18.000	93.916715	19.6755517	195.241761	146.443769	8.85593755	276.748048	35	19.3739612	7.19450729	224.828353
4	8:53:21	0.91	94.010	28.710	39031.000	18.000	94.088468	19.7115341	195.598817	146.711583	8.87213317	277.254162	35	19.3739612	7.20766452	225.239516
4	8:53:36	1.16	93.270	28.800	39047.000	18.000	93.318573	19.5502411	193.998296	145.511091	8.79953542	274.985482	35	19.3739612	7.14868656	223.396455
4	8:53:51	1.41	93.530	28.770	39074.000	18.000	93.574350	19.6038264	194.530027	145.909922	8.82365409	275.739190	35	19.3739612	7.16828042	224.008763
4	8:54:06	1.66	93.330	28.790	39029.000	18.000	93.403738	19.5680831	194.175343	145.643887	8.80756606	275.236439	35	19.3739612	7.15521060	223.600331
4	8:54:21	1.91	93.340	28.790	39061.000	18.000	93.403738	19.5680831	194.175343	145.643887	8.80756606	275.236439	35	19.3739612	7.15521060	223.600331
4	8:54:36	2.16	94.200	28.690	39099.000	18.000	94.260605	19.7475967	195.956668	146.979994	8.88836487	277.761402	35	19.3739612	7.22085104	225.651595
4	8:54:51	2.41	92.510	28.890	39044.000	18.000	92.556325	19.3905502	192.413673	144.322522	8.72765875	272.739336	35	19.3739612	7.09029441	221.571700
4	8:55:06	2.66	93.700	28.750	39123.000	18.000	93.745342	19.6396492	194.885499	146.176549	8.83977789	276.243059	35	19.3739612	7.18137929	224.418103
4	8:55:21	2.91	93.460	28.780	39062.000	18.000	93.488997	19.5859448	194.352587	145.776831	8.81560561	275.487675	35	19.3739612	7.16174189	223.804434
4	8:55:36	3.16	92.880	28.850	39094.000	18.000	92.894164	19.4613274	193.116000	144.849312	8.75951550	273.734860	35	19.3739612	7.11617464	222.380458
4	8:55:51	3.41	92.890	28.850	39125.000	18.000	92.894164	19.4613274	193.116000	144.849312	8.75951550	273.734860	35	19.3739612	7.11617464	222.380458
4	8:56:06	3.66	92.930	28.840	39074.000	18.000	92.978858	19.4790708	193.292069	144.981375	8.76750176	273.984430	35	19.3739612	7.12266262	222.583207
4	8:56:21	3.91	93.070	28.820	39109.000	18.000	93.148527	19.5146165	193.644791	145.245939	8.78350084	274.484401	35	19.3739612	7.13566017	222.989380
4	8:56:36	4.16	93.040	28.830	39117.000	18.000	93.063646	19.4968338	193.468332	145.113584	8.77549687	274.234277	35	19.3739612	7.12915780	222.786181
4	8:56:51	4.41	94.030	28.710	39122.000	18.000	94.088468	19.7115341	195.598817	146.711583	8.87213317	277.254162	35	19.3739612	7.20766452	225.239516
4	8:57:06	4.66	93.270	28.800	39139.000	18.000	93.318573	19.5502411	193.998296	145.511091	8.79953542	274.985482	35	19.3739612	7.14868656	223.396455
4	8:57:21	4.91	93.110	28.820	39085.000	18.000	93.148527	19.5146165	193.644791	145.245939	8.78350084	274.484401	35	19.3739612	7.13566017	222.989380
4	8:57:36	5.16	93.400	28.790	39206.000	18.000	93.403738	19.5680831	194.175343	145.643887	8.80756606	275.236439	35	19.3739612	7.15521060	223.600331
4	8:57:51	5.41	93.380	28.790	39178.000	18.000	93.403738	19.5680831	194.175343	145.643887	8.80756606	275.236439	35	19.3739612	7.15521060	223.600331
4	8:58:06	5.66	92.990	28.830	39175.000	18.000	93.063646	19.4968338	193.468332	145.113584	8.77549687	274.234277	35	19.3739612	7.12915780	222.786181
4	8:58:21	5.91	92.860	28.850	39175.000	18.000	92.894164	19.4613274	193.116000	144.849312	8.75951550	273.734860	35	19.3739612	7.11617464	222.380458
4	8:58:36	6.16	93.110	28.820	39198.000	18.000	93.148527	19.5146165	193.644791	145.245939	8.78350084	274.484401	35	19.3739612	7.13566017	222.989380
4	8:58:51	6.41	92.270	28.920	39162.000	18.000	92.303925	19.3376723	191.888962	143.928956	8.70385850	271.995578	35	19.3739612	7.07095925	220.967476
4	8:59:06	6.66	92.730	28.860	39145.000	18.000	92.809564	19.4436037	192.940127	144.717396	8.75153809	273.485565	35	19.3739612	7.10969384	222.177932
4	8:59:21	6.91	93.370	28.790	39231.000	18.000	93.403738	19.5680831	194.175343	145.643887	8.80756606	275.236439	35	19.3739612	7.15521060	223.600331
4	8:59:36	7.16	93.020	28.830	39150.000	18.000	93.063646	19.4968338	193.468332	145.113584	8.77549687	274.234277	35	19.3739612	7.12915780	222.786181
4	8:59:51	7.41	92.820	28.850	39226.000	18.000	92.894164	19.4613274	193.116000	144.849312	8.75951550	273.734860	35	19.3739612	7.11617464	222.380458
4	9:00:06	7.66	92.640	28.870	39238.000	18.000	92.725058	19.4258996	192.764448	144.585626	8.74356950	273.236547	35	19.3739612	7.10322021	221.975631
4	9:00:21	7.91	93.360	28.790	39250.000	18.000	93.403738	19.5680831	194.175343	145.643887	8.80756606	275.236439	35	19.3739612	7.15521060	223.600331
4	9:00:36	8.16	92.340	28.910	39247.000	18.000	92.387965	19.3552788	192.063672	144.059999	8.71178315	272.243223	35	19.3739612	7.07739718	221.168662
4	9:00:51	8.41	92.450	28.900	39225.000	18.000	92.472099	19.3729047	192.238576	144.191188	8.71971656	272.491143	35	19.3739612	7.08384223	221.370070
4	9:01:06	8.66	93.360	28.790	39264.000	18.000	93.403738	19.5680831	194.175343	145.643887	8.80756606	275.236439	35	19.3739612	7.15521060	223.600331
4	9:01:21	8.91	91.970	28.950	39245.000	18.000	92.052360	19.2849694	191.365988	143.536692	8.68013702	271.254282	35	19.3739612	7.05168806	220.365252
4	9:01:36	9.16	92.420	28.900	39268.000	18.000	92.472099	19.3729047	192.238576	144.191188	8.71971656	272.491143	35	19.3739612	7.08384223	221.370070
4	9:01:51	9.41	92.340	28.910	39269.000	18.000	92.387965	19.3552788	192.063672	144.059999	8.71178315	272.243223	35	19.3739612	7.07739718	221.168662
4	9:02:06	9.66	92.160	28.930	39265.000	18.000	92.219977	19.3200853	191.714445	143.798057	8.69594261	271.748206	35	19.3739612	7.06452842	220.766513
4	9:02:21	9.91	92.900	28.840	38907.000	18.000	92.978858	19.4790708	193.292069	144.981375	8.76750176	273.984430	35	19.3739612	7.12266262	222.583207
4	9:02:36	10.16	92.400	28.900	39097.000	18.000	92.472099	19.3729047	192.238576	144.191188	8.71971656	272.491143	35	19.3739612	7.08384223	221.370070
4	9:02:51	10.41	92.370	28.910	39107.000	18.000	92.387965	19.3552788	192.063672	144.059999	8.71178315	272.243223	35	19.3739612	7.07739718	221.168662
4	9:03:06	10.66	92.240	28.920	39098.000	18.000	92.303925	19.3376723	191.888962	143.928956	8.70385850	271.995578	35	19.3739612	7.07095925	220.967476
4	9:03:21	10.91	92.370	28.910	39111.000	18.000	92.387965	19.3552788	192.063672	144.059999	8.71178315	272.243223	35	19.3739612	7.07739718	221.168662
4	9:03:36	11.16	92.110	28.940	39136.000	18.000	92.136122	19.3025177	191.540120	143.667302	8.68803545	271.501108	35	19.3739612	7.05810470	220.565772
4	9:03:51	11.41	92.400	28.900	39107.000	18.000	92.472099	19.3729047	192.238576	144.191188	8.71971656	272.491143	35	19.3739612	7.08384223	221.370070
4	9:04:06	11.66	92.340	28.910	39135.000	18.000	92.387965	19.3552788	192.063672	144.059999	8.71178315	272.243223	35	19.3739612	7.07739718	221.168662
4	9:04:21	11.91	92.320	28.910	39155.000	18.000	92.387965	19.3552788	192.063672	144.059999	8.71178315	272.243223	35	19.3739612	7.07739718	221.168662
4	9:04:36	12.16	92.160	28.930	39097.000	18.000	92.219977	19.3200853	191.714445	143.798057	8.69594261	271.748206	35	19.3739612	7.06452842	220.766513
4	9:04:51	12.41	92.160	28.930	39189.000	18.000	92.219977	19.3200853	191.714445	143.798057	8.69594261	271.748206	35	19.3739612	7.06452842	220.766513
4	9:05:06	12.66	92.310	28.910	39184.000	18.000	92.387965	19.3552788	192.063672	144.059999	8.71178315	272.243223	35	19.3739612	7.07739718	221.168662
4	9:05:21	12.91	92.340	28.910	39188.000	18.000	92.387965	19.3552788	192.063672	144.059999	8.71178315	272.243223	35	19.3739612	7.07739718	221.168662
4	9:05:36	13.16	92.440	28.900	39143.000	18.000	92.472099	19.3729047	192.238576	144.191188	8.71971656	272.491143	35	19.3739612	7.08384223	221.370070
4	9:05:51	13.41	91.710	28.990	39148.000	18.000	91.718233	19.2149698	190.671378	143.015690	8.64863030	270.269697	35	19.3739612	7.02609221	219.565381
4	9:06:06	13.66	92.250	28.920	39150.000	18.000	92.303925	19.3376723	191.888962	143.928956	8.70385850	271.995578	35	19.3739612	7.07095925	220.967476
4	9:06:21	13.91	91.360	29.030	39186.000	18.000	91.385576	19.1452782	189.979824	142.496980	8.61726221	269.289444	35	19.3739612	7.00060897	218.769030
4	9:06:36	14.16	92.230	28.920	39192.000	18.000	92.303925	19.3376723	191.888962	143.928956	8.70385850	271.995578	35	19.3739612	7.07095925	220.967476
4	9:06:51	14.41	91.820	28.970	39207.000	18.000	91.885112	19.2499310	191.018300	143.275903	8.66436628	270.761446	35	19.3739612	7.03887602	219.964875
4	9:07:06	14.66	91.860	28.970	39186.000	18.000	91.885112	19.2499310	191.018300	143.275903	8.66436628	270.761446	35	19.3739612	7.03887602	219.964875
4	9:07:21	14.91	91.820	28.970	39192.000	18.000	91.885112	19.2499310	191.018300	143.275903	8.66436628	270.761446	35	19.3739612	7.03887602	219.964875
4	9:07:36	15.16	91.750	28.980	39160.000	18.000	91.801627	19.2324408	190.844743	143.145725	8.65649395	270.515436	35	19.3739612	7.03248059	219.765018
4	9:07:51	15.41	92.480	28.890	39196.000	18.000	92.556325	19.3905502	192.413673	144.322522	8.72765875	272.739336	35	19.3739612	7.09029441	221.571700
4	9:08:06	15.66	91.390	29.020	39224.000	18.000	91.468603	19.1626723	190.152427	142.626443	8.62509128	269.534102	35	19.3739612	7.00696925	218.967789
4	9:08:21	15.91	91.450	29.020	39197.000	18.000	91.468603	19.1626723	190.152427	142.626443	8.62509128	269.534102	35	19.3739612	7.00696925	218.967789
4	9:08:36	16.16	91.450	29.020	39247.000	18.000	91.468603	19.1626723	190.152427	142.626443	8.62509128	269.534102	35	19.3739612	7.00696925	218.967789
4	9:08:51	16.41	92.420	28.900	39259.000	18.000	92.472099	19.3729047	192.238576	144.191188	8.71971656	272.491143	35	19.3739612	7.08384223	221.370070
4	9:09:06	16.66	92.190	28.930	39252.000	18.000	92.219977	19.3200853	191.714445	143.798057	8.69594261	271.748206	35	19.3739612	7.06452842	220.766513
4	9:09:21	16.91	91.860	28.970	39248.000	18.000	91.885112	19.2499310	191.018300	143.275903	8.66436628	270.761446	35	19.3739612	7.03887602	219.964875
4	9:09:36	17.16	91.460	29.020	39282.000	18.000	91.468603	19.1626723	190.152427	142.626443	8.62509128	269.534102	35	19.3739612	7.00696925	218.967789
4	9:09:51	17.41	91.880	28.970	39224.000	18.000	91.885112	19.2499310	191.018300	143.275903	8.66436628	270.761446	35	19.3739612	7.03887602	219.964875
4	9:10:06	17.66	92.060	28.940	39237.000	18.000	92.136122	19.3025177	191.540120	143.667302	8.68803545	271.501108	35	19.3739612	7.05810470	220.565772
4	9:10:21	17.91	92.150	28.930	39267.000	18.000	92.219977	19.3200853	191.714445	143.798057	8.69594261	271.748206	35	19.3739612	7.06452842	220.766513
4	9:10:36	18.16	91.970	28.950	39267.000	18.000	92.052360	19.2849694	191.365988	143.536692	8.68013702	271.254282	35	19.3739612	7.05168806	220.365252
4	9:10:51	18.41	91.380	29.030	39276.000	18.000	91.385576	19.1452782	189.979824	142.496980	8.61726221	269.289444	35	19.3739612	7.00060897	218.769030
4	9:11:06	18.66	91.550	29.010	39237.000	18.000	91.551721	19.1800856	190.325220	142.756049	8.63292897	269.779030	35	19.3739612	7.01333655	219.166767
4	9:11:21	18.91	91.860	28.970	39286.000	18.000	91.885112	19.2499310	191.018300	143.275903	8.66436628	270.761446	35	19.3739612	7.03887602	219.964875
4	9:11:36	19.16	92.110	28.940	39260.000	18.000	92.136122	19.3025177	191.540120	143.667302	8.68803545	271.501108	35	19.3739612	7.05810470	220.565772
4	9:11:51	19.41	91.530	29.010	39309.000	18.000	91.551721	19.1800856	190.325220	142.756049	8.63292897	269.779030	35	19.3739612	7.01333655	219.166767
4	9:12:06	19.66	91.370	29.030	39308.000	18.000	91.385576	19.1452782	189.979824	142.496980	8.61726221	269.289444	35	19.3739612	7.00060897	218.769030
4	9:12:21	19.91	91.420	29.020	39289.000	18.000	91.468603	19.1626723	190.152427	142.626443	8.62509128	269.534102	35	19.3739612	7.00696925	218.967789
4	9:12:36	20.16	91.600	29.000	39313.000	18.000	91.634931	19.1975181	190.498203	142.885798	8.64077531	270.024228	35	19.3739612	7.01971086	219.365964
4	9:12:51	20.41	91.120	29.060	39319.000	18.000	91.137043	19.0932106	189.463153	142.109444	8.59382664	268.557082	35	19.3739612	6.98157006	218.174064
