Chamber	Time/hh:mm:ss	Logtime/min	Oxy/% air sat.	Phase/°	Amp	Temp/°C	% air-sat.	% oxygen	pO2 (hPa)	pO2 (Torr)	cO2 [mg/L]	cO2 [µmol/L]	Salinity	chlorinity	SalCorcO2 [mg/L]	SalCorcO2 [µmol/L]
4	13:20:20	0.00	93.220	26.840	35034.000	29.000	93.277795	19.5416980	190.109486	142.594235	7.16170167	223.803177	35	19.3739612	5.80225188	181.320371
4	13:20:27	0.13	93.400	26.820	35041.000	29.000	93.455831	19.5789965	190.472341	142.866399	7.17537095	224.230342	35	19.3739612	5.81332643	181.666451
4	13:20:42	0.38	93.740	26.780	35026.000	29.000	93.813170	19.6538591	191.200634	143.412666	7.20280683	225.087713	35	19.3739612	5.83555437	182.361074
4	13:20:57	0.63	92.940	26.870	35044.000	29.000	93.011529	19.4859154	189.566810	142.187194	7.14125831	223.164322	35	19.3739612	5.78568912	180.802785
4	13:21:12	0.88	93.590	26.800	35029.000	29.000	93.634289	19.6163834	190.836056	143.139209	7.18907264	224.658520	35	19.3739612	5.82442723	182.013351
4	13:21:27	1.13	93.270	26.840	35041.000	29.000	93.277795	19.5416980	190.109486	142.594235	7.16170167	223.803177	35	19.3739612	5.80225188	181.320371
4	13:21:42	1.38	92.670	26.900	35053.000	29.000	92.746207	19.4303303	189.026056	141.781594	7.12088732	222.527729	35	19.3739612	5.76918499	180.287031
4	13:21:57	1.63	93.070	26.860	35076.000	29.000	93.100180	19.5044876	189.747488	142.322714	7.14806471	223.377022	35	19.3739612	5.79120351	180.975110
4	13:22:12	1.88	92.890	26.880	35102.000	29.000	92.922984	19.4673651	189.386346	142.051834	7.13445995	222.951874	35	19.3739612	5.78018124	180.630664
4	13:22:27	2.13	93.000	26.870	35107.000	29.000	93.011529	19.4859154	189.566810	142.187194	7.14125831	223.164322	35	19.3739612	5.78568912	180.802785
4	13:22:42	2.38	93.020	26.860	35088.000	29.000	93.100180	19.5044876	189.747488	142.322714	7.14806471	223.377022	35	19.3739612	5.79120351	180.975110
4	13:22:57	2.63	92.710	26.900	35119.000	29.000	92.746207	19.4303303	189.026056	141.781594	7.12088732	222.527729	35	19.3739612	5.76918499	180.287031
4	13:23:12	2.88	92.960	26.870	35134.000	29.000	93.011529	19.4859154	189.566810	142.187194	7.14125831	223.164322	35	19.3739612	5.78568912	180.802785
4	13:23:27	3.13	92.420	26.930	35126.000	29.000	92.481823	19.3749418	188.487215	141.377428	7.10058838	221.893387	35	19.3739612	5.75273924	179.773101
4	13:23:42	3.38	92.820	26.890	35156.000	29.000	92.834543	19.4488368	189.206095	141.916634	7.12766963	222.739676	35	19.3739612	5.77467987	180.458746
4	13:23:57	3.63	92.550	26.920	35194.000	29.000	92.569847	19.3933829	188.666617	141.511991	7.10734670	222.104585	35	19.3739612	5.75821469	179.944209
4	13:24:12	3.88	92.390	26.940	35172.000	29.000	92.393902	19.3565225	188.308025	141.243024	7.09383802	221.682438	35	19.3739612	5.74727025	179.602195
4	13:24:27	4.13	92.660	26.900	35165.000	29.000	92.746207	19.4303303	189.026056	141.781594	7.12088732	222.527729	35	19.3739612	5.76918499	180.287031
4	13:24:42	4.38	92.200	26.960	35211.000	29.000	92.218373	19.3197491	187.950278	140.974691	7.08036116	221.261286	35	19.3739612	5.73635160	179.260987
4	13:24:57	4.63	92.350	26.940	35226.000	29.000	92.393902	19.3565225	188.308025	141.243024	7.09383802	221.682438	35	19.3739612	5.74727025	179.602195
4	13:25:12	4.88	92.100	26.970	35245.000	29.000	92.130763	19.3013948	187.771720	140.840761	7.07363464	221.051082	35	19.3739612	5.73090192	179.090685
4	13:25:27	5.13	92.130	26.960	35286.000	29.000	92.218373	19.3197491	187.950278	140.974691	7.08036116	221.261286	35	19.3739612	5.73635160	179.260987
4	13:25:42	5.38	91.730	27.010	35280.000	29.000	91.781354	19.2281937	187.059590	140.306618	7.04680765	220.212739	35	19.3739612	5.70916729	178.411478
4	13:25:57	5.63	91.980	26.980	35294.000	29.000	92.043256	19.2830622	187.593373	140.706990	7.06691604	220.841126	35	19.3739612	5.72545866	178.920583
4	13:26:12	5.88	91.730	27.010	35318.000	29.000	91.781354	19.2281937	187.059590	140.306618	7.04680765	220.212739	35	19.3739612	5.70916729	178.411478
4	13:26:27	6.13	91.580	27.030	35374.000	29.000	91.607266	19.1917221	186.704780	140.040488	7.03344145	219.795045	35	19.3739612	5.69833829	178.073072
4	13:26:42	6.38	91.700	27.010	35375.000	29.000	91.781354	19.2281937	187.059590	140.306618	7.04680765	220.212739	35	19.3739612	5.70916729	178.411478
4	13:26:57	6.63	91.070	27.090	35402.000	29.000	91.087449	19.0828207	185.645343	139.245843	6.99353091	218.547841	35	19.3739612	5.66600365	177.062614
4	13:27:12	6.88	91.730	27.010	35422.000	29.000	91.781354	19.2281937	187.059590	140.306618	7.04680765	220.212739	35	19.3739612	5.70916729	178.411478
4	13:27:27	7.13	91.140	27.080	35439.000	29.000	91.173831	19.1009176	185.821398	139.377895	7.00016314	218.755098	35	19.3739612	5.67137695	177.230530
4	13:27:42	7.38	91.200	27.070	35472.000	29.000	91.260314	19.1190359	185.997659	139.510103	7.00680317	218.962599	35	19.3739612	5.67675655	177.398642
4	13:27:57	7.63	91.130	27.080	35486.000	29.000	91.173831	19.1009176	185.821398	139.377895	7.00016314	218.755098	35	19.3739612	5.67137695	177.230530
4	13:28:12	7.88	91.050	27.090	35502.000	29.000	91.087449	19.0828207	185.645343	139.245843	6.99353091	218.547841	35	19.3739612	5.66600365	177.062614
4	13:28:27	8.13	90.870	27.110	35506.000	29.000	90.914990	19.0466904	185.293853	138.982203	6.98028976	218.134055	35	19.3739612	5.65527597	176.727374
4	13:28:42	8.38	90.490	27.150	35534.000	29.000	90.571282	18.9746835	184.593342	138.456775	6.95390048	217.309390	35	19.3739612	5.63389596	176.059249
4	13:28:57	8.63	90.830	27.110	35576.000	29.000	90.914990	19.0466904	185.293853	138.982203	6.98028976	218.134055	35	19.3739612	5.65527597	176.727374
4	13:29:12	8.88	90.940	27.100	35615.000	29.000	91.001169	19.0647449	185.469495	139.113946	6.98690645	218.340827	35	19.3739612	5.66063667	176.894896
4	13:29:27	9.13	90.210	27.190	35610.000	29.000	90.229181	18.9030134	183.896106	137.933804	6.92763459	216.488581	35	19.3739612	5.61261592	175.394247
4	13:29:42	9.38	89.920	27.220	35623.000	29.000	89.973654	18.8494805	183.375316	137.543178	6.90801570	215.875491	35	19.3739612	5.59672113	174.897535
4	13:29:57	9.63	90.460	27.160	35661.000	29.000	90.485606	18.9567345	184.418726	138.325802	6.94732247	217.103827	35	19.3739612	5.62856660	175.892706
4	13:30:12	9.88	90.270	27.180	35687.000	29.000	90.314556	18.9208995	184.070109	138.064317	6.93418953	216.693423	35	19.3739612	5.61792659	175.560206
4	13:30:27	10.13	90.030	27.210	35702.000	29.000	90.058730	18.8673040	183.548710	137.673235	6.91454768	216.079615	35	19.3739612	5.60201320	175.062912
4	13:30:42	10.38	89.890	27.220	35711.000	29.000	89.973654	18.8494805	183.375316	137.543178	6.90801570	215.875491	35	19.3739612	5.59672113	174.897535
4	13:30:57	10.63	89.550	27.260	35735.000	29.000	89.634343	18.7783948	182.683765	137.024471	6.88196396	215.061374	35	19.3739612	5.57561459	174.237956
4	13:31:12	10.88	89.600	27.260	35753.000	29.000	89.634343	18.7783948	182.683765	137.024471	6.88196396	215.061374	35	19.3739612	5.57561459	174.237956
4	13:31:27	11.13	89.830	27.230	35794.000	29.000	89.888677	18.8316779	183.202125	137.413274	6.90149134	215.671605	35	19.3739612	5.59143524	174.732351
4	13:31:42	11.38	89.740	27.240	35824.000	29.000	89.803800	18.8138961	183.029137	137.283522	6.89497461	215.467957	35	19.3739612	5.58615553	174.567360
4	13:31:57	11.63	89.280	27.300	35815.000	29.000	89.296612	18.7076402	181.995437	136.508181	6.85603361	214.251050	35	19.3739612	5.55460639	173.581450
4	13:32:12	11.88	89.010	27.330	35848.000	29.000	89.044346	18.6547904	181.481293	136.122540	6.83666507	213.645783	35	19.3739612	5.53891443	173.091076
4	13:32:27	12.13	89.480	27.270	35872.000	29.000	89.549762	18.7606751	182.511382	136.895172	6.87547002	214.858438	35	19.3739612	5.57035335	174.073542
4	13:32:42	12.38	89.030	27.330	35903.000	29.000	89.044346	18.6547904	181.481293	136.122540	6.83666507	213.645783	35	19.3739612	5.53891443	173.091076
4	13:32:57	12.63	88.810	27.350	35919.000	29.000	88.876657	18.6196597	181.139527	135.866194	6.82379026	213.243446	35	19.3739612	5.52848355	172.765111
4	13:33:12	12.88	88.900	27.340	35936.000	29.000	88.960453	18.6372148	181.310311	135.994292	6.83022391	213.444497	35	19.3739612	5.53369595	172.927998
4	13:33:27	13.13	89.070	27.320	35955.000	29.000	89.128336	18.6723865	181.652474	136.250937	6.84311372	213.847304	35	19.3739612	5.54413899	173.254343
4	13:33:42	13.38	88.800	27.350	35996.000	29.000	88.876657	18.6196597	181.139527	135.866194	6.82379026	213.243446	35	19.3739612	5.52848355	172.765111
4	13:33:57	13.63	88.320	27.410	36000.000	29.000	88.375928	18.5147568	180.118990	135.100726	6.78534513	212.042035	35	19.3739612	5.49733615	171.791755
4	13:34:12	13.88	89.030	27.330	36024.000	29.000	89.044346	18.6547904	181.481293	136.122540	6.83666507	213.645783	35	19.3739612	5.53891443	173.091076
4	13:34:27	14.13	88.200	27.430	36042.000	29.000	88.209792	18.4799515	179.780389	134.846754	6.77258955	211.643423	35	19.3739612	5.48700187	171.468808
4	13:34:42	14.38	88.340	27.410	36040.000	29.000	88.375928	18.5147568	180.118990	135.100726	6.78534513	212.042035	35	19.3739612	5.49733615	171.791755
4	13:34:57	14.63	88.280	27.420	36089.000	29.000	88.292812	18.4973441	179.949591	134.973666	6.77896364	211.842614	35	19.3739612	5.49216601	171.630188
4	13:35:12	14.88	88.400	27.400	36104.000	29.000	88.459140	18.5321899	180.288585	135.227933	6.79173404	212.241689	35	19.3739612	5.50251231	171.953510
4	13:35:27	15.13	88.240	27.420	36115.000	29.000	88.292812	18.4973441	179.949591	134.973666	6.77896364	211.842614	35	19.3739612	5.49216601	171.630188
4	13:35:42	15.38	87.830	27.470	36154.000	29.000	87.878676	18.4105827	179.105542	134.340575	6.74716707	210.848971	35	19.3739612	5.46640514	170.825161
4	13:35:57	15.63	88.010	27.450	36161.000	29.000	88.044042	18.4452268	179.442574	134.593371	6.75986356	211.245736	35	19.3739612	5.47669155	171.146611
4	13:36:12	15.88	87.660	27.490	36149.000	29.000	87.713694	18.3760188	178.769291	134.088366	6.73449999	210.453125	35	19.3739612	5.45614255	170.504455
4	13:36:27	16.13	87.980	27.450	36170.000	29.000	88.044042	18.4452268	179.442574	134.593371	6.75986356	211.245736	35	19.3739612	5.47669155	171.146611
4	13:36:42	16.38	87.620	27.500	36198.000	29.000	87.631346	18.3587669	178.601457	133.962480	6.72817745	210.255545	35	19.3739612	5.45102017	170.344380
4	13:36:57	16.63	87.560	27.500	36211.000	29.000	87.631346	18.3587669	178.601457	133.962480	6.72817745	210.255545	35	19.3739612	5.45102017	170.344380
4	13:37:12	16.88	87.140	27.550	36232.000	29.000	87.221032	18.2728063	177.765198	133.335232	6.69667435	209.271073	35	19.3739612	5.42549705	169.546783
4	13:37:27	17.13	87.620	27.500	36246.000	29.000	87.631346	18.3587669	178.601457	133.962480	6.72817745	210.255545	35	19.3739612	5.45102017	170.344380
4	13:37:42	17.38	87.470	27.510	36265.000	29.000	87.549093	18.3415349	178.433818	133.836739	6.72186223	210.058195	35	19.3739612	5.44590372	170.184491
4	13:37:57	17.63	86.800	27.600	36286.000	29.000	86.813085	18.1873414	176.933761	132.711601	6.66535290	208.292278	35	19.3739612	5.40012111	168.753785
4	13:38:12	17.88	87.340	27.530	36283.000	29.000	87.384873	18.3071309	178.099121	133.585695	6.70925372	209.664179	35	19.3739612	5.43568858	169.865268
4	13:38:27	18.13	87.430	27.520	36299.000	29.000	87.466935	18.3243229	178.266372	133.711145	6.71555433	209.861073	35	19.3739612	5.44079319	170.024787
4	13:38:42	18.38	86.970	27.580	36351.000	29.000	86.975981	18.2214681	177.265759	132.960621	6.67785976	208.683118	35	19.3739612	5.41025389	169.070434
4	13:38:57	18.63	86.970	27.580	36400.000	29.000	86.975981	18.2214681	177.265759	132.960621	6.67785976	208.683118	35	19.3739612	5.41025389	169.070434
4	13:39:12	18.88	86.720	27.610	36379.000	29.000	86.731778	18.1703075	176.768049	132.587306	6.65911028	208.097196	35	19.3739612	5.39506348	168.595734
4	13:39:27	19.13	86.810	27.600	36448.000	29.000	86.813085	18.1873414	176.933761	132.711601	6.66535290	208.292278	35	19.3739612	5.40012111	168.753785
4	13:39:42	19.38	86.750	27.600	36453.000	29.000	86.813085	18.1873414	176.933761	132.711601	6.66535290	208.292278	35	19.3739612	5.40012111	168.753785
4	13:39:57	19.63	86.780	27.600	36467.000	29.000	86.813085	18.1873414	176.933761	132.711601	6.66535290	208.292278	35	19.3739612	5.40012111	168.753785
4	13:40:12	19.88	86.650	27.620	36497.000	29.000	86.650565	18.1532934	176.602528	132.463155	6.65287488	207.902340	35	19.3739612	5.39001169	168.437865
4	13:40:27	20.13	86.430	27.640	36487.000	29.000	86.488419	18.1193238	176.272059	132.215282	6.64042562	207.513301	35	19.3739612	5.37992558	168.122674
4	13:40:42	20.38	86.270	27.660	36519.000	29.000	86.326647	18.0854326	175.942351	131.967980	6.62800504	207.125158	35	19.3739612	5.36986271	167.808210
