Chamber	Time/hh:mm:ss	Logtime/min	Oxy/% air sat.	Phase/°	Amp	Temp/°C	% air-sat.	% oxygen	pO2 (hPa)	pO2 (Torr)	cO2 [mg/L]	cO2 [µmol/L]	Salinity	chlorinity	SalCorcO2 [mg/L]	SalCorcO2 [µmol/L]
2	15:01:56	0.00	96.490	25.990	9839.000	32.000	96.498244	20.2163822	195.154578	146.378376	7.04481056	220.150330	35	19.3739612	5.62515142	175.785982
2	15:01:58	0.02	95.200	26.120	9835.000	32.000	95.286979	19.9626220	192.704958	144.541004	6.95638265	217.386958	35	19.3739612	5.55454336	173.579480
2	15:01:59	0.04	95.570	26.080	9842.000	32.000	95.657642	20.0402760	193.454574	145.103264	6.98344277	218.232586	35	19.3739612	5.57615036	174.254699
2	15:02:00	0.06	95.870	26.050	9842.000	32.000	95.936822	20.0987643	194.019178	145.526754	7.00382420	218.869506	35	19.3739612	5.59242456	174.763267
2	15:02:16	0.32	95.390	26.100	9851.000	32.000	95.472086	20.0014019	193.079312	144.821794	6.96989630	217.809260	35	19.3739612	5.56533376	173.916680
2	15:02:30	0.56	95.090	26.140	9837.000	32.000	95.102320	19.9239360	192.331510	144.260895	6.94290171	216.965678	35	19.3739612	5.54377908	173.243096
2	15:02:45	0.81	94.650	26.180	9842.000	32.000	94.734341	19.8468444	191.587323	143.702707	6.91603756	216.126174	35	19.3739612	5.52232855	172.572767
2	15:03:00	1.06	94.320	26.220	9813.000	32.000	94.368137	19.7701248	190.846726	143.147212	6.88930306	215.290721	35	19.3739612	5.50098154	171.905673
2	15:03:15	1.31	94.960	26.150	9821.000	32.000	95.010158	19.9046281	192.145125	144.121094	6.93617347	216.755421	35	19.3739612	5.53840670	173.075209
2	15:03:30	1.56	95.040	26.140	9830.000	32.000	95.102320	19.9239360	192.331510	144.260895	6.94290171	216.965678	35	19.3739612	5.54377908	173.243096
2	15:03:45	1.81	95.260	26.120	9821.000	32.000	95.286979	19.9626220	192.704958	144.541004	6.95638265	217.386958	35	19.3739612	5.55454336	173.579480
2	15:04:00	2.06	95.590	26.080	9821.000	32.000	95.657642	20.0402760	193.454574	145.103264	6.98344277	218.232586	35	19.3739612	5.57615036	174.254699
2	15:04:15	2.31	95.040	26.140	9809.000	32.000	95.102320	19.9239360	192.331510	144.260895	6.94290171	216.965678	35	19.3739612	5.54377908	173.243096
2	15:04:30	2.56	94.440	26.210	9807.000	32.000	94.459522	19.7892699	191.031540	143.285834	6.89597457	215.499205	35	19.3739612	5.50630862	172.072144
2	15:04:45	2.81	95.920	26.050	9839.000	32.000	95.936822	20.0987643	194.019178	145.526754	7.00382420	218.869506	35	19.3739612	5.59242456	174.763267
2	15:05:00	3.06	95.160	26.130	9828.000	32.000	95.194593	19.9432673	192.518121	144.400865	6.94963810	217.176191	35	19.3739612	5.54915796	173.411186
2	15:05:15	3.31	95.240	26.120	9821.000	32.000	95.286979	19.9626220	192.704958	144.541004	6.95638265	217.386958	35	19.3739612	5.55454336	173.579480
2	15:05:30	3.56	95.150	26.130	9806.000	32.000	95.194593	19.9432673	192.518121	144.400865	6.94963810	217.176191	35	19.3739612	5.54915796	173.411186
2	15:05:45	3.81	95.350	26.110	9817.000	32.000	95.379476	19.9820002	192.892021	144.681314	6.96313538	217.597981	35	19.3739612	5.55993529	173.747978
2	15:06:00	4.06	95.740	26.070	9817.000	32.000	95.750589	20.0597484	193.642547	145.244256	6.99022833	218.444635	35	19.3739612	5.58156851	174.424016
2	15:06:15	4.31	95.120	26.130	9822.000	32.000	95.194593	19.9432673	192.518121	144.400865	6.94963810	217.176191	35	19.3739612	5.54915796	173.411186
2	15:06:30	4.56	95.190	26.130	9819.000	32.000	95.194593	19.9432673	192.518121	144.400865	6.94963810	217.176191	35	19.3739612	5.54915796	173.411186
2	15:06:45	4.81	95.790	26.060	9810.000	32.000	95.843649	20.0792445	193.830749	145.385419	6.99702214	218.656942	35	19.3739612	5.58699324	174.593539
2	15:07:00	5.06	94.920	26.150	9796.000	32.000	95.010158	19.9046281	192.145125	144.121094	6.93617347	216.755421	35	19.3739612	5.53840670	173.075209
2	15:07:15	5.31	96.180	26.020	9809.000	32.000	96.217022	20.1574660	194.585843	145.951788	7.02428002	219.508751	35	19.3739612	5.60875815	175.273692
2	15:07:30	5.56	95.210	26.120	9805.000	32.000	95.286979	19.9626220	192.704958	144.541004	6.95638265	217.386958	35	19.3739612	5.55454336	173.579480
2	15:07:45	5.81	95.750	26.070	9800.000	32.000	95.750589	20.0597484	193.642547	145.244256	6.99022833	218.444635	35	19.3739612	5.58156851	174.424016
2	15:08:00	6.06	94.830	26.160	9818.000	32.000	94.918107	19.8853435	191.958966	143.981463	6.92945338	216.545418	35	19.3739612	5.53304083	172.907526
2	15:08:15	6.31	95.620	26.080	9804.000	32.000	95.657642	20.0402760	193.454574	145.103264	6.98344277	218.232586	35	19.3739612	5.57615036	174.254699
2	15:08:30	6.56	95.030	26.140	9821.000	32.000	95.102320	19.9239360	192.331510	144.260895	6.94290171	216.965678	35	19.3739612	5.54377908	173.243096
2	15:08:45	6.81	94.690	26.180	9812.000	32.000	94.734341	19.8468444	191.587323	143.702707	6.91603756	216.126174	35	19.3739612	5.52232855	172.572767
2	15:09:00	7.06	94.550	26.200	9807.000	32.000	94.551018	19.8084382	191.216577	143.424624	6.90265415	215.707942	35	19.3739612	5.51164214	172.238817
2	15:09:15	7.31	95.840	26.060	9811.000	32.000	95.843649	20.0792445	193.830749	145.385419	6.99702214	218.656942	35	19.3739612	5.58699324	174.593539
2	15:09:30	7.56	94.850	26.160	9810.000	32.000	94.918107	19.8853435	191.958966	143.981463	6.92945338	216.545418	35	19.3739612	5.53304083	172.907526
2	15:09:45	7.81	95.360	26.110	9806.000	32.000	95.379476	19.9820002	192.892021	144.681314	6.96313538	217.597981	35	19.3739612	5.55993529	173.747978
2	15:10:00	8.06	94.360	26.220	9816.000	32.000	94.368137	19.7701248	190.846726	143.147212	6.88930306	215.290721	35	19.3739612	5.50098154	171.905673
2	15:10:15	8.31	95.370	26.110	9816.000	32.000	95.379476	19.9820002	192.892021	144.681314	6.96313538	217.597981	35	19.3739612	5.55993529	173.747978
2	15:10:30	8.56	94.740	26.170	9806.000	32.000	94.826168	19.8660823	191.773032	143.842000	6.92274141	216.335669	35	19.3739612	5.52768145	172.740045
2	15:10:45	8.81	96.960	25.940	9826.000	32.000	96.969237	20.3150551	196.107096	147.092825	7.07919514	221.224848	35	19.3739612	5.65260687	176.643965
2	15:11:00	9.06	94.810	26.170	9814.000	32.000	94.826168	19.8660823	191.773032	143.842000	6.92274141	216.335669	35	19.3739612	5.52768145	172.740045
2	15:11:15	9.31	94.050	26.250	9817.000	32.000	94.094644	19.7128279	190.293623	142.732350	6.86933680	214.666775	35	19.3739612	5.48503885	171.407464
2	15:11:30	9.56	95.430	26.100	9797.000	32.000	95.472086	20.0014019	193.079312	144.821794	6.96989630	217.809260	35	19.3739612	5.56533376	173.916680
2	15:11:45	9.81	94.380	26.210	9808.000	32.000	94.459522	19.7892699	191.031540	143.285834	6.89597457	215.499205	35	19.3739612	5.50630862	172.072144
2	15:12:00	10.06	94.990	26.150	9825.000	32.000	95.010158	19.9046281	192.145125	144.121094	6.93617347	216.755421	35	19.3739612	5.53840670	173.075209
2	15:12:15	10.31	94.550	26.200	9806.000	32.000	94.551018	19.8084382	191.216577	143.424624	6.90265415	215.707942	35	19.3739612	5.51164214	172.238817
2	15:12:30	10.56	95.190	26.130	9814.000	32.000	95.194593	19.9432673	192.518121	144.400865	6.94963810	217.176191	35	19.3739612	5.54915796	173.411186
2	15:12:45	10.81	95.170	26.130	9825.000	32.000	95.194593	19.9432673	192.518121	144.400865	6.94963810	217.176191	35	19.3739612	5.54915796	173.411186
2	15:13:00	11.06	94.720	26.180	9817.000	32.000	94.734341	19.8468444	191.587323	143.702707	6.91603756	216.126174	35	19.3739612	5.52232855	172.572767
2	15:13:15	11.31	95.110	26.130	9827.000	32.000	95.194593	19.9432673	192.518121	144.400865	6.94963810	217.176191	35	19.3739612	5.54915796	173.411186
2	15:13:30	11.56	95.100	26.140	9831.000	32.000	95.102320	19.9239360	192.331510	144.260895	6.94290171	216.965678	35	19.3739612	5.54377908	173.243096
2	15:13:45	11.81	94.420	26.210	9829.000	32.000	94.459522	19.7892699	191.031540	143.285834	6.89597457	215.499205	35	19.3739612	5.50630862	172.072144
2	15:14:00	12.06	95.080	26.140	9840.000	32.000	95.102320	19.9239360	192.331510	144.260895	6.94290171	216.965678	35	19.3739612	5.54377908	173.243096
2	15:14:15	12.31	94.530	26.200	9829.000	32.000	94.551018	19.8084382	191.216577	143.424624	6.90265415	215.707942	35	19.3739612	5.51164214	172.238817
2	15:14:30	12.56	95.010	26.140	9854.000	32.000	95.102320	19.9239360	192.331510	144.260895	6.94290171	216.965678	35	19.3739612	5.54377908	173.243096
2	15:14:45	12.81	94.020	26.250	9842.000	32.000	94.094644	19.7128279	190.293623	142.732350	6.86933680	214.666775	35	19.3739612	5.48503885	171.407464
2	15:15:00	13.06	95.450	26.100	9840.000	32.000	95.472086	20.0014019	193.079312	144.821794	6.96989630	217.809260	35	19.3739612	5.56533376	173.916680
2	15:15:15	13.31	95.030	26.140	9845.000	32.000	95.102320	19.9239360	192.331510	144.260895	6.94290171	216.965678	35	19.3739612	5.54377908	173.243096
2	15:15:30	13.56	94.070	26.250	9848.000	32.000	94.094644	19.7128279	190.293623	142.732350	6.86933680	214.666775	35	19.3739612	5.48503885	171.407464
2	15:15:45	13.81	94.280	26.220	9841.000	32.000	94.368137	19.7701248	190.846726	143.147212	6.88930306	215.290721	35	19.3739612	5.50098154	171.905673
2	15:16:00	14.06	94.840	26.160	9849.000	32.000	94.918107	19.8853435	191.958966	143.981463	6.92945338	216.545418	35	19.3739612	5.53304083	172.907526
2	15:16:15	14.31	93.880	26.270	9837.000	32.000	93.912864	19.6747451	189.925999	142.456608	6.85606606	214.252064	35	19.3739612	5.47444241	171.076325
2	15:16:30	14.56	94.590	26.190	9855.000	32.000	94.642624	19.8276297	191.401838	143.563581	6.90934181	215.916932	35	19.3739612	5.51698212	172.405691
2	15:16:45	14.81	95.160	26.130	9846.000	32.000	95.194593	19.9432673	192.518121	144.400865	6.94963810	217.176191	35	19.3739612	5.54915796	173.411186
2	15:17:00	15.06	94.010	26.250	9837.000	32.000	94.094644	19.7128279	190.293623	142.732350	6.86933680	214.666775	35	19.3739612	5.48503885	171.407464
2	15:17:15	15.31	94.460	26.200	9832.000	32.000	94.551018	19.8084382	191.216577	143.424624	6.90265415	215.707942	35	19.3739612	5.51164214	172.238817
2	15:17:30	15.56	94.820	26.170	9849.000	32.000	94.826168	19.8660823	191.773032	143.842000	6.92274141	216.335669	35	19.3739612	5.52768145	172.740045
2	15:17:45	15.81	94.900	26.160	9846.000	32.000	94.918107	19.8853435	191.958966	143.981463	6.92945338	216.545418	35	19.3739612	5.53304083	172.907526
2	15:18:00	16.06	94.840	26.160	9838.000	32.000	94.918107	19.8853435	191.958966	143.981463	6.92945338	216.545418	35	19.3739612	5.53304083	172.907526
2	15:18:15	16.31	94.800	26.170	9843.000	32.000	94.826168	19.8660823	191.773032	143.842000	6.92274141	216.335669	35	19.3739612	5.52768145	172.740045
2	15:18:30	16.56	93.940	26.260	9852.000	32.000	94.003699	19.6937750	190.109700	142.594395	6.86269743	214.459295	35	19.3739612	5.47973743	171.241795
2	15:18:45	16.81	95.370	26.110	9860.000	32.000	95.379476	19.9820002	192.892021	144.681314	6.96313538	217.597981	35	19.3739612	5.55993529	173.747978
2	15:19:00	17.06	94.670	26.180	9838.000	32.000	94.734341	19.8468444	191.587323	143.702707	6.91603756	216.126174	35	19.3739612	5.52232855	172.572767
2	15:19:15	17.31	95.650	26.080	9844.000	32.000	95.657642	20.0402760	193.454574	145.103264	6.98344277	218.232586	35	19.3739612	5.57615036	174.254699
2	15:19:30	17.56	94.530	26.200	9854.000	32.000	94.551018	19.8084382	191.216577	143.424624	6.90265415	215.707942	35	19.3739612	5.51164214	172.238817
2	15:19:45	17.81	94.600	26.190	9843.000	32.000	94.642624	19.8276297	191.401838	143.563581	6.90934181	215.916932	35	19.3739612	5.51698212	172.405691
2	15:20:00	18.06	94.890	26.160	9849.000	32.000	94.918107	19.8853435	191.958966	143.981463	6.92945338	216.545418	35	19.3739612	5.53304083	172.907526
2	15:20:15	18.31	94.590	26.190	9839.000	32.000	94.642624	19.8276297	191.401838	143.563581	6.90934181	215.916932	35	19.3739612	5.51698212	172.405691
2	15:20:30	18.56	94.610	26.190	9857.000	32.000	94.642624	19.8276297	191.401838	143.563581	6.90934181	215.916932	35	19.3739612	5.51698212	172.405691
2	15:20:45	18.81	93.660	26.290	9862.000	32.000	93.731523	19.6367540	189.559260	142.181530	6.84282730	213.838353	35	19.3739612	5.46387150	170.745984
2	15:21:00	19.06	94.600	26.190	9855.000	32.000	94.642624	19.8276297	191.401838	143.563581	6.90934181	215.916932	35	19.3739612	5.51698212	172.405691
2	15:21:15	19.31	95.320	26.110	9857.000	32.000	95.379476	19.9820002	192.892021	144.681314	6.96313538	217.597981	35	19.3739612	5.55993529	173.747978
2	15:21:30	19.56	94.980	26.150	9837.000	32.000	95.010158	19.9046281	192.145125	144.121094	6.93617347	216.755421	35	19.3739612	5.53840670	173.075209
2	15:21:45	19.81	94.660	26.180	9846.000	32.000	94.734341	19.8468444	191.587323	143.702707	6.91603756	216.126174	35	19.3739612	5.52232855	172.572767
2	15:22:00	20.06	94.420	26.210	9850.000	32.000	94.459522	19.7892699	191.031540	143.285834	6.89597457	215.499205	35	19.3739612	5.50630862	172.072144
2	15:22:15	20.31	95.490	26.090	9862.000	32.000	95.564808	20.0208272	193.266829	144.962444	6.97666543	218.020795	35	19.3739612	5.57073878	174.085587
