Chamber	Time/hh:mm:ss	Logtime/min	Oxy/% air sat.	Phase/°	Amp	Temp/°C	% air-sat.	% oxygen	pO2 (hPa)	pO2 (Torr)	cO2 [mg/L]	cO2 [µmol/L]	Salinity	chlorinity	SalCorcO2 [mg/L]	SalCorcO2 [µmol/L]
6	8:19:45	0.00	96.400	28.440	38452.000	18.000	96.445033	20.2052345	200.497837	150.386161	9.09434699	284.198343	35	19.3739612	7.38818961	230.880925
6	8:19:46	0.02	95.660	28.520	38442.000	18.000	95.739362	20.0573964	199.030831	149.285812	9.02780529	282.118915	35	19.3739612	7.33413155	229.191611
6	8:19:48	0.04	95.680	28.520	38458.000	18.000	95.739362	20.0573964	199.030831	149.285812	9.02780529	282.118915	35	19.3739612	7.33413155	229.191611
6	8:19:55	0.16	95.810	28.510	38454.000	18.000	95.827226	20.0758038	199.213488	149.422817	9.03609043	282.377826	35	19.3739612	7.34086235	229.401948
6	8:20:10	0.40	96.240	28.460	38458.000	18.000	96.268022	20.1681506	200.129852	150.110148	9.07765559	283.676737	35	19.3739612	7.37462962	230.457176
6	8:20:24	0.65	96.540	28.420	38451.000	18.000	96.622442	20.2424016	200.866649	150.662793	9.11107588	284.721121	35	19.3739612	7.40178005	231.305627
6	8:20:39	0.90	95.760	28.510	38473.000	18.000	95.827226	20.0758038	199.213488	149.422817	9.03609043	282.377826	35	19.3739612	7.34086235	229.401948
6	8:20:54	1.15	96.270	28.450	38474.000	18.000	96.356478	20.1866821	200.313741	150.248077	9.08599661	283.937394	35	19.3739612	7.38140581	230.668932
6	8:21:09	1.40	95.380	28.560	38541.000	18.000	95.388890	19.9839724	198.302240	148.739323	8.99475726	281.086164	35	19.3739612	7.30728354	228.352611
6	8:21:24	1.65	95.940	28.490	38504.000	18.000	96.003248	20.1126805	199.579418	149.697288	9.05268856	282.896518	35	19.3739612	7.35434657	229.823330
6	8:21:40	1.90	96.260	28.460	38507.000	18.000	96.268022	20.1681506	200.129852	150.110148	9.07765559	283.676737	35	19.3739612	7.37462962	230.457176
6	8:21:55	2.15	96.020	28.480	38505.000	18.000	96.091407	20.1311498	199.762690	149.834754	9.06100158	283.156299	35	19.3739612	7.36110001	230.034375
6	8:22:09	2.40	95.960	28.490	38524.000	18.000	96.003248	20.1126805	199.579418	149.697288	9.05268856	282.896518	35	19.3739612	7.35434657	229.823330
6	8:22:25	2.65	95.590	28.530	38485.000	18.000	95.651597	20.0390096	198.848377	149.148961	9.01952941	281.860294	35	19.3739612	7.32740829	228.981509
6	8:22:39	2.90	96.210	28.460	38497.000	18.000	96.268022	20.1681506	200.129852	150.110148	9.07765559	283.676737	35	19.3739612	7.37462962	230.457176
6	8:22:54	3.15	95.940	28.490	38482.000	18.000	96.003248	20.1126805	199.579418	149.697288	9.05268856	282.896518	35	19.3739612	7.35434657	229.823330
6	8:23:09	3.40	95.260	28.570	38503.000	18.000	95.301516	19.9656677	198.120601	148.603082	8.98651832	280.828697	35	19.3739612	7.30059028	228.143446
6	8:23:25	3.65	96.180	28.460	38532.000	18.000	96.268022	20.1681506	200.129852	150.110148	9.07765559	283.676737	35	19.3739612	7.37462962	230.457176
6	8:23:40	3.90	95.970	28.490	38498.000	18.000	96.003248	20.1126805	199.579418	149.697288	9.05268856	282.896518	35	19.3739612	7.35434657	229.823330
6	8:23:55	4.15	95.080	28.590	38469.000	18.000	95.127062	19.9291195	197.757930	148.331056	8.97006802	280.314626	35	19.3739612	7.28722616	227.725818
6	8:24:09	4.40	96.510	28.430	38506.000	18.000	96.533688	20.2238076	200.682140	150.524400	9.10270674	284.459586	35	19.3739612	7.39498101	231.093157
6	8:24:24	4.65	96.040	28.480	38505.000	18.000	96.091407	20.1311498	199.762690	149.834754	9.06100158	283.156299	35	19.3739612	7.36110001	230.034375
6	8:24:39	4.90	95.870	28.500	38481.000	18.000	95.915188	20.0942318	199.396351	149.559976	9.04438485	282.637026	35	19.3739612	7.34760068	229.612521
6	8:24:54	5.15	95.830	28.500	38504.000	18.000	95.915188	20.0942318	199.396351	149.559976	9.04438485	282.637026	35	19.3739612	7.34760068	229.612521
6	8:25:10	5.40	95.950	28.490	38540.000	18.000	96.003248	20.1126805	199.579418	149.697288	9.05268856	282.896518	35	19.3739612	7.35434657	229.823330
6	8:25:25	5.65	95.740	28.510	38539.000	18.000	95.827226	20.0758038	199.213488	149.422817	9.03609043	282.377826	35	19.3739612	7.34086235	229.401948
6	8:25:39	5.90	95.870	28.500	38526.000	18.000	95.915188	20.0942318	199.396351	149.559976	9.04438485	282.637026	35	19.3739612	7.34760068	229.612521
6	8:25:55	6.15	95.360	28.560	38532.000	18.000	95.388890	19.9839724	198.302240	148.739323	8.99475726	281.086164	35	19.3739612	7.30728354	228.352611
6	8:26:09	6.40	95.290	28.570	38572.000	18.000	95.301516	19.9656677	198.120601	148.603082	8.98651832	280.828697	35	19.3739612	7.30059028	228.143446
6	8:26:25	6.65	95.480	28.540	38528.000	18.000	95.563930	20.0206434	198.666128	149.012262	9.01126279	281.601962	35	19.3739612	7.32069254	228.771642
6	8:26:39	6.90	95.470	28.550	38516.000	18.000	95.476361	20.0022976	198.484082	148.875716	9.00300541	281.343919	35	19.3739612	7.31398429	228.562009
6	8:26:54	7.15	95.880	28.500	38525.000	18.000	95.915188	20.0942318	199.396351	149.559976	9.04438485	282.637026	35	19.3739612	7.34760068	229.612521
6	8:27:09	7.40	95.330	28.560	38546.000	18.000	95.388890	19.9839724	198.302240	148.739323	8.99475726	281.086164	35	19.3739612	7.30728354	228.352611
6	8:27:24	7.65	95.380	28.560	38515.000	18.000	95.388890	19.9839724	198.302240	148.739323	8.99475726	281.086164	35	19.3739612	7.30728354	228.352611
6	8:27:39	7.90	95.240	28.570	38564.000	18.000	95.301516	19.9656677	198.120601	148.603082	8.98651832	280.828697	35	19.3739612	7.30059028	228.143446
6	8:27:55	8.15	95.240	28.570	38507.000	18.000	95.301516	19.9656677	198.120601	148.603082	8.98651832	280.828697	35	19.3739612	7.30059028	228.143446
6	8:28:10	8.40	95.120	28.590	38550.000	18.000	95.127062	19.9291195	197.757930	148.331056	8.97006802	280.314626	35	19.3739612	7.28722616	227.725818
6	8:28:24	8.65	95.330	28.560	38559.000	18.000	95.388890	19.9839724	198.302240	148.739323	8.99475726	281.086164	35	19.3739612	7.30728354	228.352611
6	8:28:39	8.90	94.970	28.600	38521.000	18.000	95.039981	19.9108759	197.576899	148.195271	8.96185664	280.058020	35	19.3739612	7.28055529	227.517353
6	8:28:55	9.15	95.400	28.550	38514.000	18.000	95.476361	20.0022976	198.484082	148.875716	9.00300541	281.343919	35	19.3739612	7.31398429	228.562009
6	8:29:09	9.40	95.430	28.550	38579.000	18.000	95.476361	20.0022976	198.484082	148.875716	9.00300541	281.343919	35	19.3739612	7.31398429	228.562009
6	8:29:24	9.65	95.490	28.540	38586.000	18.000	95.563930	20.0206434	198.666128	149.012262	9.01126279	281.601962	35	19.3739612	7.32069254	228.771642
6	8:29:39	9.90	95.180	28.580	38554.000	18.000	95.214240	19.9473834	197.939164	148.466993	8.97828857	280.571518	35	19.3739612	7.29390449	227.934515
6	8:29:54	10.15	95.360	28.560	38567.000	18.000	95.388890	19.9839724	198.302240	148.739323	8.99475726	281.086164	35	19.3739612	7.30728354	228.352611
6	8:30:09	10.40	95.480	28.540	38600.000	18.000	95.563930	20.0206434	198.666128	149.012262	9.01126279	281.601962	35	19.3739612	7.32069254	228.771642
6	8:30:25	10.65	95.100	28.590	38598.000	18.000	95.127062	19.9291195	197.757930	148.331056	8.97006802	280.314626	35	19.3739612	7.28722616	227.725818
6	8:30:39	10.90	94.770	28.630	38618.000	18.000	94.779319	19.8562674	197.035015	147.788823	8.93727741	279.289919	35	19.3739612	7.26058728	226.893352
6	8:30:54	11.15	95.170	28.580	38604.000	18.000	95.214240	19.9473834	197.939164	148.466993	8.97828857	280.571518	35	19.3739612	7.29390449	227.934515
6	8:31:09	11.40	94.610	28.640	38631.000	18.000	94.692626	19.8381051	196.854789	147.653642	8.92910259	279.034456	35	19.3739612	7.25394611	226.685816
6	8:31:24	11.65	94.770	28.630	38631.000	18.000	94.779319	19.8562674	197.035015	147.788823	8.93727741	279.289919	35	19.3739612	7.26058728	226.893352
6	8:31:39	11.90	94.900	28.610	38652.000	18.000	94.952997	19.8926528	197.396069	148.059637	8.95365442	279.801701	35	19.3739612	7.27389186	227.309121
6	8:31:54	12.15	95.130	28.580	38635.000	18.000	95.214240	19.9473834	197.939164	148.466993	8.97828857	280.571518	35	19.3739612	7.29390449	227.934515
6	8:32:09	12.40	95.650	28.530	38670.000	18.000	95.651597	20.0390096	198.848377	149.148961	9.01952941	281.860294	35	19.3739612	7.32740829	228.981509
6	8:32:24	12.65	94.570	28.650	38599.000	18.000	94.606029	19.8199631	196.674764	147.518612	8.92093688	278.779278	35	19.3739612	7.24731234	226.478511
6	8:32:40	12.90	94.970	28.600	38651.000	18.000	95.039981	19.9108759	197.576899	148.195271	8.96185664	280.058020	35	19.3739612	7.28055529	227.517353
6	8:32:55	13.15	94.310	28.680	38685.000	18.000	94.346816	19.7656580	196.135892	147.114424	8.89649427	278.015446	35	19.3739612	7.22745532	225.857979
6	8:33:09	13.40	95.270	28.570	38667.000	18.000	95.301516	19.9656677	198.120601	148.603082	8.98651832	280.828697	35	19.3739612	7.30059028	228.143446
6	8:33:24	13.65	94.960	28.600	38701.000	18.000	95.039981	19.9108759	197.576899	148.195271	8.96185664	280.058020	35	19.3739612	7.28055529	227.517353
6	8:33:39	13.90	94.810	28.620	38699.000	18.000	94.866109	19.8744499	197.215441	147.924154	8.94546135	279.545667	35	19.3739612	7.26723586	227.101121
6	8:33:54	14.15	94.900	28.610	38708.000	18.000	94.952997	19.8926528	197.396069	148.059637	8.95365442	279.801701	35	19.3739612	7.27389186	227.309121
6	8:34:10	14.40	94.750	28.630	38691.000	18.000	94.779319	19.8562674	197.035015	147.788823	8.93727741	279.289919	35	19.3739612	7.26058728	226.893352
6	8:34:24	14.65	94.210	28.690	38722.000	18.000	94.260605	19.7475967	195.956668	146.979994	8.88836487	277.761402	35	19.3739612	7.22085104	225.651595
6	8:34:40	14.90	94.130	28.700	38730.000	18.000	94.174489	19.7295554	195.777643	146.845714	8.88024450	277.507641	35	19.3739612	7.21425411	225.445441
6	8:34:54	15.15	94.400	28.670	38720.000	18.000	94.433124	19.7837396	196.315316	147.249003	8.90463274	278.269773	35	19.3739612	7.23406696	226.064592
6	8:35:09	15.40	94.970	28.600	38758.000	18.000	95.039981	19.9108759	197.576899	148.195271	8.96185664	280.058020	35	19.3739612	7.28055529	227.517353
6	8:35:24	15.65	93.790	28.740	38727.000	18.000	93.830981	19.6575905	195.063531	146.310085	8.84785323	276.495413	35	19.3739612	7.18793964	224.623114
6	8:35:40	15.90	94.850	28.620	38700.000	18.000	94.866109	19.8744499	197.215441	147.924154	8.94546135	279.545667	35	19.3739612	7.26723586	227.101121
6	8:35:55	16.15	94.560	28.650	38745.000	18.000	94.606029	19.8199631	196.674764	147.518612	8.92093688	278.779278	35	19.3739612	7.24731234	226.478511
6	8:36:10	16.40	93.620	28.760	38695.000	18.000	93.659799	19.6217279	194.707664	146.043162	8.83171151	275.990985	35	19.3739612	7.17482622	224.213319
6	8:36:25	16.65	94.620	28.640	38766.000	18.000	94.692626	19.8381051	196.854789	147.653642	8.92910259	279.034456	35	19.3739612	7.25394611	226.685816
6	8:36:39	16.90	94.850	28.620	38747.000	18.000	94.866109	19.8744499	197.215441	147.924154	8.94546135	279.545667	35	19.3739612	7.26723586	227.101121
6	8:36:54	17.15	93.890	28.730	38815.000	18.000	93.916715	19.6755517	195.241761	146.443769	8.85593755	276.748048	35	19.3739612	7.19450729	224.828353
6	8:37:10	17.40	94.130	28.700	38790.000	18.000	94.174489	19.7295554	195.777643	146.845714	8.88024450	277.507641	35	19.3739612	7.21425411	225.445441
6	8:37:25	17.65	94.500	28.660	38774.000	18.000	94.519529	19.8018412	196.494940	147.383733	8.91278027	278.524383	35	19.3739612	7.24068596	226.271436
6	8:37:40	17.90	93.880	28.730	38818.000	18.000	93.916715	19.6755517	195.241761	146.443769	8.85593755	276.748048	35	19.3739612	7.19450729	224.828353
6	8:37:55	18.15	94.250	28.690	38717.000	18.000	94.260605	19.7475967	195.956668	146.979994	8.88836487	277.761402	35	19.3739612	7.22085104	225.651595
6	8:38:09	18.40	93.930	28.720	38840.000	18.000	94.002544	19.6935329	195.420190	146.577602	8.86403086	277.000964	35	19.3739612	7.20108225	225.033820
6	8:38:24	18.65	93.690	28.750	38803.000	18.000	93.745342	19.6396492	194.885499	146.176549	8.83977789	276.243059	35	19.3739612	7.18137929	224.418103
6	8:38:39	18.90	93.890	28.730	38806.000	18.000	93.916715	19.6755517	195.241761	146.443769	8.85593755	276.748048	35	19.3739612	7.19450729	224.828353
6	8:38:54	19.15	93.420	28.780	38799.000	18.000	93.488997	19.5859448	194.352587	145.776831	8.81560561	275.487675	35	19.3739612	7.16174189	223.804434
6	8:39:09	19.40	93.770	28.740	38803.000	18.000	93.830981	19.6575905	195.063531	146.310085	8.84785323	276.495413	35	19.3739612	7.18793964	224.623114
