Chamber	Time/hh:mm:ss	Logtime/min	Oxy/% air sat.	Phase/°	Amp	Temp/°C	% air-sat.	% oxygen	pO2 (hPa)	pO2 (Torr)	cO2 [mg/L]	cO2 [µmol/L]	Salinity	chlorinity	SalCorcO2 [mg/L]	SalCorcO2 [µmol/L]
9	13:54:37	0.00	93.020	26.860	31857.000	29.000	93.100180	19.5044876	189.747488	142.322714	7.14806471	223.377022	35	19.3739612	5.79120351	180.975110
9	13:54:52	0.25	93.520	26.810	31856.000	29.000	93.545007	19.5976789	190.654091	143.002723	7.18221774	224.444304	35	19.3739612	5.81887354	181.839798
9	13:55:07	0.50	92.930	26.870	31857.000	29.000	93.011529	19.4859154	189.566810	142.187194	7.14125831	223.164322	35	19.3739612	5.78568912	180.802785
9	13:55:22	0.75	92.430	26.930	31896.000	29.000	92.481823	19.3749418	188.487215	141.377428	7.10058838	221.893387	35	19.3739612	5.75273924	179.773101
9	13:55:37	1.00	92.380	26.940	31933.000	29.000	92.393902	19.3565225	188.308025	141.243024	7.09383802	221.682438	35	19.3739612	5.74727025	179.602195
9	13:55:52	1.25	92.320	26.940	31894.000	29.000	92.393902	19.3565225	188.308025	141.243024	7.09383802	221.682438	35	19.3739612	5.74727025	179.602195
9	13:56:07	1.50	92.590	26.910	31925.000	29.000	92.657975	19.4118457	188.846231	141.646713	7.11411301	222.316032	35	19.3739612	5.76369660	180.115519
9	13:56:22	1.75	92.560	26.920	31938.000	29.000	92.569847	19.3933829	188.666617	141.511991	7.10734670	222.104585	35	19.3739612	5.75821469	179.944209
9	13:56:37	2.00	92.270	26.950	31950.000	29.000	92.306086	19.3381250	188.129046	141.108778	7.08709561	221.471738	35	19.3739612	5.74180771	179.431491
9	13:56:52	2.25	91.990	26.980	31969.000	29.000	92.043256	19.2830622	187.593373	140.706990	7.06691604	220.841126	35	19.3739612	5.72545866	178.920583
9	13:57:07	2.50	91.550	27.030	31983.000	29.000	91.607266	19.1917221	186.704780	140.040488	7.03344145	219.795045	35	19.3739612	5.69833829	178.073072
9	13:57:22	2.75	92.320	26.940	31988.000	29.000	92.393902	19.3565225	188.308025	141.243024	7.09383802	221.682438	35	19.3739612	5.74727025	179.602195
9	13:57:37	3.00	92.200	26.960	32032.000	29.000	92.218373	19.3197491	187.950278	140.974691	7.08036116	221.261286	35	19.3739612	5.73635160	179.260987
9	13:57:52	3.25	91.870	26.990	32023.000	29.000	91.955853	19.2647511	187.415236	140.573375	7.06020535	220.631417	35	19.3739612	5.72002181	178.750681
9	13:58:07	3.50	92.280	26.950	32033.000	29.000	92.306086	19.3381250	188.129046	141.108778	7.08709561	221.471738	35	19.3739612	5.74180771	179.431491
9	13:58:22	3.75	91.880	26.990	32052.000	29.000	91.955853	19.2647511	187.415236	140.573375	7.06020535	220.631417	35	19.3739612	5.72002181	178.750681
9	13:58:37	4.00	92.430	26.930	32058.000	29.000	92.481823	19.3749418	188.487215	141.377428	7.10058838	221.893387	35	19.3739612	5.75273924	179.773101
9	13:58:52	4.25	91.240	27.070	32126.000	29.000	91.260314	19.1190359	185.997659	139.510103	7.00680317	218.962599	35	19.3739612	5.67675655	177.398642
9	13:59:07	4.50	91.200	27.070	32134.000	29.000	91.260314	19.1190359	185.997659	139.510103	7.00680317	218.962599	35	19.3739612	5.67675655	177.398642
9	13:59:22	4.75	91.310	27.060	32130.000	29.000	91.346899	19.1371754	186.174128	139.642465	7.01345101	219.170344	35	19.3739612	5.68214248	177.566952
9	13:59:37	5.00	91.640	27.020	32146.000	29.000	91.694259	19.2099472	186.882080	140.173475	7.04012062	220.003769	35	19.3739612	5.70374961	178.242175
9	13:59:52	5.25	91.770	27.010	32169.000	29.000	91.781354	19.2281937	187.059590	140.306618	7.04680765	220.212739	35	19.3739612	5.70916729	178.411478
9	14:00:07	5.50	90.960	27.100	32177.000	29.000	91.001169	19.0647449	185.469495	139.113946	6.98690645	218.340827	35	19.3739612	5.66063667	176.894896
9	14:00:22	5.75	91.280	27.060	32178.000	29.000	91.346899	19.1371754	186.174128	139.642465	7.01345101	219.170344	35	19.3739612	5.68214248	177.566952
9	14:00:37	6.00	90.640	27.140	32192.000	29.000	90.657058	18.9926536	184.768162	138.587901	6.96048621	217.515194	35	19.3739612	5.63923157	176.225987
9	14:00:52	6.25	90.600	27.140	32202.000	29.000	90.657058	18.9926536	184.768162	138.587901	6.96048621	217.515194	35	19.3739612	5.63923157	176.225987
9	14:01:07	6.50	90.510	27.150	32232.000	29.000	90.571282	18.9746835	184.593342	138.456775	6.95390048	217.309390	35	19.3739612	5.63389596	176.059249
9	14:01:22	6.75	91.150	27.080	32240.000	29.000	91.173831	19.1009176	185.821398	139.377895	7.00016314	218.755098	35	19.3739612	5.67137695	177.230530
9	14:01:37	7.00	90.570	27.150	32238.000	29.000	90.571282	18.9746835	184.593342	138.456775	6.95390048	217.309390	35	19.3739612	5.63389596	176.059249
9	14:01:52	7.25	89.840	27.230	32348.000	29.000	89.888677	18.8316779	183.202125	137.413274	6.90149134	215.671605	35	19.3739612	5.59143524	174.732351
9	14:02:07	7.50	89.840	27.230	32380.000	29.000	89.888677	18.8316779	183.202125	137.413274	6.90149134	215.671605	35	19.3739612	5.59143524	174.732351
9	14:02:22	7.75	90.430	27.160	32410.000	29.000	90.485606	18.9567345	184.418726	138.325802	6.94732247	217.103827	35	19.3739612	5.62856660	175.892706
9	14:02:37	8.00	90.740	27.130	32385.000	29.000	90.742934	19.0106447	184.943187	138.719181	6.96707965	217.721239	35	19.3739612	5.64457344	176.392920
9	14:02:52	8.25	90.180	27.190	32388.000	29.000	90.229181	18.9030134	183.896106	137.933804	6.92763459	216.488581	35	19.3739612	5.61261592	175.394247
9	14:03:07	8.50	90.360	27.170	32391.000	29.000	90.400031	18.9388065	184.244315	138.194983	6.94075216	216.898505	35	19.3739612	5.62324348	175.726359
9	14:03:22	8.75	89.290	27.300	32377.000	29.000	89.296612	18.7076402	181.995437	136.508181	6.85603361	214.251050	35	19.3739612	5.55460639	173.581450
9	14:03:37	9.00	90.110	27.200	32393.000	29.000	90.143906	18.8851482	183.722306	137.803443	6.92108731	216.283978	35	19.3739612	5.60731146	175.228483
9	14:03:52	9.25	89.600	27.260	32381.000	29.000	89.634343	18.7783948	182.683765	137.024471	6.88196396	215.061374	35	19.3739612	5.57561459	174.237956
9	14:04:07	9.50	90.190	27.190	32395.000	29.000	90.229181	18.9030134	183.896106	137.933804	6.92763459	216.488581	35	19.3739612	5.61261592	175.394247
9	14:04:22	9.75	89.940	27.220	32442.000	29.000	89.973654	18.8494805	183.375316	137.543178	6.90801570	215.875491	35	19.3739612	5.59672113	174.897535
9	14:04:37	10.00	89.510	27.270	32451.000	29.000	89.549762	18.7606751	182.511382	136.895172	6.87547002	214.858438	35	19.3739612	5.57035335	174.073542
9	14:04:52	10.25	89.760	27.240	32459.000	29.000	89.803800	18.8138961	183.029137	137.283522	6.89497461	215.467957	35	19.3739612	5.58615553	174.567360
9	14:05:07	10.50	90.060	27.200	32457.000	29.000	90.143906	18.8851482	183.722306	137.803443	6.92108731	216.283978	35	19.3739612	5.60731146	175.228483
9	14:05:22	10.75	89.900	27.220	32491.000	29.000	89.973654	18.8494805	183.375316	137.543178	6.90801570	215.875491	35	19.3739612	5.59672113	174.897535
9	14:05:37	11.00	89.420	27.280	32532.000	29.000	89.465280	18.7429762	182.339199	136.766025	6.86898366	214.655739	35	19.3739612	5.56509824	173.909320
9	14:05:52	11.25	89.500	27.270	32472.000	29.000	89.549762	18.7606751	182.511382	136.895172	6.87547002	214.858438	35	19.3739612	5.57035335	174.073542
9	14:06:07	11.50	89.470	27.270	32500.000	29.000	89.549762	18.7606751	182.511382	136.895172	6.87547002	214.858438	35	19.3739612	5.57035335	174.073542
9	14:06:22	11.75	89.540	27.270	32527.000	29.000	89.549762	18.7606751	182.511382	136.895172	6.87547002	214.858438	35	19.3739612	5.57035335	174.073542
9	14:06:37	12.00	89.450	27.280	32513.000	29.000	89.465280	18.7429762	182.339199	136.766025	6.86898366	214.655739	35	19.3739612	5.56509824	173.909320
9	14:06:52	12.25	89.380	27.290	32520.000	29.000	89.380897	18.7252979	182.167218	136.637027	6.86250486	214.453277	35	19.3739612	5.55984926	173.745289
9	14:07:07	12.50	89.170	27.310	32556.000	29.000	89.212425	18.6900031	181.823855	136.379484	6.84956990	214.049059	35	19.3739612	5.54936964	173.417801
9	14:07:22	12.75	89.280	27.300	32562.000	29.000	89.296612	18.7076402	181.995437	136.508181	6.85603361	214.251050	35	19.3739612	5.55460639	173.581450
9	14:07:37	13.00	88.620	27.380	32587.000	29.000	88.625856	18.5671168	180.628368	135.482792	6.80453416	212.641692	35	19.3739612	5.51288268	172.277584
9	14:07:52	13.25	89.330	27.290	32612.000	29.000	89.380897	18.7252979	182.167218	136.637027	6.86250486	214.453277	35	19.3739612	5.55984926	173.745289
9	14:08:07	13.50	88.780	27.360	32620.000	29.000	88.792960	18.6021250	180.968943	135.738245	6.81736409	213.042628	35	19.3739612	5.52327720	172.602413
9	14:08:22	13.75	88.520	27.390	32634.000	29.000	88.542450	18.5496432	180.458378	135.355289	6.79813038	212.441574	35	19.3739612	5.50769448	172.115452
9	14:08:37	14.00	88.890	27.340	32632.000	29.000	88.960453	18.6372148	181.310311	135.994292	6.83022391	213.444497	35	19.3739612	5.53369595	172.927998
9	14:08:52	14.25	89.270	27.300	32641.000	29.000	89.296612	18.7076402	181.995437	136.508181	6.85603361	214.251050	35	19.3739612	5.55460639	173.581450
9	14:09:07	14.50	89.110	27.320	32603.000	29.000	89.128336	18.6723865	181.652474	136.250937	6.84311372	213.847304	35	19.3739612	5.54413899	173.254343
9	14:09:22	14.75	88.500	27.390	32632.000	29.000	88.542450	18.5496432	180.458378	135.355289	6.79813038	212.441574	35	19.3739612	5.50769448	172.115452
9	14:09:37	15.00	88.750	27.360	32689.000	29.000	88.792960	18.6021250	180.968943	135.738245	6.81736409	213.042628	35	19.3739612	5.52327720	172.602413
9	14:09:52	15.25	88.580	27.380	32688.000	29.000	88.625856	18.5671168	180.628368	135.482792	6.80453416	212.641692	35	19.3739612	5.51288268	172.277584
9	14:10:07	15.50	89.060	27.320	32685.000	29.000	89.128336	18.6723865	181.652474	136.250937	6.84311372	213.847304	35	19.3739612	5.54413899	173.254343
9	14:10:22	15.75	88.440	27.400	32709.000	29.000	88.459140	18.5321899	180.288585	135.227933	6.79173404	212.241689	35	19.3739612	5.50251231	171.953510
9	14:10:37	16.00	88.560	27.380	32709.000	29.000	88.625856	18.5671168	180.628368	135.482792	6.80453416	212.641692	35	19.3739612	5.51288268	172.277584
9	14:10:52	16.25	87.920	27.460	32736.000	29.000	87.961311	18.4278947	179.273960	134.466900	6.75351163	211.047239	35	19.3739612	5.47154536	170.985793
9	14:11:07	16.50	88.270	27.420	32727.000	29.000	88.292812	18.4973441	179.949591	134.973666	6.77896364	211.842614	35	19.3739612	5.49216601	171.630188
9	14:11:22	16.75	88.020	27.450	32772.000	29.000	88.044042	18.4452268	179.442574	134.593371	6.75986356	211.245736	35	19.3739612	5.47669155	171.146611
9	14:11:37	17.00	87.980	27.450	32737.000	29.000	88.044042	18.4452268	179.442574	134.593371	6.75986356	211.245736	35	19.3739612	5.47669155	171.146611
9	14:11:52	17.25	88.390	27.400	32775.000	29.000	88.459140	18.5321899	180.288585	135.227933	6.79173404	212.241689	35	19.3739612	5.50251231	171.953510
9	14:12:07	17.50	88.370	27.410	32779.000	29.000	88.375928	18.5147568	180.118990	135.100726	6.78534513	212.042035	35	19.3739612	5.49733615	171.791755
9	14:12:22	17.75	87.900	27.460	32797.000	29.000	87.961311	18.4278947	179.273960	134.466900	6.75351163	211.047239	35	19.3739612	5.47154536	170.985793
9	14:12:37	18.00	87.550	27.500	32801.000	29.000	87.631346	18.3587669	178.601457	133.962480	6.72817745	210.255545	35	19.3739612	5.45102017	170.344380
9	14:12:52	18.25	88.140	27.430	32794.000	29.000	88.209792	18.4799515	179.780389	134.846754	6.77258955	211.643423	35	19.3739612	5.48700187	171.468808
9	14:13:07	18.50	88.240	27.420	32790.000	29.000	88.292812	18.4973441	179.949591	134.973666	6.77896364	211.842614	35	19.3739612	5.49216601	171.630188
9	14:13:22	18.75	87.630	27.490	32865.000	29.000	87.713694	18.3760188	178.769291	134.088366	6.73449999	210.453125	35	19.3739612	5.45614255	170.504455
9	14:13:37	19.00	88.160	27.430	32853.000	29.000	88.209792	18.4799515	179.780389	134.846754	6.77258955	211.643423	35	19.3739612	5.48700187	171.468808
9	14:13:52	19.25	87.390	27.520	32877.000	29.000	87.466935	18.3243229	178.266372	133.711145	6.71555433	209.861073	35	19.3739612	5.44079319	170.024787
9	14:14:07	19.50	87.380	27.530	32844.000	29.000	87.384873	18.3071309	178.099121	133.585695	6.70925372	209.664179	35	19.3739612	5.43568858	169.865268
9	14:14:22	19.75	87.730	27.480	32853.000	29.000	87.796137	18.3932907	178.937319	134.214397	6.74082986	210.650933	35	19.3739612	5.46127087	170.664715
9	14:14:37	20.00	87.600	27.500	32928.000	29.000	87.631346	18.3587669	178.601457	133.962480	6.72817745	210.255545	35	19.3739612	5.45102017	170.344380
9	14:14:52	20.25	87.180	27.550	32941.000	29.000	87.221032	18.2728063	177.765198	133.335232	6.69667435	209.271073	35	19.3739612	5.42549705	169.546783
9	14:15:07	20.50	87.060	27.560	32918.000	29.000	87.139254	18.2556738	177.598526	133.210217	6.69039557	209.074862	35	19.3739612	5.42041013	169.387816
