Chamber	Time/hh:mm:ss	Logtime/min	Oxy/% air sat.	Phase/°	Amp	Temp/°C	% air-sat.	% oxygen	pO2 (hPa)	pO2 (Torr)	cO2 [mg/L]	cO2 [µmol/L]	Salinity	chlorinity	SalCorcO2 [mg/L]	SalCorcO2 [µmol/L]
7	8:19:46	0.00	93.070	28.820	33843.000	18.000	93.148527	19.5146165	193.644791	145.245939	8.78350084	274.484401	35	19.3739612	7.13566017	222.989380
7	8:19:48	0.04	93.540	28.770	33831.000	18.000	93.574350	19.6038264	194.530027	145.909922	8.82365409	275.739190	35	19.3739612	7.16828042	224.008763
7	8:19:50	0.06	93.240	28.800	33828.000	18.000	93.318573	19.5502411	193.998296	145.511091	8.79953542	274.985482	35	19.3739612	7.14868656	223.396455
7	8:19:57	0.18	93.550	28.770	33798.000	18.000	93.574350	19.6038264	194.530027	145.909922	8.82365409	275.739190	35	19.3739612	7.16828042	224.008763
7	8:20:11	0.42	93.140	28.820	33843.000	18.000	93.148527	19.5146165	193.644791	145.245939	8.78350084	274.484401	35	19.3739612	7.13566017	222.989380
7	8:20:26	0.67	93.420	28.780	33818.000	18.000	93.488997	19.5859448	194.352587	145.776831	8.81560561	275.487675	35	19.3739612	7.16174189	223.804434
7	8:20:41	0.92	93.600	28.760	33790.000	18.000	93.659799	19.6217279	194.707664	146.043162	8.83171151	275.990985	35	19.3739612	7.17482622	224.213319
7	8:20:56	1.17	93.500	28.770	33794.000	18.000	93.574350	19.6038264	194.530027	145.909922	8.82365409	275.739190	35	19.3739612	7.16828042	224.008763
7	8:21:11	1.42	93.350	28.790	33773.000	18.000	93.403738	19.5680831	194.175343	145.643887	8.80756606	275.236439	35	19.3739612	7.15521060	223.600331
7	8:21:26	1.67	93.580	28.760	33774.000	18.000	93.659799	19.6217279	194.707664	146.043162	8.83171151	275.990985	35	19.3739612	7.17482622	224.213319
7	8:21:41	1.92	93.290	28.800	33804.000	18.000	93.318573	19.5502411	193.998296	145.511091	8.79953542	274.985482	35	19.3739612	7.14868656	223.396455
7	8:21:56	2.17	93.250	28.800	33800.000	18.000	93.318573	19.5502411	193.998296	145.511091	8.79953542	274.985482	35	19.3739612	7.14868656	223.396455
7	8:22:11	2.42	93.290	28.800	33747.000	18.000	93.318573	19.5502411	193.998296	145.511091	8.79953542	274.985482	35	19.3739612	7.14868656	223.396455
7	8:22:26	2.67	92.980	28.830	33736.000	18.000	93.063646	19.4968338	193.468332	145.113584	8.77549687	274.234277	35	19.3739612	7.12915780	222.786181
7	8:22:41	2.92	93.340	28.790	33756.000	18.000	93.403738	19.5680831	194.175343	145.643887	8.80756606	275.236439	35	19.3739612	7.15521060	223.600331
7	8:22:56	3.17	92.870	28.850	33781.000	18.000	92.894164	19.4613274	193.116000	144.849312	8.75951550	273.734860	35	19.3739612	7.11617464	222.380458
7	8:23:11	3.42	93.280	28.800	33779.000	18.000	93.318573	19.5502411	193.998296	145.511091	8.79953542	274.985482	35	19.3739612	7.14868656	223.396455
7	8:23:26	3.67	93.070	28.820	33766.000	18.000	93.148527	19.5146165	193.644791	145.245939	8.78350084	274.484401	35	19.3739612	7.13566017	222.989380
7	8:23:41	3.92	93.010	28.830	33766.000	18.000	93.063646	19.4968338	193.468332	145.113584	8.77549687	274.234277	35	19.3739612	7.12915780	222.786181
7	8:23:56	4.17	92.850	28.850	33756.000	18.000	92.894164	19.4613274	193.116000	144.849312	8.75951550	273.734860	35	19.3739612	7.11617464	222.380458
7	8:24:11	4.42	92.640	28.880	33763.000	18.000	92.640645	19.4082151	192.588963	144.454001	8.73560972	272.987804	35	19.3739612	7.09675374	221.773554
7	8:24:26	4.67	92.620	28.880	33736.000	18.000	92.640645	19.4082151	192.588963	144.454001	8.73560972	272.987804	35	19.3739612	7.09675374	221.773554
7	8:24:41	4.92	92.860	28.850	33762.000	18.000	92.894164	19.4613274	193.116000	144.849312	8.75951550	273.734860	35	19.3739612	7.11617464	222.380458
7	8:24:56	5.17	93.250	28.800	33744.000	18.000	93.318573	19.5502411	193.998296	145.511091	8.79953542	274.985482	35	19.3739612	7.14868656	223.396455
7	8:25:11	5.42	92.730	28.860	33755.000	18.000	92.809564	19.4436037	192.940127	144.717396	8.75153809	273.485565	35	19.3739612	7.10969384	222.177932
7	8:25:26	5.67	92.540	28.890	33742.000	18.000	92.556325	19.3905502	192.413673	144.322522	8.72765875	272.739336	35	19.3739612	7.09029441	221.571700
7	8:25:41	5.92	92.860	28.850	33760.000	18.000	92.894164	19.4613274	193.116000	144.849312	8.75951550	273.734860	35	19.3739612	7.11617464	222.380458
7	8:25:56	6.17	92.810	28.850	33748.000	18.000	92.894164	19.4613274	193.116000	144.849312	8.75951550	273.734860	35	19.3739612	7.11617464	222.380458
7	8:26:11	6.42	92.700	28.870	33753.000	18.000	92.725058	19.4258996	192.764448	144.585626	8.74356950	273.236547	35	19.3739612	7.10322021	221.975631
7	8:26:26	6.67	92.270	28.920	33754.000	18.000	92.303925	19.3376723	191.888962	143.928956	8.70385850	271.995578	35	19.3739612	7.07095925	220.967476
7	8:26:41	6.92	92.750	28.860	33756.000	18.000	92.809564	19.4436037	192.940127	144.717396	8.75153809	273.485565	35	19.3739612	7.10969384	222.177932
7	8:26:56	7.17	92.860	28.850	33778.000	18.000	92.894164	19.4613274	193.116000	144.849312	8.75951550	273.734860	35	19.3739612	7.11617464	222.380458
7	8:27:11	7.42	92.590	28.880	33747.000	18.000	92.640645	19.4082151	192.588963	144.454001	8.73560972	272.987804	35	19.3739612	7.09675374	221.773554
7	8:27:26	7.67	92.360	28.910	33766.000	18.000	92.387965	19.3552788	192.063672	144.059999	8.71178315	272.243223	35	19.3739612	7.07739718	221.168662
7	8:27:41	7.92	92.380	28.910	33778.000	18.000	92.387965	19.3552788	192.063672	144.059999	8.71178315	272.243223	35	19.3739612	7.07739718	221.168662
7	8:27:56	8.17	92.480	28.890	33778.000	18.000	92.556325	19.3905502	192.413673	144.322522	8.72765875	272.739336	35	19.3739612	7.09029441	221.571700
7	8:28:11	8.42	92.600	28.880	33772.000	18.000	92.640645	19.4082151	192.588963	144.454001	8.73560972	272.987804	35	19.3739612	7.09675374	221.773554
7	8:28:26	8.67	92.430	28.900	33786.000	18.000	92.472099	19.3729047	192.238576	144.191188	8.71971656	272.491143	35	19.3739612	7.08384223	221.370070
7	8:28:41	8.92	92.540	28.890	33755.000	18.000	92.556325	19.3905502	192.413673	144.322522	8.72765875	272.739336	35	19.3739612	7.09029441	221.571700
7	8:28:56	9.17	92.400	28.900	33776.000	18.000	92.472099	19.3729047	192.238576	144.191188	8.71971656	272.491143	35	19.3739612	7.08384223	221.370070
7	8:29:11	9.42	92.280	28.920	33766.000	18.000	92.303925	19.3376723	191.888962	143.928956	8.70385850	271.995578	35	19.3739612	7.07095925	220.967476
7	8:29:26	9.67	92.500	28.890	33760.000	18.000	92.556325	19.3905502	192.413673	144.322522	8.72765875	272.739336	35	19.3739612	7.09029441	221.571700
7	8:29:41	9.92	92.140	28.930	33787.000	18.000	92.219977	19.3200853	191.714445	143.798057	8.69594261	271.748206	35	19.3739612	7.06452842	220.766513
7	8:29:56	10.17	92.120	28.940	33788.000	18.000	92.136122	19.3025177	191.540120	143.667302	8.68803545	271.501108	35	19.3739612	7.05810470	220.565772
7	8:30:11	10.42	92.060	28.940	33778.000	18.000	92.136122	19.3025177	191.540120	143.667302	8.68803545	271.501108	35	19.3739612	7.05810470	220.565772
7	8:30:26	10.67	91.660	28.990	33759.000	18.000	91.718233	19.2149698	190.671378	143.015690	8.64863030	270.269697	35	19.3739612	7.02609221	219.565381
7	8:30:41	10.92	91.870	28.970	33777.000	18.000	91.885112	19.2499310	191.018300	143.275903	8.66436628	270.761446	35	19.3739612	7.03887602	219.964875
7	8:30:56	11.17	92.220	28.930	33803.000	18.000	92.219977	19.3200853	191.714445	143.798057	8.69594261	271.748206	35	19.3739612	7.06452842	220.766513
7	8:31:11	11.42	92.050	28.950	33770.000	18.000	92.052360	19.2849694	191.365988	143.536692	8.68013702	271.254282	35	19.3739612	7.05168806	220.365252
7	8:31:26	11.67	92.040	28.950	33796.000	18.000	92.052360	19.2849694	191.365988	143.536692	8.68013702	271.254282	35	19.3739612	7.05168806	220.365252
7	8:31:41	11.92	91.780	28.980	33813.000	18.000	91.801627	19.2324408	190.844743	143.145725	8.65649395	270.515436	35	19.3739612	7.03248059	219.765018
7	8:31:56	12.17	91.950	28.960	33763.000	18.000	91.968690	19.2674406	191.192048	143.406226	8.67224730	271.007728	35	19.3739612	7.04527850	220.164953
7	8:32:11	12.42	91.790	28.980	33788.000	18.000	91.801627	19.2324408	190.844743	143.145725	8.65649395	270.515436	35	19.3739612	7.03248059	219.765018
7	8:32:26	12.67	91.860	28.970	33796.000	18.000	91.885112	19.2499310	191.018300	143.275903	8.66436628	270.761446	35	19.3739612	7.03887602	219.964875
7	8:32:41	12.92	92.030	28.950	33807.000	18.000	92.052360	19.2849694	191.365988	143.536692	8.68013702	271.254282	35	19.3739612	7.05168806	220.365252
7	8:32:56	13.17	91.920	28.960	33776.000	18.000	91.968690	19.2674406	191.192048	143.406226	8.67224730	271.007728	35	19.3739612	7.04527850	220.164953
7	8:33:11	13.42	91.470	29.010	33811.000	18.000	91.551721	19.1800856	190.325220	142.756049	8.63292897	269.779030	35	19.3739612	7.01333655	219.166767
7	8:33:26	13.67	91.510	29.010	33799.000	18.000	91.551721	19.1800856	190.325220	142.756049	8.63292897	269.779030	35	19.3739612	7.01333655	219.166767
7	8:33:41	13.92	91.780	28.980	33790.000	18.000	91.801627	19.2324408	190.844743	143.145725	8.65649395	270.515436	35	19.3739612	7.03248059	219.765018
7	8:33:56	14.18	91.460	29.020	33803.000	18.000	91.468603	19.1626723	190.152427	142.626443	8.62509128	269.534102	35	19.3739612	7.00696925	218.967789
7	8:34:11	14.42	91.560	29.000	33826.000	18.000	91.634931	19.1975181	190.498203	142.885798	8.64077531	270.024228	35	19.3739612	7.01971086	219.365964
7	8:34:26	14.67	91.610	29.000	33802.000	18.000	91.634931	19.1975181	190.498203	142.885798	8.64077531	270.024228	35	19.3739612	7.01971086	219.365964
7	8:34:41	14.92	91.550	29.010	33826.000	18.000	91.551721	19.1800856	190.325220	142.756049	8.63292897	269.779030	35	19.3739612	7.01333655	219.166767
7	8:34:56	15.17	91.560	29.000	33817.000	18.000	91.634931	19.1975181	190.498203	142.885798	8.64077531	270.024228	35	19.3739612	7.01971086	219.365964
7	8:35:11	15.42	91.460	29.020	33812.000	18.000	91.468603	19.1626723	190.152427	142.626443	8.62509128	269.534102	35	19.3739612	7.00696925	218.967789
7	8:35:26	15.67	91.160	29.050	33790.000	18.000	91.219797	19.1105474	189.635187	142.238481	8.60162990	268.800934	35	19.3739612	6.98790938	218.372168
7	8:35:41	15.92	91.700	28.990	33844.000	18.000	91.718233	19.2149698	190.671378	143.015690	8.64863030	270.269697	35	19.3739612	7.02609221	219.565381
7	8:35:56	16.17	91.140	29.050	33832.000	18.000	91.219797	19.1105474	189.635187	142.238481	8.60162990	268.800934	35	19.3739612	6.98790938	218.372168
7	8:36:11	16.42	91.370	29.030	33825.000	18.000	91.385576	19.1452782	189.979824	142.496980	8.61726221	269.289444	35	19.3739612	7.00060897	218.769030
7	8:36:26	16.67	91.650	28.990	33842.000	18.000	91.718233	19.2149698	190.671378	143.015690	8.64863030	270.269697	35	19.3739612	7.02609221	219.565381
7	8:36:41	16.92	91.550	29.010	33837.000	18.000	91.551721	19.1800856	190.325220	142.756049	8.63292897	269.779030	35	19.3739612	7.01333655	219.166767
7	8:36:56	17.17	91.170	29.050	33859.000	18.000	91.219797	19.1105474	189.635187	142.238481	8.60162990	268.800934	35	19.3739612	6.98790938	218.372168
7	8:37:11	17.42	90.880	29.090	33847.000	18.000	90.889329	19.0413145	188.948185	141.723185	8.57046827	267.827133	35	19.3739612	6.96259387	217.581058
7	8:37:26	17.67	91.040	29.070	33839.000	18.000	91.054381	19.0758929	189.291308	141.980549	8.58603195	268.313499	35	19.3739612	6.97523771	217.976178
7	8:37:41	17.92	91.170	29.050	33855.000	18.000	91.219797	19.1105474	189.635187	142.238481	8.60162990	268.800934	35	19.3739612	6.98790938	218.372168
7	8:37:56	18.17	90.730	29.100	33866.000	18.000	90.806939	19.0240538	188.776905	141.594715	8.56269925	267.584351	35	19.3739612	6.95628237	217.383824
7	8:38:11	18.42	90.870	29.090	33845.000	18.000	90.889329	19.0413145	188.948185	141.723185	8.57046827	267.827133	35	19.3739612	6.96259387	217.581058
7	8:38:26	18.67	90.960	29.080	33853.000	18.000	90.971810	19.0585942	189.119652	141.851796	8.57824583	268.070182	35	19.3739612	6.96891231	217.778510
7	8:38:41	18.92	90.820	29.090	33864.000	18.000	90.889329	19.0413145	188.948185	141.723185	8.57046827	267.827133	35	19.3739612	6.96259387	217.581058
7	8:38:56	19.17	91.070	29.060	33878.000	18.000	91.137043	19.0932106	189.463153	142.109444	8.59382664	268.557082	35	19.3739612	6.98157006	218.174064
7	8:39:11	19.42	91.010	29.070	33850.000	18.000	91.054381	19.0758929	189.291308	141.980549	8.58603195	268.313499	35	19.3739612	6.97523771	217.976178
