Chamber	Time/hh:mm:ss	Logtime/min	Oxy/% air sat.	Phase/°	Amp	Temp/°C	% air-sat.	% oxygen	pO2 (hPa)	pO2 (Torr)	cO2 [mg/L]	cO2 [µmol/L]	Salinity	chlorinity	SalCorcO2 [mg/L]	SalCorcO2 [µmol/L]
8	14:07:13	0.00	93.780	26.780	25783.000	29.000	93.813170	19.6538591	191.200634	143.412666	7.20280683	225.087713	35	19.3739612	5.83555437	182.361074
8	14:07:27	0.22	93.950	26.760	25819.000	29.000	93.992476	19.6914237	191.566078	143.686772	7.21657362	225.517926	35	19.3739612	5.84670792	182.709622
8	14:07:42	0.47	93.750	26.780	25823.000	29.000	93.813170	19.6538591	191.200634	143.412666	7.20280683	225.087713	35	19.3739612	5.83555437	182.361074
8	14:07:57	0.72	94.010	26.750	25844.000	29.000	94.082289	19.7102395	191.749125	143.824069	7.22346928	225.733415	35	19.3739612	5.85229462	182.884207
8	14:08:12	0.97	93.360	26.830	25804.000	29.000	93.366760	19.5603362	190.290806	142.730236	7.16853227	224.016633	35	19.3739612	5.80778588	181.493309
8	14:08:27	1.22	93.500	26.810	25841.000	29.000	93.545007	19.5976789	190.654091	143.002723	7.18221774	224.444304	35	19.3739612	5.81887354	181.839798
8	14:08:42	1.47	93.270	26.840	25876.000	29.000	93.277795	19.5416980	190.109486	142.594235	7.16170167	223.803177	35	19.3739612	5.80225188	181.320371
8	14:08:57	1.72	92.550	26.920	25900.000	29.000	92.569847	19.3933829	188.666617	141.511991	7.10734670	222.104585	35	19.3739612	5.75821469	179.944209
8	14:09:12	1.97	92.870	26.880	25889.000	29.000	92.922984	19.4673651	189.386346	142.051834	7.13445995	222.951874	35	19.3739612	5.78018124	180.630664
8	14:09:27	2.22	92.700	26.900	25869.000	29.000	92.746207	19.4303303	189.026056	141.781594	7.12088732	222.527729	35	19.3739612	5.76918499	180.287031
8	14:09:42	2.47	92.700	26.900	25907.000	29.000	92.746207	19.4303303	189.026056	141.781594	7.12088732	222.527729	35	19.3739612	5.76918499	180.287031
8	14:09:57	2.72	92.940	26.870	25961.000	29.000	93.011529	19.4859154	189.566810	142.187194	7.14125831	223.164322	35	19.3739612	5.78568912	180.802785
8	14:10:12	2.97	91.870	26.990	25950.000	29.000	91.955853	19.2647511	187.415236	140.573375	7.06020535	220.631417	35	19.3739612	5.72002181	178.750681
8	14:10:27	3.22	93.020	26.860	25939.000	29.000	93.100180	19.5044876	189.747488	142.322714	7.14806471	223.377022	35	19.3739612	5.79120351	180.975110
8	14:10:42	3.47	92.160	26.960	25948.000	29.000	92.218373	19.3197491	187.950278	140.974691	7.08036116	221.261286	35	19.3739612	5.73635160	179.260987
8	14:10:57	3.72	92.270	26.950	25955.000	29.000	92.306086	19.3381250	188.129046	141.108778	7.08709561	221.471738	35	19.3739612	5.74180771	179.431491
8	14:11:12	3.97	92.050	26.970	25946.000	29.000	92.130763	19.3013948	187.771720	140.840761	7.07363464	221.051082	35	19.3739612	5.73090192	179.090685
8	14:11:27	4.22	92.040	26.980	25962.000	29.000	92.043256	19.2830622	187.593373	140.706990	7.06691604	220.841126	35	19.3739612	5.72545866	178.920583
8	14:11:42	4.47	91.420	27.050	25981.000	29.000	91.433586	19.1553363	186.350804	139.774984	7.02010666	219.378333	35	19.3739612	5.68753474	177.735461
8	14:11:57	4.72	91.790	27.000	26011.000	29.000	91.868552	19.2464616	187.237308	140.439918	7.05350255	220.421955	35	19.3739612	5.71459135	178.580980
8	14:12:12	4.97	91.930	26.990	25991.000	29.000	91.955853	19.2647511	187.415236	140.573375	7.06020535	220.631417	35	19.3739612	5.72002181	178.750681
8	14:12:27	5.22	91.420	27.050	26044.000	29.000	91.433586	19.1553363	186.350804	139.774984	7.02010666	219.378333	35	19.3739612	5.68753474	177.735461
8	14:12:42	5.47	92.140	26.960	26045.000	29.000	92.218373	19.3197491	187.950278	140.974691	7.08036116	221.261286	35	19.3739612	5.73635160	179.260987
8	14:12:57	5.72	91.840	27.000	26059.000	29.000	91.868552	19.2464616	187.237308	140.439918	7.05350255	220.421955	35	19.3739612	5.71459135	178.580980
8	14:13:12	5.97	91.390	27.050	26069.000	29.000	91.433586	19.1553363	186.350804	139.774984	7.02010666	219.378333	35	19.3739612	5.68753474	177.735461
8	14:13:27	6.22	91.520	27.030	26088.000	29.000	91.607266	19.1917221	186.704780	140.040488	7.03344145	219.795045	35	19.3739612	5.69833829	178.073072
8	14:13:42	6.47	91.670	27.020	26081.000	29.000	91.694259	19.2099472	186.882080	140.173475	7.04012062	220.003769	35	19.3739612	5.70374961	178.242175
8	14:13:57	6.72	91.570	27.030	26091.000	29.000	91.607266	19.1917221	186.704780	140.040488	7.03344145	219.795045	35	19.3739612	5.69833829	178.073072
8	14:14:12	6.97	90.860	27.110	26147.000	29.000	90.914990	19.0466904	185.293853	138.982203	6.98028976	218.134055	35	19.3739612	5.65527597	176.727374
8	14:14:27	7.22	91.300	27.060	26136.000	29.000	91.346899	19.1371754	186.174128	139.642465	7.01345101	219.170344	35	19.3739612	5.68214248	177.566952
8	14:14:42	7.47	91.250	27.070	26177.000	29.000	91.260314	19.1190359	185.997659	139.510103	7.00680317	218.962599	35	19.3739612	5.67675655	177.398642
8	14:14:57	7.72	91.160	27.080	26125.000	29.000	91.173831	19.1009176	185.821398	139.377895	7.00016314	218.755098	35	19.3739612	5.67137695	177.230530
8	14:15:12	7.97	91.510	27.040	26181.000	29.000	91.520375	19.1735185	186.527688	139.907658	7.02677013	219.586567	35	19.3739612	5.69293334	177.904167
8	14:15:27	8.22	91.390	27.050	26182.000	29.000	91.433586	19.1553363	186.350804	139.774984	7.02010666	219.378333	35	19.3739612	5.68753474	177.735461
8	14:15:42	8.47	90.870	27.110	26223.000	29.000	90.914990	19.0466904	185.293853	138.982203	6.98028976	218.134055	35	19.3739612	5.65527597	176.727374
8	14:15:57	8.72	91.090	27.080	26204.000	29.000	91.173831	19.1009176	185.821398	139.377895	7.00016314	218.755098	35	19.3739612	5.67137695	177.230530
8	14:16:12	8.97	90.920	27.100	26200.000	29.000	91.001169	19.0647449	185.469495	139.113946	6.98690645	218.340827	35	19.3739612	5.66063667	176.894896
8	14:16:27	9.22	90.120	27.200	26235.000	29.000	90.143906	18.8851482	183.722306	137.803443	6.92108731	216.283978	35	19.3739612	5.60731146	175.228483
8	14:16:42	9.47	90.200	27.190	26266.000	29.000	90.229181	18.9030134	183.896106	137.933804	6.92763459	216.488581	35	19.3739612	5.61261592	175.394247
8	14:16:57	9.72	90.550	27.150	26259.000	29.000	90.571282	18.9746835	184.593342	138.456775	6.95390048	217.309390	35	19.3739612	5.63389596	176.059249
8	14:17:12	9.97	91.440	27.040	26249.000	29.000	91.520375	19.1735185	186.527688	139.907658	7.02677013	219.586567	35	19.3739612	5.69293334	177.904167
8	14:17:27	10.22	89.650	27.250	26310.000	29.000	89.719022	18.7961351	182.856350	137.153921	6.88846549	215.264547	35	19.3739612	5.58088198	174.402562
8	14:17:42	10.47	90.460	27.160	26293.000	29.000	90.485606	18.9567345	184.418726	138.325802	6.94732247	217.103827	35	19.3739612	5.62856660	175.892706
8	14:17:57	10.72	90.610	27.140	26312.000	29.000	90.657058	18.9926536	184.768162	138.587901	6.96048621	217.515194	35	19.3739612	5.63923157	176.225987
8	14:18:12	10.97	89.930	27.220	26297.000	29.000	89.973654	18.8494805	183.375316	137.543178	6.90801570	215.875491	35	19.3739612	5.59672113	174.897535
8	14:18:27	11.22	90.050	27.210	26324.000	29.000	90.058730	18.8673040	183.548710	137.673235	6.91454768	216.079615	35	19.3739612	5.60201320	175.062912
8	14:18:42	11.47	90.200	27.190	26305.000	29.000	90.229181	18.9030134	183.896106	137.933804	6.92763459	216.488581	35	19.3739612	5.61261592	175.394247
8	14:18:57	11.72	90.900	27.110	26346.000	29.000	90.914990	19.0466904	185.293853	138.982203	6.98028976	218.134055	35	19.3739612	5.65527597	176.727374
8	14:19:12	11.97	89.470	27.270	26337.000	29.000	89.549762	18.7606751	182.511382	136.895172	6.87547002	214.858438	35	19.3739612	5.57035335	174.073542
8	14:19:27	12.22	89.860	27.230	26353.000	29.000	89.888677	18.8316779	183.202125	137.413274	6.90149134	215.671605	35	19.3739612	5.59143524	174.732351
8	14:19:42	12.47	89.650	27.250	26336.000	29.000	89.719022	18.7961351	182.856350	137.153921	6.88846549	215.264547	35	19.3739612	5.58088198	174.402562
8	14:19:57	12.72	90.650	27.140	26397.000	29.000	90.657058	18.9926536	184.768162	138.587901	6.96048621	217.515194	35	19.3739612	5.63923157	176.225987
8	14:20:12	12.97	89.820	27.230	26405.000	29.000	89.888677	18.8316779	183.202125	137.413274	6.90149134	215.671605	35	19.3739612	5.59143524	174.732351
8	14:20:27	13.22	89.990	27.210	26390.000	29.000	90.058730	18.8673040	183.548710	137.673235	6.91454768	216.079615	35	19.3739612	5.60201320	175.062912
8	14:20:42	13.47	89.130	27.310	26409.000	29.000	89.212425	18.6900031	181.823855	136.379484	6.84956990	214.049059	35	19.3739612	5.54936964	173.417801
8	14:20:57	13.72	90.000	27.210	26418.000	29.000	90.058730	18.8673040	183.548710	137.673235	6.91454768	216.079615	35	19.3739612	5.60201320	175.062912
8	14:21:12	13.97	89.280	27.300	26462.000	29.000	89.296612	18.7076402	181.995437	136.508181	6.85603361	214.251050	35	19.3739612	5.55460639	173.581450
8	14:21:27	14.22	89.280	27.300	26465.000	29.000	89.296612	18.7076402	181.995437	136.508181	6.85603361	214.251050	35	19.3739612	5.55460639	173.581450
8	14:21:42	14.47	88.780	27.360	26478.000	29.000	88.792960	18.6021250	180.968943	135.738245	6.81736409	213.042628	35	19.3739612	5.52327720	172.602413
8	14:21:57	14.72	89.220	27.300	26474.000	29.000	89.296612	18.7076402	181.995437	136.508181	6.85603361	214.251050	35	19.3739612	5.55460639	173.581450
8	14:22:12	14.97	88.500	27.390	26492.000	29.000	88.542450	18.5496432	180.458378	135.355289	6.79813038	212.441574	35	19.3739612	5.50769448	172.115452
8	14:22:27	15.22	88.820	27.350	26493.000	29.000	88.876657	18.6196597	181.139527	135.866194	6.82379026	213.243446	35	19.3739612	5.52848355	172.765111
8	14:22:42	15.47	88.990	27.330	26533.000	29.000	89.044346	18.6547904	181.481293	136.122540	6.83666507	213.645783	35	19.3739612	5.53891443	173.091076
8	14:22:57	15.72	88.990	27.330	26547.000	29.000	89.044346	18.6547904	181.481293	136.122540	6.83666507	213.645783	35	19.3739612	5.53891443	173.091076
8	14:23:12	15.97	88.340	27.410	26512.000	29.000	88.375928	18.5147568	180.118990	135.100726	6.78534513	212.042035	35	19.3739612	5.49733615	171.791755
8	14:23:27	16.22	89.540	27.270	26534.000	29.000	89.549762	18.7606751	182.511382	136.895172	6.87547002	214.858438	35	19.3739612	5.57035335	174.073542
8	14:23:42	16.47	88.530	27.390	26537.000	29.000	88.542450	18.5496432	180.458378	135.355289	6.79813038	212.441574	35	19.3739612	5.50769448	172.115452
8	14:23:57	16.72	88.160	27.430	26573.000	29.000	88.209792	18.4799515	179.780389	134.846754	6.77258955	211.643423	35	19.3739612	5.48700187	171.468808
8	14:24:12	16.97	88.110	27.440	26601.000	29.000	88.126869	18.4625791	179.611384	134.719989	6.76622286	211.444464	35	19.3739612	5.48184372	171.307616
8	14:24:27	17.22	88.670	27.370	26571.000	29.000	88.709359	18.5846107	180.798556	135.610444	6.81094539	212.842044	35	19.3739612	5.51807692	172.439904
8	14:24:42	17.47	87.970	27.450	26588.000	29.000	88.044042	18.4452268	179.442574	134.593371	6.75986356	211.245736	35	19.3739612	5.47669155	171.146611
8	14:24:57	17.72	88.770	27.360	26641.000	29.000	88.792960	18.6021250	180.968943	135.738245	6.81736409	213.042628	35	19.3739612	5.52327720	172.602413
8	14:25:12	17.97	88.220	27.420	26635.000	29.000	88.292812	18.4973441	179.949591	134.973666	6.77896364	211.842614	35	19.3739612	5.49216601	171.630188
8	14:25:27	18.22	88.120	27.440	26616.000	29.000	88.126869	18.4625791	179.611384	134.719989	6.76622286	211.444464	35	19.3739612	5.48184372	171.307616
8	14:25:42	18.47	88.200	27.430	26622.000	29.000	88.209792	18.4799515	179.780389	134.846754	6.77258955	211.643423	35	19.3739612	5.48700187	171.468808
8	14:25:57	18.72	87.440	27.520	26663.000	29.000	87.466935	18.3243229	178.266372	133.711145	6.71555433	209.861073	35	19.3739612	5.44079319	170.024787
8	14:26:12	18.97	87.680	27.490	26650.000	29.000	87.713694	18.3760188	178.769291	134.088366	6.73449999	210.453125	35	19.3739612	5.45614255	170.504455
8	14:26:27	19.22	88.140	27.430	26643.000	29.000	88.209792	18.4799515	179.780389	134.846754	6.77258955	211.643423	35	19.3739612	5.48700187	171.468808
8	14:26:42	19.47	87.860	27.470	26685.000	29.000	87.878676	18.4105827	179.105542	134.340575	6.74716707	210.848971	35	19.3739612	5.46640514	170.825161
8	14:26:57	19.72	87.720	27.480	26690.000	29.000	87.796137	18.3932907	178.937319	134.214397	6.74082986	210.650933	35	19.3739612	5.46127087	170.664715
8	14:27:12	19.97	87.420	27.520	26722.000	29.000	87.466935	18.3243229	178.266372	133.711145	6.71555433	209.861073	35	19.3739612	5.44079319	170.024787
8	14:27:27	20.22	87.890	27.460	26731.000	29.000	87.961311	18.4278947	179.273960	134.466900	6.75351163	211.047239	35	19.3739612	5.47154536	170.985793
8	14:27:42	20.47	87.180	27.550	26745.000	29.000	87.221032	18.2728063	177.765198	133.335232	6.69667435	209.271073	35	19.3739612	5.42549705	169.546783
