Chamber	Time/hh:mm:ss	Logtime/min	Oxy/% air sat.	Phase/°	Amp	Temp/°C	% air-sat.	% oxygen	pO2 (hPa)	pO2 (Torr)	cO2 [mg/L]	cO2 [µmol/L]	Salinity	chlorinity	SalCorcO2 [mg/L]	SalCorcO2 [µmol/L]
9	13:31:37	0.00	94.950	26.650	31378.000	29.000	94.986307	19.8996313	193.591604	145.206046	7.29287817	227.902443	35	19.3739612	5.90852817	184.641505
9	13:31:44	0.11	95.120	26.630	31397.000	29.000	95.168404	19.9377807	193.962737	145.484419	7.30685929	228.339353	35	19.3739612	5.91985536	184.995480
9	13:31:59	0.36	95.030	26.640	31390.000	29.000	95.077301	19.9186946	193.777060	145.345150	7.29986457	228.120768	35	19.3739612	5.91418839	184.818387
9	13:32:14	0.61	95.180	26.620	31388.000	29.000	95.259616	19.9568895	194.148635	145.623855	7.31386235	228.558198	35	19.3739612	5.92552908	185.172784
9	13:32:29	0.87	95.200	26.620	31415.000	29.000	95.259616	19.9568895	194.148635	145.623855	7.31386235	228.558198	35	19.3739612	5.92552908	185.172784
9	13:32:44	1.12	94.990	26.640	31429.000	29.000	95.077301	19.9186946	193.777060	145.345150	7.29986457	228.120768	35	19.3739612	5.91418839	184.818387
9	13:32:59	1.36	94.540	26.690	31424.000	29.000	94.623409	19.8236043	192.851983	144.651283	7.26501557	227.031737	35	19.3739612	5.88595451	183.936078
9	13:33:14	1.61	94.850	26.660	31416.000	29.000	94.895420	19.8805906	193.406369	145.067107	7.28590008	227.684378	35	19.3739612	5.90287468	184.464834
9	13:33:29	1.87	94.430	26.710	31448.000	29.000	94.442607	19.7857262	192.483490	144.374890	7.25113389	226.597934	35	19.3739612	5.87470788	183.584621
9	13:33:44	2.11	94.170	26.740	31468.000	29.000	94.172208	19.7290775	191.932389	143.961529	7.23037312	225.949160	35	19.3739612	5.85788796	183.058999
9	13:33:59	2.37	94.470	26.700	31485.000	29.000	94.532955	19.8046540	192.667627	144.513004	7.25807061	226.814706	35	19.3739612	5.88032785	183.760245
9	13:34:14	2.61	94.220	26.730	31489.000	29.000	94.262234	19.7479380	192.115872	144.099152	7.23728516	226.165161	35	19.3739612	5.86348795	183.233998
9	13:34:29	2.86	94.550	26.690	31520.000	29.000	94.623409	19.8236043	192.851983	144.651283	7.26501557	227.031737	35	19.3739612	5.88595451	183.936078
9	13:34:44	3.11	94.270	26.720	31532.000	29.000	94.352367	19.7668209	192.299572	144.236939	7.24420541	226.381419	35	19.3739612	5.86909458	183.409206
9	13:34:59	3.36	94.340	26.720	31527.000	29.000	94.352367	19.7668209	192.299572	144.236939	7.24420541	226.381419	35	19.3739612	5.86909458	183.409206
9	13:35:14	3.61	94.010	26.750	31541.000	29.000	94.082289	19.7102395	191.749125	143.824069	7.22346928	225.733415	35	19.3739612	5.85229462	182.884207
9	13:35:29	3.86	94.220	26.730	31580.000	29.000	94.262234	19.7479380	192.115872	144.099152	7.23728516	226.165161	35	19.3739612	5.86348795	183.233998
9	13:35:44	4.11	94.320	26.720	31599.000	29.000	94.352367	19.7668209	192.299572	144.236939	7.24420541	226.381419	35	19.3739612	5.86909458	183.409206
9	13:35:59	4.36	93.910	26.760	31594.000	29.000	93.992476	19.6914237	191.566078	143.686772	7.21657362	225.517926	35	19.3739612	5.84670792	182.709622
9	13:36:14	4.61	93.640	26.790	31605.000	29.000	93.723676	19.6351102	191.018237	143.275856	7.19593566	224.872990	35	19.3739612	5.82998750	182.187109
9	13:36:29	4.86	93.550	26.800	31612.000	29.000	93.634289	19.6163834	190.836056	143.139209	7.18907264	224.658520	35	19.3739612	5.82442723	182.013351
9	13:36:44	5.11	93.720	26.790	31609.000	29.000	93.723676	19.6351102	191.018237	143.275856	7.19593566	224.872990	35	19.3739612	5.82998750	182.187109
9	13:36:59	5.36	93.560	26.800	31674.000	29.000	93.634289	19.6163834	190.836056	143.139209	7.18907264	224.658520	35	19.3739612	5.82442723	182.013351
9	13:37:14	5.62	93.420	26.820	31652.000	29.000	93.455831	19.5789965	190.472341	142.866399	7.17537095	224.230342	35	19.3739612	5.81332643	181.666451
9	13:37:29	5.86	92.860	26.880	31693.000	29.000	92.922984	19.4673651	189.386346	142.051834	7.13445995	222.951874	35	19.3739612	5.78018124	180.630664
9	13:37:44	6.11	93.330	26.830	31693.000	29.000	93.366760	19.5603362	190.290806	142.730236	7.16853227	224.016633	35	19.3739612	5.80778588	181.493309
9	13:37:59	6.37	93.320	26.830	31727.000	29.000	93.366760	19.5603362	190.290806	142.730236	7.16853227	224.016633	35	19.3739612	5.80778588	181.493309
9	13:38:14	6.61	93.170	26.850	31720.000	29.000	93.188935	19.5230818	189.928380	142.458394	7.15487916	223.589974	35	19.3739612	5.79672443	181.147638
9	13:38:29	6.86	92.710	26.900	31737.000	29.000	92.746207	19.4303303	189.026056	141.781594	7.12088732	222.527729	35	19.3739612	5.76918499	180.287031
9	13:38:44	7.11	92.900	26.880	31778.000	29.000	92.922984	19.4673651	189.386346	142.051834	7.13445995	222.951874	35	19.3739612	5.78018124	180.630664
9	13:38:59	7.36	92.790	26.890	31797.000	29.000	92.834543	19.4488368	189.206095	141.916634	7.12766963	222.739676	35	19.3739612	5.77467987	180.458746
9	13:39:14	7.61	93.340	26.830	31836.000	29.000	93.366760	19.5603362	190.290806	142.730236	7.16853227	224.016633	35	19.3739612	5.80778588	181.493309
9	13:39:29	7.86	92.900	26.880	31832.000	29.000	92.922984	19.4673651	189.386346	142.051834	7.13445995	222.951874	35	19.3739612	5.78018124	180.630664
9	13:39:44	8.11	92.690	26.900	31819.000	29.000	92.746207	19.4303303	189.026056	141.781594	7.12088732	222.527729	35	19.3739612	5.76918499	180.287031
9	13:39:59	8.36	92.590	26.910	31891.000	29.000	92.657975	19.4118457	188.846231	141.646713	7.11411301	222.316032	35	19.3739612	5.76369660	180.115519
9	13:40:14	8.61	92.360	26.940	31881.000	29.000	92.393902	19.3565225	188.308025	141.243024	7.09383802	221.682438	35	19.3739612	5.74727025	179.602195
9	13:40:29	8.86	92.360	26.940	31883.000	29.000	92.393902	19.3565225	188.308025	141.243024	7.09383802	221.682438	35	19.3739612	5.74727025	179.602195
9	13:40:44	9.11	91.920	26.990	31918.000	29.000	91.955853	19.2647511	187.415236	140.573375	7.06020535	220.631417	35	19.3739612	5.72002181	178.750681
9	13:40:59	9.36	91.880	26.990	31923.000	29.000	91.955853	19.2647511	187.415236	140.573375	7.06020535	220.631417	35	19.3739612	5.72002181	178.750681
9	13:41:14	9.61	92.090	26.970	31948.000	29.000	92.130763	19.3013948	187.771720	140.840761	7.07363464	221.051082	35	19.3739612	5.73090192	179.090685
9	13:41:29	9.86	92.050	26.970	31982.000	29.000	92.130763	19.3013948	187.771720	140.840761	7.07363464	221.051082	35	19.3739612	5.73090192	179.090685
9	13:41:44	10.11	91.850	27.000	32005.000	29.000	91.868552	19.2464616	187.237308	140.439918	7.05350255	220.421955	35	19.3739612	5.71459135	178.580980
9	13:41:59	10.36	91.930	26.990	32011.000	29.000	91.955853	19.2647511	187.415236	140.573375	7.06020535	220.631417	35	19.3739612	5.72002181	178.750681
9	13:42:14	10.61	91.580	27.030	32013.000	29.000	91.607266	19.1917221	186.704780	140.040488	7.03344145	219.795045	35	19.3739612	5.69833829	178.073072
9	13:42:29	10.86	91.340	27.060	32017.000	29.000	91.346899	19.1371754	186.174128	139.642465	7.01345101	219.170344	35	19.3739612	5.68214248	177.566952
9	13:42:44	11.11	91.800	27.000	32052.000	29.000	91.868552	19.2464616	187.237308	140.439918	7.05350255	220.421955	35	19.3739612	5.71459135	178.580980
9	13:42:59	11.37	91.570	27.030	32087.000	29.000	91.607266	19.1917221	186.704780	140.040488	7.03344145	219.795045	35	19.3739612	5.69833829	178.073072
9	13:43:14	11.62	91.360	27.050	32071.000	29.000	91.433586	19.1553363	186.350804	139.774984	7.02010666	219.378333	35	19.3739612	5.68753474	177.735461
9	13:43:29	11.87	91.430	27.050	32100.000	29.000	91.433586	19.1553363	186.350804	139.774984	7.02010666	219.378333	35	19.3739612	5.68753474	177.735461
9	13:43:44	12.11	91.190	27.070	32131.000	29.000	91.260314	19.1190359	185.997659	139.510103	7.00680317	218.962599	35	19.3739612	5.67675655	177.398642
9	13:43:59	12.37	90.890	27.110	32145.000	29.000	90.914990	19.0466904	185.293853	138.982203	6.98028976	218.134055	35	19.3739612	5.65527597	176.727374
9	13:44:14	12.61	90.710	27.130	32152.000	29.000	90.742934	19.0106447	184.943187	138.719181	6.96707965	217.721239	35	19.3739612	5.64457344	176.392920
9	13:44:29	12.86	90.820	27.120	32151.000	29.000	90.828912	19.0286570	185.118417	138.850615	6.97368084	217.927526	35	19.3739612	5.64992157	176.560049
9	13:44:44	13.11	90.400	27.160	32166.000	29.000	90.485606	18.9567345	184.418726	138.325802	6.94732247	217.103827	35	19.3739612	5.62856660	175.892706
9	13:44:59	13.37	90.790	27.120	32201.000	29.000	90.828912	19.0286570	185.118417	138.850615	6.97368084	217.927526	35	19.3739612	5.64992157	176.560049
9	13:45:14	13.61	90.580	27.140	32238.000	29.000	90.657058	18.9926536	184.768162	138.587901	6.96048621	217.515194	35	19.3739612	5.63923157	176.225987
9	13:45:29	13.86	90.230	27.180	32267.000	29.000	90.314556	18.9208995	184.070109	138.064317	6.93418953	216.693423	35	19.3739612	5.61792659	175.560206
9	13:45:44	14.11	90.330	27.170	32267.000	29.000	90.400031	18.9388065	184.244315	138.194983	6.94075216	216.898505	35	19.3739612	5.62324348	175.726359
9	13:45:59	14.36	90.340	27.170	32298.000	29.000	90.400031	18.9388065	184.244315	138.194983	6.94075216	216.898505	35	19.3739612	5.62324348	175.726359
9	13:46:14	14.62	90.340	27.170	32300.000	29.000	90.400031	18.9388065	184.244315	138.194983	6.94075216	216.898505	35	19.3739612	5.62324348	175.726359
9	13:46:29	14.86	89.680	27.250	32302.000	29.000	89.719022	18.7961351	182.856350	137.153921	6.88846549	215.264547	35	19.3739612	5.58088198	174.402562
9	13:46:44	15.11	90.000	27.210	32335.000	29.000	90.058730	18.8673040	183.548710	137.673235	6.91454768	216.079615	35	19.3739612	5.60201320	175.062912
9	13:46:59	15.36	89.810	27.230	32354.000	29.000	89.888677	18.8316779	183.202125	137.413274	6.90149134	215.671605	35	19.3739612	5.59143524	174.732351
9	13:47:14	15.61	89.660	27.250	32379.000	29.000	89.719022	18.7961351	182.856350	137.153921	6.88846549	215.264547	35	19.3739612	5.58088198	174.402562
9	13:47:29	15.86	90.030	27.210	32393.000	29.000	90.058730	18.8673040	183.548710	137.673235	6.91454768	216.079615	35	19.3739612	5.60201320	175.062912
9	13:47:44	16.12	89.590	27.260	32433.000	29.000	89.634343	18.7783948	182.683765	137.024471	6.88196396	215.061374	35	19.3739612	5.57561459	174.237956
9	13:47:59	16.36	89.370	27.290	32430.000	29.000	89.380897	18.7252979	182.167218	136.637027	6.86250486	214.453277	35	19.3739612	5.55984926	173.745289
9	13:48:14	16.61	89.750	27.240	32448.000	29.000	89.803800	18.8138961	183.029137	137.283522	6.89497461	215.467957	35	19.3739612	5.58615553	174.567360
9	13:48:29	16.86	89.270	27.300	32467.000	29.000	89.296612	18.7076402	181.995437	136.508181	6.85603361	214.251050	35	19.3739612	5.55460639	173.581450
9	13:48:44	17.11	89.110	27.320	32482.000	29.000	89.128336	18.6723865	181.652474	136.250937	6.84311372	213.847304	35	19.3739612	5.54413899	173.254343
9	13:48:59	17.37	89.310	27.290	32496.000	29.000	89.380897	18.7252979	182.167218	136.637027	6.86250486	214.453277	35	19.3739612	5.55984926	173.745289
9	13:49:14	17.61	88.790	27.360	32509.000	29.000	88.792960	18.6021250	180.968943	135.738245	6.81736409	213.042628	35	19.3739612	5.52327720	172.602413
9	13:49:29	17.86	89.240	27.300	32548.000	29.000	89.296612	18.7076402	181.995437	136.508181	6.85603361	214.251050	35	19.3739612	5.55460639	173.581450
9	13:49:44	18.12	88.960	27.330	32571.000	29.000	89.044346	18.6547904	181.481293	136.122540	6.83666507	213.645783	35	19.3739612	5.53891443	173.091076
9	13:49:59	18.36	89.120	27.320	32565.000	29.000	89.128336	18.6723865	181.652474	136.250937	6.84311372	213.847304	35	19.3739612	5.54413899	173.254343
9	13:50:14	18.61	89.060	27.320	32578.000	29.000	89.128336	18.6723865	181.652474	136.250937	6.84311372	213.847304	35	19.3739612	5.54413899	173.254343
9	13:50:29	18.87	88.410	27.400	32621.000	29.000	88.459140	18.5321899	180.288585	135.227933	6.79173404	212.241689	35	19.3739612	5.50251231	171.953510
9	13:50:44	19.11	88.290	27.420	32600.000	29.000	88.292812	18.4973441	179.949591	134.973666	6.77896364	211.842614	35	19.3739612	5.49216601	171.630188
9	13:50:59	19.36	88.340	27.410	32663.000	29.000	88.375928	18.5147568	180.118990	135.100726	6.78534513	212.042035	35	19.3739612	5.49733615	171.791755
9	13:51:14	19.61	88.110	27.440	32629.000	29.000	88.126869	18.4625791	179.611384	134.719989	6.76622286	211.444464	35	19.3739612	5.48184372	171.307616
9	13:51:29	19.86	88.370	27.410	32656.000	29.000	88.375928	18.5147568	180.118990	135.100726	6.78534513	212.042035	35	19.3739612	5.49733615	171.791755
9	13:51:44	20.11	88.000	27.450	32679.000	29.000	88.044042	18.4452268	179.442574	134.593371	6.75986356	211.245736	35	19.3739612	5.47669155	171.146611
9	13:51:59	20.36	88.240	27.420	32722.000	29.000	88.292812	18.4973441	179.949591	134.973666	6.77896364	211.842614	35	19.3739612	5.49216601	171.630188
9	13:52:14	20.61	87.810	27.470	32734.000	29.000	87.878676	18.4105827	179.105542	134.340575	6.74716707	210.848971	35	19.3739612	5.46640514	170.825161
9	13:52:29	20.86	87.660	27.490	32723.000	29.000	87.713694	18.3760188	178.769291	134.088366	6.73449999	210.453125	35	19.3739612	5.45614255	170.504455
9	13:52:44	21.11	87.880	27.460	32725.000	29.000	87.961311	18.4278947	179.273960	134.466900	6.75351163	211.047239	35	19.3739612	5.47154536	170.985793
9	13:52:59	21.36	87.950	27.460	32781.000	29.000	87.961311	18.4278947	179.273960	134.466900	6.75351163	211.047239	35	19.3739612	5.47154536	170.985793
9	13:53:14	21.61	87.700	27.490	32768.000	29.000	87.713694	18.3760188	178.769291	134.088366	6.73449999	210.453125	35	19.3739612	5.45614255	170.504455
9	13:53:29	21.86	87.680	27.490	32804.000	29.000	87.713694	18.3760188	178.769291	134.088366	6.73449999	210.453125	35	19.3739612	5.45614255	170.504455
9	13:53:44	22.11	87.580	27.500	32822.000	29.000	87.631346	18.3587669	178.601457	133.962480	6.72817745	210.255545	35	19.3739612	5.45102017	170.344380
9	13:53:59	22.37	87.350	27.530	32829.000	29.000	87.384873	18.3071309	178.099121	133.585695	6.70925372	209.664179	35	19.3739612	5.43568858	169.865268
