Chamber	Time/hh:mm:ss	Logtime/min	Oxy/% air sat.	Phase/°	Amp	Temp/°C	% air-sat.	% oxygen	pO2 (hPa)	pO2 (Torr)	cO2 [mg/L]	cO2 [µmol/L]	Salinity	chlorinity	SalCorcO2 [mg/L]	SalCorcO2 [µmol/L]
10	13:31:37	0.00	95.510	26.590	34309.000	29.000	95.533903	20.0143528	194.707661	146.043160	7.33492166	229.216302	35	19.3739612	5.94259087	185.705965
10	13:31:46	0.14	94.630	26.680	34309.000	29.000	94.713972	19.8425771	193.036559	144.789726	7.27196880	227.249025	35	19.3739612	5.89158786	184.112121
10	13:32:01	0.39	94.920	26.650	34303.000	29.000	94.986307	19.8996313	193.591604	145.206046	7.29287817	227.902443	35	19.3739612	5.90852817	184.641505
10	13:32:16	0.64	95.070	26.640	34315.000	29.000	95.077301	19.9186946	193.777060	145.345150	7.29986457	228.120768	35	19.3739612	5.91418839	184.818387
10	13:32:31	0.89	94.890	26.660	34323.000	29.000	94.895420	19.8805906	193.406369	145.067107	7.28590008	227.684378	35	19.3739612	5.90287468	184.464834
10	13:32:46	1.14	94.700	26.680	34316.000	29.000	94.713972	19.8425771	193.036559	144.789726	7.27196880	227.249025	35	19.3739612	5.89158786	184.112121
10	13:33:01	1.39	95.230	26.620	34319.000	29.000	95.259616	19.9568895	194.148635	145.623855	7.31386235	228.558198	35	19.3739612	5.92552908	185.172784
10	13:33:16	1.64	95.110	26.630	34348.000	29.000	95.168404	19.9377807	193.962737	145.484419	7.30685929	228.339353	35	19.3739612	5.91985536	184.995480
10	13:33:31	1.89	95.420	26.600	34363.000	29.000	95.442365	19.9951755	194.521097	145.903225	7.32789352	228.996673	35	19.3739612	5.93689683	185.528026
10	13:33:46	2.14	94.940	26.650	34376.000	29.000	94.986307	19.8996313	193.591604	145.206046	7.29287817	227.902443	35	19.3739612	5.90852817	184.641505
10	13:34:01	2.39	94.710	26.680	34388.000	29.000	94.713972	19.8425771	193.036559	144.789726	7.27196880	227.249025	35	19.3739612	5.89158786	184.112121
10	13:34:16	2.64	94.760	26.670	34357.000	29.000	94.804642	19.8615726	193.221354	144.928334	7.27893030	227.466572	35	19.3739612	5.89722791	184.288372
10	13:34:31	2.89	94.880	26.660	34390.000	29.000	94.895420	19.8805906	193.406369	145.067107	7.28590008	227.684378	35	19.3739612	5.90287468	184.464834
10	13:34:46	3.14	94.960	26.650	34390.000	29.000	94.986307	19.8996313	193.591604	145.206046	7.29287817	227.902443	35	19.3739612	5.90852817	184.641505
10	13:35:01	3.39	94.320	26.720	34397.000	29.000	94.352367	19.7668209	192.299572	144.236939	7.24420541	226.381419	35	19.3739612	5.86909458	183.409206
10	13:35:16	3.64	94.660	26.680	34432.000	29.000	94.713972	19.8425771	193.036559	144.789726	7.27196880	227.249025	35	19.3739612	5.89158786	184.112121
10	13:35:31	3.89	94.130	26.740	34429.000	29.000	94.172208	19.7290775	191.932389	143.961529	7.23037312	225.949160	35	19.3739612	5.85788796	183.058999
10	13:35:46	4.14	94.520	26.700	34463.000	29.000	94.532955	19.8046540	192.667627	144.513004	7.25807061	226.814706	35	19.3739612	5.88032785	183.760245
10	13:36:01	4.39	94.420	26.710	34468.000	29.000	94.442607	19.7857262	192.483490	144.374890	7.25113389	226.597934	35	19.3739612	5.87470788	183.584621
10	13:36:16	4.64	94.510	26.700	34495.000	29.000	94.532955	19.8046540	192.667627	144.513004	7.25807061	226.814706	35	19.3739612	5.88032785	183.760245
10	13:36:31	4.89	94.410	26.710	34510.000	29.000	94.442607	19.7857262	192.483490	144.374890	7.25113389	226.597934	35	19.3739612	5.87470788	183.584621
10	13:36:46	5.14	93.730	26.780	34520.000	29.000	93.813170	19.6538591	191.200634	143.412666	7.20280683	225.087713	35	19.3739612	5.83555437	182.361074
10	13:37:01	5.39	93.600	26.800	34525.000	29.000	93.634289	19.6163834	190.836056	143.139209	7.18907264	224.658520	35	19.3739612	5.82442723	182.013351
10	13:37:16	5.64	94.120	26.740	34543.000	29.000	94.172208	19.7290775	191.932389	143.961529	7.23037312	225.949160	35	19.3739612	5.85788796	183.058999
10	13:37:31	5.89	93.600	26.800	34575.000	29.000	93.634289	19.6163834	190.836056	143.139209	7.18907264	224.658520	35	19.3739612	5.82442723	182.013351
10	13:37:46	6.14	93.700	26.790	34555.000	29.000	93.723676	19.6351102	191.018237	143.275856	7.19593566	224.872990	35	19.3739612	5.82998750	182.187109
10	13:38:01	6.39	93.160	26.850	34590.000	29.000	93.188935	19.5230818	189.928380	142.458394	7.15487916	223.589974	35	19.3739612	5.79672443	181.147638
10	13:38:16	6.64	93.340	26.830	34607.000	29.000	93.366760	19.5603362	190.290806	142.730236	7.16853227	224.016633	35	19.3739612	5.80778588	181.493309
10	13:38:31	6.89	93.370	26.820	34605.000	29.000	93.455831	19.5789965	190.472341	142.866399	7.17537095	224.230342	35	19.3739612	5.81332643	181.666451
10	13:38:46	7.14	93.050	26.860	34633.000	29.000	93.100180	19.5044876	189.747488	142.322714	7.14806471	223.377022	35	19.3739612	5.79120351	180.975110
10	13:39:01	7.39	93.180	26.850	34713.000	29.000	93.188935	19.5230818	189.928380	142.458394	7.15487916	223.589974	35	19.3739612	5.79672443	181.147638
10	13:39:16	7.64	92.570	26.910	34678.000	29.000	92.657975	19.4118457	188.846231	141.646713	7.11411301	222.316032	35	19.3739612	5.76369660	180.115519
10	13:39:31	7.89	93.120	26.850	34724.000	29.000	93.188935	19.5230818	189.928380	142.458394	7.15487916	223.589974	35	19.3739612	5.79672443	181.147638
10	13:39:46	8.14	93.130	26.850	34725.000	29.000	93.188935	19.5230818	189.928380	142.458394	7.15487916	223.589974	35	19.3739612	5.79672443	181.147638
10	13:40:01	8.39	92.970	26.870	34758.000	29.000	93.011529	19.4859154	189.566810	142.187194	7.14125831	223.164322	35	19.3739612	5.78568912	180.802785
10	13:40:16	8.64	92.270	26.950	34786.000	29.000	92.306086	19.3381250	188.129046	141.108778	7.08709561	221.471738	35	19.3739612	5.74180771	179.431491
10	13:40:31	8.89	92.700	26.900	34788.000	29.000	92.746207	19.4303303	189.026056	141.781594	7.12088732	222.527729	35	19.3739612	5.76918499	180.287031
10	13:40:46	9.14	92.320	26.940	34816.000	29.000	92.393902	19.3565225	188.308025	141.243024	7.09383802	221.682438	35	19.3739612	5.74727025	179.602195
10	13:41:01	9.39	92.540	26.920	34836.000	29.000	92.569847	19.3933829	188.666617	141.511991	7.10734670	222.104585	35	19.3739612	5.75821469	179.944209
10	13:41:16	9.64	92.310	26.940	34847.000	29.000	92.393902	19.3565225	188.308025	141.243024	7.09383802	221.682438	35	19.3739612	5.74727025	179.602195
10	13:41:31	9.89	92.010	26.980	34897.000	29.000	92.043256	19.2830622	187.593373	140.706990	7.06691604	220.841126	35	19.3739612	5.72545866	178.920583
10	13:41:46	10.14	91.870	26.990	34890.000	29.000	91.955853	19.2647511	187.415236	140.573375	7.06020535	220.631417	35	19.3739612	5.72002181	178.750681
10	13:42:01	10.39	91.950	26.990	34900.000	29.000	91.955853	19.2647511	187.415236	140.573375	7.06020535	220.631417	35	19.3739612	5.72002181	178.750681
10	13:42:16	10.64	91.710	27.010	34919.000	29.000	91.781354	19.2281937	187.059590	140.306618	7.04680765	220.212739	35	19.3739612	5.70916729	178.411478
10	13:42:31	10.89	91.450	27.040	34950.000	29.000	91.520375	19.1735185	186.527688	139.907658	7.02677013	219.586567	35	19.3739612	5.69293334	177.904167
10	13:42:46	11.14	91.610	27.020	34964.000	29.000	91.694259	19.2099472	186.882080	140.173475	7.04012062	220.003769	35	19.3739612	5.70374961	178.242175
10	13:43:01	11.39	91.590	27.030	34981.000	29.000	91.607266	19.1917221	186.704780	140.040488	7.03344145	219.795045	35	19.3739612	5.69833829	178.073072
10	13:43:16	11.64	91.410	27.050	35019.000	29.000	91.433586	19.1553363	186.350804	139.774984	7.02010666	219.378333	35	19.3739612	5.68753474	177.735461
10	13:43:31	11.89	91.450	27.040	35002.000	29.000	91.520375	19.1735185	186.527688	139.907658	7.02677013	219.586567	35	19.3739612	5.69293334	177.904167
10	13:43:46	12.14	91.240	27.070	35081.000	29.000	91.260314	19.1190359	185.997659	139.510103	7.00680317	218.962599	35	19.3739612	5.67675655	177.398642
10	13:44:01	12.39	91.280	27.060	35080.000	29.000	91.346899	19.1371754	186.174128	139.642465	7.01345101	219.170344	35	19.3739612	5.68214248	177.566952
10	13:44:16	12.64	91.320	27.060	35106.000	29.000	91.346899	19.1371754	186.174128	139.642465	7.01345101	219.170344	35	19.3739612	5.68214248	177.566952
10	13:44:31	12.89	90.870	27.110	35128.000	29.000	90.914990	19.0466904	185.293853	138.982203	6.98028976	218.134055	35	19.3739612	5.65527597	176.727374
10	13:44:46	13.14	90.380	27.170	35168.000	29.000	90.400031	18.9388065	184.244315	138.194983	6.94075216	216.898505	35	19.3739612	5.62324348	175.726359
10	13:45:01	13.39	90.510	27.150	35175.000	29.000	90.571282	18.9746835	184.593342	138.456775	6.95390048	217.309390	35	19.3739612	5.63389596	176.059249
10	13:45:16	13.64	90.450	27.160	35209.000	29.000	90.485606	18.9567345	184.418726	138.325802	6.94732247	217.103827	35	19.3739612	5.62856660	175.892706
10	13:45:31	13.89	90.460	27.160	35205.000	29.000	90.485606	18.9567345	184.418726	138.325802	6.94732247	217.103827	35	19.3739612	5.62856660	175.892706
10	13:45:46	14.14	90.150	27.190	35260.000	29.000	90.229181	18.9030134	183.896106	137.933804	6.92763459	216.488581	35	19.3739612	5.61261592	175.394247
10	13:46:01	14.39	89.930	27.220	35304.000	29.000	89.973654	18.8494805	183.375316	137.543178	6.90801570	215.875491	35	19.3739612	5.59672113	174.897535
10	13:46:16	14.64	90.260	27.180	35291.000	29.000	90.314556	18.9208995	184.070109	138.064317	6.93418953	216.693423	35	19.3739612	5.61792659	175.560206
10	13:46:31	14.89	89.880	27.230	35336.000	29.000	89.888677	18.8316779	183.202125	137.413274	6.90149134	215.671605	35	19.3739612	5.59143524	174.732351
10	13:46:46	15.14	89.790	27.240	35343.000	29.000	89.803800	18.8138961	183.029137	137.283522	6.89497461	215.467957	35	19.3739612	5.58615553	174.567360
10	13:47:01	15.39	89.720	27.240	35367.000	29.000	89.803800	18.8138961	183.029137	137.283522	6.89497461	215.467957	35	19.3739612	5.58615553	174.567360
10	13:47:16	15.64	89.770	27.240	35385.000	29.000	89.803800	18.8138961	183.029137	137.283522	6.89497461	215.467957	35	19.3739612	5.58615553	174.567360
10	13:47:31	15.89	89.460	27.280	35414.000	29.000	89.465280	18.7429762	182.339199	136.766025	6.86898366	214.655739	35	19.3739612	5.56509824	173.909320
10	13:47:46	16.14	89.300	27.290	35462.000	29.000	89.380897	18.7252979	182.167218	136.637027	6.86250486	214.453277	35	19.3739612	5.55984926	173.745289
10	13:48:01	16.39	89.170	27.310	35467.000	29.000	89.212425	18.6900031	181.823855	136.379484	6.84956990	214.049059	35	19.3739612	5.54936964	173.417801
10	13:48:16	16.64	89.110	27.320	35494.000	29.000	89.128336	18.6723865	181.652474	136.250937	6.84311372	213.847304	35	19.3739612	5.54413899	173.254343
10	13:48:31	16.89	88.930	27.340	35538.000	29.000	88.960453	18.6372148	181.310311	135.994292	6.83022391	213.444497	35	19.3739612	5.53369595	172.927998
10	13:48:46	17.14	88.630	27.370	35535.000	29.000	88.709359	18.5846107	180.798556	135.610444	6.81094539	212.842044	35	19.3739612	5.51807692	172.439904
10	13:49:01	17.39	88.700	27.370	35562.000	29.000	88.709359	18.5846107	180.798556	135.610444	6.81094539	212.842044	35	19.3739612	5.51807692	172.439904
10	13:49:16	17.64	88.680	27.370	35618.000	29.000	88.709359	18.5846107	180.798556	135.610444	6.81094539	212.842044	35	19.3739612	5.51807692	172.439904
10	13:49:31	17.89	88.700	27.370	35608.000	29.000	88.709359	18.5846107	180.798556	135.610444	6.81094539	212.842044	35	19.3739612	5.51807692	172.439904
10	13:49:46	18.14	88.400	27.400	35631.000	29.000	88.459140	18.5321899	180.288585	135.227933	6.79173404	212.241689	35	19.3739612	5.50251231	171.953510
10	13:50:01	18.39	88.290	27.420	35662.000	29.000	88.292812	18.4973441	179.949591	134.973666	6.77896364	211.842614	35	19.3739612	5.49216601	171.630188
10	13:50:16	18.64	88.250	27.420	35703.000	29.000	88.292812	18.4973441	179.949591	134.973666	6.77896364	211.842614	35	19.3739612	5.49216601	171.630188
10	13:50:31	18.89	88.090	27.440	35723.000	29.000	88.126869	18.4625791	179.611384	134.719989	6.76622286	211.444464	35	19.3739612	5.48184372	171.307616
10	13:50:46	19.14	87.880	27.460	35721.000	29.000	87.961311	18.4278947	179.273960	134.466900	6.75351163	211.047239	35	19.3739612	5.47154536	170.985793
10	13:51:01	19.39	87.730	27.480	35779.000	29.000	87.796137	18.3932907	178.937319	134.214397	6.74082986	210.650933	35	19.3739612	5.46127087	170.664715
10	13:51:16	19.64	87.680	27.490	35788.000	29.000	87.713694	18.3760188	178.769291	134.088366	6.73449999	210.453125	35	19.3739612	5.45614255	170.504455
10	13:51:31	19.89	87.580	27.500	35809.000	29.000	87.631346	18.3587669	178.601457	133.962480	6.72817745	210.255545	35	19.3739612	5.45102017	170.344380
10	13:51:46	20.14	87.320	27.530	35817.000	29.000	87.384873	18.3071309	178.099121	133.585695	6.70925372	209.664179	35	19.3739612	5.43568858	169.865268
10	13:52:01	20.39	87.660	27.490	35845.000	29.000	87.713694	18.3760188	178.769291	134.088366	6.73449999	210.453125	35	19.3739612	5.45614255	170.504455
10	13:52:16	20.64	87.140	27.550	35881.000	29.000	87.221032	18.2728063	177.765198	133.335232	6.69667435	209.271073	35	19.3739612	5.42549705	169.546783
10	13:52:31	20.89	87.310	27.530	35925.000	29.000	87.384873	18.3071309	178.099121	133.585695	6.70925372	209.664179	35	19.3739612	5.43568858	169.865268
10	13:52:46	21.14	87.130	27.560	35925.000	29.000	87.139254	18.2556738	177.598526	133.210217	6.69039557	209.074862	35	19.3739612	5.42041013	169.387816
10	13:53:01	21.39	86.780	27.600	35966.000	29.000	86.813085	18.1873414	176.933761	132.711601	6.66535290	208.292278	35	19.3739612	5.40012111	168.753785
10	13:53:16	21.64	87.120	27.560	35970.000	29.000	87.139254	18.2556738	177.598526	133.210217	6.69039557	209.074862	35	19.3739612	5.42041013	169.387816
10	13:53:31	21.89	86.720	27.610	35960.000	29.000	86.731778	18.1703075	176.768049	132.587306	6.65911028	208.097196	35	19.3739612	5.39506348	168.595734
10	13:53:46	22.14	86.460	27.640	36006.000	29.000	86.488419	18.1193238	176.272059	132.215282	6.64042562	207.513301	35	19.3739612	5.37992558	168.122674
