Chamber	Time/hh:mm:ss	Logtime/min	Oxy/% air sat.	Phase/°	Amp	Temp/°C	% air-sat.	% oxygen	pO2 (hPa)	pO2 (Torr)	cO2 [mg/L]	cO2 [µmol/L]	Salinity	chlorinity	SalCorcO2 [mg/L]	SalCorcO2 [µmol/L]
7	11:50:31	0.00	94.060	27.260	31982.000	26.000	94.113330	19.7167425	193.086015	144.826822	7.61482053	237.963141	35	19.3739612	6.21299876	194.156211
7	11:50:46	0.25	93.740	27.300	31975.000	26.000	93.758934	19.6424966	192.358925	144.281457	7.58614593	237.067060	35	19.3739612	6.18960290	193.425091
7	11:51:01	0.50	94.310	27.230	31977.000	26.000	94.380214	19.7726548	193.633564	145.237518	7.63641445	238.637951	35	19.3739612	6.23061743	194.706795
7	11:51:16	0.75	94.040	27.260	32025.000	26.000	94.113330	19.7167425	193.086015	144.826822	7.61482053	237.963141	35	19.3739612	6.21299876	194.156211
7	11:51:31	1.00	93.750	27.300	32031.000	26.000	93.758934	19.6424966	192.358925	144.281457	7.58614593	237.067060	35	19.3739612	6.18960290	193.425091
7	11:51:46	1.25	93.710	27.300	32029.000	26.000	93.758934	19.6424966	192.358925	144.281457	7.58614593	237.067060	35	19.3739612	6.18960290	193.425091
7	11:52:01	1.50	93.970	27.270	32042.000	26.000	94.024575	19.6981486	192.903925	144.690242	7.60763934	237.738729	35	19.3739612	6.20713956	193.973111
7	11:52:16	1.75	93.490	27.330	32037.000	26.000	93.494218	19.5870388	191.815827	143.874099	7.56472752	236.397735	35	19.3739612	6.17212744	192.878982
7	11:52:31	2.00	93.800	27.290	32036.000	26.000	93.847378	19.6610256	192.540380	144.417560	7.59330205	237.290689	35	19.3739612	6.19544164	193.607551
7	11:52:46	2.25	93.500	27.320	32078.000	26.000	93.582354	19.6055032	191.996648	144.009727	7.57185868	236.620584	35	19.3739612	6.17794581	193.060807
7	11:53:01	2.50	93.930	27.280	32070.000	26.000	93.935925	19.6795763	192.722046	144.553822	7.60046651	237.514579	35	19.3739612	6.20128719	193.790225
7	11:53:16	2.75	93.600	27.310	32067.000	26.000	93.670592	19.6239891	192.177681	144.145513	7.57899814	236.843692	35	19.3739612	6.18377096	193.242843
7	11:53:31	3.00	93.670	27.300	32063.000	26.000	93.758934	19.6424966	192.358925	144.281457	7.58614593	237.067060	35	19.3739612	6.18960290	193.425091
7	11:53:46	3.25	93.480	27.330	32087.000	26.000	93.494218	19.5870388	191.815827	143.874099	7.56472752	236.397735	35	19.3739612	6.17212744	192.878982
7	11:54:01	3.50	93.410	27.330	32120.000	26.000	93.494218	19.5870388	191.815827	143.874099	7.56472752	236.397735	35	19.3739612	6.17212744	192.878982
7	11:54:16	3.75	93.300	27.350	32121.000	26.000	93.318255	19.5501743	191.454813	143.603316	7.55049008	235.952815	35	19.3739612	6.16051098	192.515968
7	11:54:31	4.00	93.600	27.310	32143.000	26.000	93.670592	19.6239891	192.177681	144.145513	7.57899814	236.843692	35	19.3739612	6.18377096	193.242843
7	11:54:46	4.25	93.030	27.380	32144.000	26.000	93.055075	19.4950383	190.914866	143.198321	7.52919592	235.287373	35	19.3739612	6.14313689	191.973028
7	11:55:01	4.50	93.260	27.350	32176.000	26.000	93.318255	19.5501743	191.454813	143.603316	7.55049008	235.952815	35	19.3739612	6.16051098	192.515968
7	11:55:16	4.75	92.730	27.410	32176.000	26.000	92.792812	19.4400941	190.376797	142.794736	7.50797588	234.624246	35	19.3739612	6.12582327	191.431977
7	11:55:31	5.00	92.850	27.400	32194.000	26.000	92.880131	19.4583875	190.555945	142.929108	7.51504101	234.845032	35	19.3739612	6.13158778	191.612118
7	11:55:46	5.25	93.140	27.370	32209.000	26.000	93.142700	19.5133956	191.094639	143.333163	7.53628572	235.508929	35	19.3739612	6.14892153	192.153798
7	11:56:01	5.50	92.710	27.410	32235.000	26.000	92.792812	19.4400941	190.376797	142.794736	7.50797588	234.624246	35	19.3739612	6.12582327	191.431977
7	11:56:16	5.75	92.680	27.420	32215.000	26.000	92.705593	19.4218218	190.197858	142.660519	7.50091894	234.403717	35	19.3739612	6.12006546	191.252046
7	11:56:31	6.00	92.800	27.400	32222.000	26.000	92.880131	19.4583875	190.555945	142.929108	7.51504101	234.845032	35	19.3739612	6.13158778	191.612118
7	11:56:46	6.25	92.520	27.440	32241.000	26.000	92.531460	19.3853409	189.840600	142.392553	7.48682962	233.963426	35	19.3739612	6.10856986	190.892808
7	11:57:01	6.50	92.300	27.460	32267.000	26.000	92.357731	19.3489445	189.484170	142.125208	7.47277294	233.524154	35	19.3739612	6.09710089	190.534403
7	11:57:16	6.75	92.350	27.460	32269.000	26.000	92.357731	19.3489445	189.484170	142.125208	7.47277294	233.524154	35	19.3739612	6.09710089	190.534403
7	11:57:31	7.00	92.220	27.470	32307.000	26.000	92.271017	19.3307780	189.306265	141.991768	7.46575682	233.304901	35	19.3739612	6.09137637	190.355512
7	11:57:46	7.25	91.940	27.500	32308.000	26.000	92.011477	19.2764044	188.773785	141.592374	7.44475715	232.648661	35	19.3739612	6.07424256	189.820080
7	11:58:01	7.50	91.900	27.510	32311.000	26.000	91.925164	19.2583218	188.596702	141.459551	7.43777345	232.430420	35	19.3739612	6.06854450	189.642016
7	11:58:16	7.75	91.950	27.500	32310.000	26.000	92.011477	19.2764044	188.773785	141.592374	7.44475715	232.648661	35	19.3739612	6.07424256	189.820080
7	11:58:31	8.00	92.400	27.450	32383.000	26.000	92.444545	19.3671322	189.662282	142.258803	7.47979721	233.743663	35	19.3739612	6.10283205	190.713502
7	11:58:46	8.25	92.020	27.490	32376.000	26.000	92.097890	19.2945079	188.951073	141.725351	7.45174893	232.867154	35	19.3739612	6.07994722	189.998351
7	11:59:01	8.50	91.830	27.520	32371.000	26.000	91.838950	19.2402601	188.419824	141.326881	7.43079784	232.212432	35	19.3739612	6.06285304	189.464157
7	11:59:16	8.75	91.580	27.540	32413.000	26.000	91.666823	19.2041994	188.066682	141.062001	7.41687079	231.777212	35	19.3739612	6.05148984	189.109057
7	11:59:31	9.00	91.460	27.560	32427.000	26.000	91.495093	19.1682220	187.714355	140.797734	7.40297591	231.342997	35	19.3739612	6.04015288	188.754778
7	11:59:46	9.25	91.340	27.570	32478.000	26.000	91.409377	19.1502644	187.538496	140.665829	7.39604051	231.126266	35	19.3739612	6.03449423	188.577945
7	12:00:01	9.50	91.280	27.580	32484.000	26.000	91.323759	19.1323276	187.362841	140.534076	7.38911311	230.909785	35	19.3739612	6.02884210	188.401316
7	12:00:16	9.75	91.130	27.600	32510.000	26.000	91.152821	19.0965160	187.012138	140.271027	7.37528229	230.477571	35	19.3739612	6.01755741	188.048669
7	12:00:31	10.00	90.590	27.660	32504.000	26.000	90.642366	18.9895756	185.964871	139.485510	7.33398076	229.186899	35	19.3739612	5.98385913	186.995598
7	12:00:46	10.25	91.070	27.600	32551.000	26.000	91.152821	19.0965160	187.012138	140.271027	7.37528229	230.477571	35	19.3739612	6.01755741	188.048669
7	12:01:01	10.50	90.600	27.660	32546.000	26.000	90.642366	18.9895756	185.964871	139.485510	7.33398076	229.186899	35	19.3739612	5.98385913	186.995598
7	12:01:16	10.75	90.630	27.660	32569.000	26.000	90.642366	18.9895756	185.964871	139.485510	7.33398076	229.186899	35	19.3739612	5.98385913	186.995598
7	12:01:31	11.00	90.540	27.670	32572.000	26.000	90.557633	18.9718240	185.791030	139.355118	7.32712489	228.972653	35	19.3739612	5.97826537	186.820793
7	12:01:46	11.25	90.410	27.680	32601.000	26.000	90.472997	18.9540928	185.617388	139.224875	7.32027691	228.758654	35	19.3739612	5.97267805	186.646189
7	12:02:01	11.50	90.120	27.720	32639.000	26.000	90.135426	18.8833718	184.924817	138.705403	7.29296367	227.905115	35	19.3739612	5.95039293	185.949779
7	12:02:16	11.75	90.060	27.720	32652.000	26.000	90.135426	18.8833718	184.924817	138.705403	7.29296367	227.905115	35	19.3739612	5.95039293	185.949779
7	12:02:31	12.00	89.830	27.750	32694.000	26.000	89.883265	18.8305440	184.407475	138.317363	7.27256101	227.267531	35	19.3739612	5.93374622	185.429569
7	12:02:46	12.25	90.150	27.710	32698.000	26.000	90.219673	18.9010215	185.097661	138.835047	7.29978020	228.118131	35	19.3739612	5.95595460	186.123581
7	12:03:01	12.50	89.690	27.770	32715.000	26.000	89.715639	18.7954265	184.063569	138.059412	7.25899824	226.843695	35	19.3739612	5.92268024	185.083757
7	12:03:16	12.75	90.130	27.720	32724.000	26.000	90.135426	18.8833718	184.924817	138.705403	7.29296367	227.905115	35	19.3739612	5.95039293	185.949779
7	12:03:31	13.00	89.400	27.800	32755.000	26.000	89.464922	18.7429011	183.549188	137.673593	7.23871236	226.209761	35	19.3739612	5.90612882	184.566525
7	12:03:46	13.25	89.640	27.770	32764.000	26.000	89.715639	18.7954265	184.063569	138.059412	7.25899824	226.843695	35	19.3739612	5.92268024	185.083757
7	12:04:01	13.50	89.560	27.780	32774.000	26.000	89.631971	18.7778979	183.891912	137.930658	7.25222852	226.632141	35	19.3739612	5.91715677	184.911149
7	12:04:16	13.75	89.240	27.820	32796.000	26.000	89.298255	18.7079844	183.207249	137.417117	7.22522717	225.788349	35	19.3739612	5.89512612	184.222691
7	12:04:31	14.00	89.290	27.820	32873.000	26.000	89.298255	18.7079844	183.207249	137.417117	7.22522717	225.788349	35	19.3739612	5.89512612	184.222691
7	12:04:46	14.25	89.290	27.820	32826.000	26.000	89.298255	18.7079844	183.207249	137.417117	7.22522717	225.788349	35	19.3739612	5.89512612	184.222691
7	12:05:01	14.50	89.130	27.840	32854.000	26.000	89.131970	18.6731477	182.866093	137.161229	7.21177284	225.367901	35	19.3739612	5.88414862	183.879644
7	12:05:16	14.75	89.480	27.790	32893.000	26.000	89.548398	18.7603895	183.720452	137.802052	7.24546657	226.420830	35	19.3739612	5.91163963	184.738738
7	12:05:31	15.00	89.380	27.800	32822.000	26.000	89.464922	18.7429011	183.549188	137.673593	7.23871236	226.209761	35	19.3739612	5.90612882	184.566525
7	12:05:46	15.25	89.410	27.800	32843.000	26.000	89.464922	18.7429011	183.549188	137.673593	7.23871236	226.209761	35	19.3739612	5.90612882	184.566525
7	12:06:01	15.50	89.290	27.820	32855.000	26.000	89.298255	18.7079844	183.207249	137.417117	7.22522717	225.788349	35	19.3739612	5.89512612	184.222691
7	12:06:16	15.75	88.950	27.860	32872.000	26.000	88.966065	18.6383906	182.525718	136.905925	7.19834929	224.948415	35	19.3739612	5.87319623	183.537382
7	12:06:31	16.00	88.520	27.910	32909.000	26.000	88.552960	18.5518451	181.678178	136.270216	7.16492448	223.903890	35	19.3739612	5.84592463	182.685145
7	12:06:46	16.25	88.340	27.930	32941.000	26.000	88.388378	18.5173652	181.340516	136.016948	7.15160794	223.487748	35	19.3739612	5.83505956	182.345611
7	12:07:01	16.50	88.190	27.950	32946.000	26.000	88.224171	18.4829639	181.003624	135.764258	7.13832179	223.072556	35	19.3739612	5.82421926	182.006852
7	12:07:16	16.75	88.100	27.960	33023.000	26.000	88.142208	18.4657926	180.835466	135.638129	7.13169007	222.865315	35	19.3739612	5.81880839	181.837762
7	12:07:31	17.00	88.220	27.950	33019.000	26.000	88.224171	18.4829639	181.003624	135.764258	7.13832179	223.072556	35	19.3739612	5.82421926	182.006852
7	12:07:46	17.25	88.380	27.930	33005.000	26.000	88.388378	18.5173652	181.340516	136.016948	7.15160794	223.487748	35	19.3739612	5.83505956	182.345611
7	12:08:01	17.50	88.010	27.970	32980.000	26.000	88.060339	18.4486410	180.667500	135.512143	7.12506591	222.658310	35	19.3739612	5.81340368	181.668865
7	12:08:16	17.75	88.190	27.950	33012.000	26.000	88.224171	18.4829639	181.003624	135.764258	7.13832179	223.072556	35	19.3739612	5.82421926	182.006852
7	12:08:31	18.00	87.960	27.980	33045.000	26.000	87.978563	18.4315089	180.499725	135.386302	7.11844930	222.451541	35	19.3739612	5.80800513	181.500160
7	12:08:46	18.25	88.100	27.960	33069.000	26.000	88.142208	18.4657926	180.835466	135.638129	7.13169007	222.865315	35	19.3739612	5.81880839	181.837762
7	12:09:01	18.50	88.340	27.930	33047.000	26.000	88.388378	18.5173652	181.340516	136.016948	7.15160794	223.487748	35	19.3739612	5.83505956	182.345611
7	12:09:16	18.75	88.330	27.930	33082.000	26.000	88.388378	18.5173652	181.340516	136.016948	7.15160794	223.487748	35	19.3739612	5.83505956	182.345611
7	12:09:31	19.00	87.670	28.010	33086.000	26.000	87.733793	18.3802295	179.997547	135.009636	7.09864467	221.832646	35	19.3739612	5.79184635	180.995199
7	12:09:46	19.25	87.350	28.050	33146.000	26.000	87.408730	18.3121290	179.330638	134.509412	7.07234350	221.010734	35	19.3739612	5.77038700	180.324594
7	12:10:01	19.50	87.890	27.990	33161.000	26.000	87.896880	18.4143963	180.332141	135.260603	7.11184023	222.245007	35	19.3739612	5.80261273	181.331648
7	12:10:16	19.75	87.840	27.990	33164.000	26.000	87.896880	18.4143963	180.332141	135.260603	7.11184023	222.245007	35	19.3739612	5.80261273	181.331648
7	12:10:31	20.00	87.470	28.040	33199.000	26.000	87.489857	18.3291251	179.497081	134.634255	7.07890757	221.215862	35	19.3739612	5.77574269	180.491959
7	12:10:46	20.25	87.110	28.080	33253.000	26.000	87.165902	18.2612566	178.832445	134.135735	7.05269601	220.396750	35	19.3739612	5.75435644	179.823639
7	12:11:01	20.50	86.890	28.110	33262.000	26.000	86.923901	18.2105572	178.335946	133.763329	7.03311538	219.784855	35	19.3739612	5.73838043	179.324389
