Chamber	Time/hh:mm:ss	Logtime/min	Oxy/% air sat.	Phase/°	Amp	Temp/°C	% air-sat.	% oxygen	pO2 (hPa)	pO2 (Torr)	cO2 [mg/L]	cO2 [µmol/L]	Salinity	chlorinity	SalCorcO2 [mg/L]	SalCorcO2 [µmol/L]
8	10:38:59	0.00	93.920	27.990	27337.000	22.000	93.929058	19.6781377	194.123503	145.605004	8.18248070	255.702522	35	19.3739612	6.68280295	208.837592
8	10:39:08	0.14	94.240	27.950	27351.000	22.000	94.278535	19.7513530	194.845768	146.146748	8.21292478	256.653900	35	19.3739612	6.70766728	209.614602
8	10:39:23	0.39	94.630	27.900	27399.000	22.000	94.717628	19.8433430	195.753243	146.827413	8.25117570	257.849241	35	19.3739612	6.73890760	210.590862
8	10:39:38	0.64	94.050	27.970	27351.000	22.000	94.103597	19.7147036	194.484224	145.875567	8.19768539	256.177669	35	19.3739612	6.69522095	209.225655
8	10:39:53	0.89	94.260	27.950	27388.000	22.000	94.278535	19.7513530	194.845768	146.146748	8.21292478	256.653900	35	19.3739612	6.70766728	209.614602
8	10:40:08	1.14	94.500	27.920	27421.000	22.000	94.541690	19.8064840	195.389632	146.554681	8.23584914	257.370286	35	19.3739612	6.72639007	210.199690
8	10:40:23	1.39	94.620	27.910	27366.000	22.000	94.629609	19.8249030	195.571334	146.690969	8.24350805	257.609626	35	19.3739612	6.73264526	210.395164
8	10:40:38	1.64	93.730	28.010	27443.000	22.000	93.754916	19.6416549	193.763604	145.335056	8.16731059	255.228456	35	19.3739612	6.67041321	208.450413
8	10:40:53	1.89	94.040	27.970	27406.000	22.000	94.103597	19.7147036	194.484224	145.875567	8.19768539	256.177669	35	19.3739612	6.69522095	209.225655
8	10:41:08	2.14	94.400	27.930	27440.000	22.000	94.453871	19.7880860	195.208137	146.418548	8.22819897	257.131218	35	19.3739612	6.72014202	210.004438
8	10:41:23	2.39	93.790	28.000	27415.000	22.000	93.841937	19.6598859	193.943451	145.469953	8.17489133	255.465354	35	19.3739612	6.67660455	208.643892
8	10:41:38	2.64	93.910	27.990	27435.000	22.000	93.929058	19.6781377	194.123503	145.605004	8.18248070	255.702522	35	19.3739612	6.68280295	208.837592
8	10:41:53	2.89	94.920	27.870	27397.000	22.000	94.982290	19.8987897	196.300221	147.237681	8.27423129	258.569728	35	19.3739612	6.75773758	211.179299
8	10:42:08	3.14	94.150	27.960	27464.000	22.000	94.191016	19.7330179	194.664893	146.011081	8.20530075	256.415648	35	19.3739612	6.70144056	209.420018
8	10:42:23	3.39	93.620	28.020	27507.000	22.000	93.667994	19.6234446	193.583961	145.200312	8.15973848	254.991827	35	19.3739612	6.66422891	208.257153
8	10:42:38	3.64	93.520	28.030	27475.000	22.000	93.581170	19.6052551	193.404522	145.065722	8.15217497	254.755468	35	19.3739612	6.65805163	208.064114
8	10:42:53	3.89	93.990	27.980	27453.000	22.000	94.016278	19.6964102	194.303761	145.740209	8.19007872	255.939960	35	19.3739612	6.68900841	209.031513
8	10:43:08	4.14	94.110	27.960	27492.000	22.000	94.191016	19.7330179	194.664893	146.011081	8.20530075	256.415648	35	19.3739612	6.70144056	209.420018
8	10:43:23	4.39	93.660	28.020	27489.000	22.000	93.667994	19.6234446	193.583961	145.200312	8.15973848	254.991827	35	19.3739612	6.66422891	208.257153
8	10:43:38	4.64	94.270	27.950	27514.000	22.000	94.278535	19.7513530	194.845768	146.146748	8.21292478	256.653900	35	19.3739612	6.70766728	209.614602
8	10:43:53	4.89	93.720	28.010	27528.000	22.000	93.754916	19.6416549	193.763604	145.335056	8.16731059	255.228456	35	19.3739612	6.67041321	208.450413
8	10:44:08	5.14	93.540	28.030	27508.000	22.000	93.581170	19.6052551	193.404522	145.065722	8.15217497	254.755468	35	19.3739612	6.65805163	208.064114
8	10:44:23	5.39	93.520	28.030	27547.000	22.000	93.581170	19.6052551	193.404522	145.065722	8.15217497	254.755468	35	19.3739612	6.65805163	208.064114
8	10:44:38	5.64	93.410	28.040	27503.000	22.000	93.494445	19.5870862	193.225287	144.931285	8.14462007	254.519377	35	19.3739612	6.65188139	207.871293
8	10:44:53	5.89	92.930	28.100	27552.000	22.000	92.976160	19.4785055	192.154145	144.127860	8.09947048	253.108453	35	19.3739612	6.61500678	206.718962
8	10:45:08	6.14	93.330	28.050	27562.000	22.000	93.407819	19.5689380	193.046256	144.797000	8.13707375	254.283555	35	19.3739612	6.64571815	207.678692
8	10:45:23	6.39	93.180	28.070	27555.000	22.000	93.234861	19.5327033	192.688804	144.528888	8.12200681	253.812713	35	19.3739612	6.63341267	207.294146
8	10:45:38	6.64	93.420	28.040	27568.000	22.000	93.494445	19.5870862	193.225287	144.931285	8.14462007	254.519377	35	19.3739612	6.65188139	207.871293
8	10:45:53	6.89	92.960	28.100	27576.000	22.000	92.976160	19.4785055	192.154145	144.127860	8.09947048	253.108453	35	19.3739612	6.61500678	206.718962
8	10:46:08	7.14	93.170	28.070	27593.000	22.000	93.234861	19.5327033	192.688804	144.528888	8.12200681	253.812713	35	19.3739612	6.63341267	207.294146
8	10:46:23	7.39	92.900	28.100	27561.000	22.000	92.976160	19.4785055	192.154145	144.127860	8.09947048	253.108453	35	19.3739612	6.61500678	206.718962
8	10:46:38	7.64	93.170	28.070	27579.000	22.000	93.234861	19.5327033	192.688804	144.528888	8.12200681	253.812713	35	19.3739612	6.63341267	207.294146
8	10:46:53	7.89	93.260	28.060	27598.000	22.000	93.321291	19.5508104	192.867428	144.662868	8.12953600	254.048000	35	19.3739612	6.63956191	207.486310
8	10:47:08	8.14	93.050	28.090	27621.000	22.000	93.062296	19.4965509	192.332163	144.261384	8.10697406	253.342940	35	19.3739612	6.62113511	206.910472
8	10:47:23	8.39	93.110	28.080	27625.000	22.000	93.148529	19.5146169	192.510382	144.395060	8.11448617	253.577693	35	19.3739612	6.62727040	207.102200
8	10:47:38	8.64	93.030	28.090	27630.000	22.000	93.062296	19.4965509	192.332163	144.261384	8.10697406	253.342940	35	19.3739612	6.62113511	206.910472
8	10:47:53	8.89	92.190	28.190	27637.000	22.000	92.205317	19.3170139	190.561042	142.932931	8.03231973	251.009992	35	19.3739612	6.56016335	205.005105
8	10:48:08	9.14	92.700	28.130	27640.000	22.000	92.718338	19.4244918	191.621304	143.728195	8.07701075	252.406586	35	19.3739612	6.59666344	206.145733
8	10:48:23	9.39	92.940	28.100	27627.000	22.000	92.976160	19.4785055	192.154145	144.127860	8.09947048	253.108453	35	19.3739612	6.61500678	206.718962
8	10:48:38	9.64	92.470	28.150	27583.000	22.000	92.546943	19.3885847	191.267083	143.462506	8.06207998	251.939999	35	19.3739612	6.58446917	205.764662
8	10:48:53	9.89	93.720	28.010	27663.000	22.000	93.754916	19.6416549	193.763604	145.335056	8.16731059	255.228456	35	19.3739612	6.67041321	208.450413
8	10:49:08	10.14	92.640	28.130	27697.000	22.000	92.718338	19.4244918	191.621304	143.728195	8.07701075	252.406586	35	19.3739612	6.59666344	206.145733
8	10:49:23	10.39	92.890	28.110	27704.000	22.000	92.890122	19.4604805	191.976330	143.994487	8.09197541	252.874232	35	19.3739612	6.60888539	206.527669
8	10:49:38	10.64	92.300	28.170	27649.000	22.000	92.375937	19.3527588	190.913663	143.197419	8.04718301	251.474469	35	19.3739612	6.57230250	205.384453
8	10:49:53	10.89	92.320	28.170	27646.000	22.000	92.375937	19.3527588	190.913663	143.197419	8.04718301	251.474469	35	19.3739612	6.57230250	205.384453
8	10:50:08	11.14	91.610	28.250	27668.000	22.000	91.695767	19.2102632	189.507954	142.143047	7.98793111	249.622847	35	19.3739612	6.52391024	203.872195
8	10:50:23	11.39	92.050	28.200	27703.000	22.000	92.120152	19.2991718	190.385031	142.800911	8.02490070	250.778147	35	19.3739612	6.55410407	204.815752
8	10:50:38	11.64	92.570	28.140	27688.000	22.000	92.632592	19.4065281	191.444093	143.595275	8.06954113	252.173160	35	19.3739612	6.59056285	205.955089
8	10:50:53	11.89	92.410	28.160	27701.000	22.000	92.461392	19.3706616	191.090272	143.329887	8.05462727	251.707102	35	19.3739612	6.57838239	205.574450
8	10:51:08	12.14	92.160	28.190	27701.000	22.000	92.205317	19.3170139	190.561042	142.932931	8.03231973	251.009992	35	19.3739612	6.56016335	205.005105
8	10:51:23	12.39	92.830	28.110	27715.000	22.000	92.890122	19.4604805	191.976330	143.994487	8.09197541	252.874232	35	19.3739612	6.60888539	206.527669
8	10:51:38	12.64	92.380	28.160	27713.000	22.000	92.461392	19.3706616	191.090272	143.329887	8.05462727	251.707102	35	19.3739612	6.57838239	205.574450
8	10:51:53	12.89	91.960	28.210	27706.000	22.000	92.035083	19.2813498	190.209218	142.669041	8.01749005	250.546564	35	19.3739612	6.54805165	204.626614
8	10:52:08	13.14	92.160	28.190	27736.000	22.000	92.205317	19.3170139	190.561042	142.932931	8.03231973	251.009992	35	19.3739612	6.56016335	205.005105
8	10:52:23	13.39	92.000	28.210	27763.000	22.000	92.035083	19.2813498	190.209218	142.669041	8.01749005	250.546564	35	19.3739612	6.54805165	204.626614
8	10:52:38	13.64	92.630	28.140	27748.000	22.000	92.632592	19.4065281	191.444093	143.595275	8.06954113	252.173160	35	19.3739612	6.59056285	205.955089
8	10:52:53	13.89	92.040	28.200	27709.000	22.000	92.120152	19.2991718	190.385031	142.800911	8.02490070	250.778147	35	19.3739612	6.55410407	204.815752
8	10:53:08	14.14	92.040	28.200	27747.000	22.000	92.120152	19.2991718	190.385031	142.800911	8.02490070	250.778147	35	19.3739612	6.55410407	204.815752
8	10:53:23	14.39	91.950	28.220	27775.000	22.000	91.950110	19.2635481	190.033605	142.537319	8.01008778	250.315243	35	19.3739612	6.54200606	204.437689
8	10:53:38	14.64	92.570	28.140	27787.000	22.000	92.632592	19.4065281	191.444093	143.595275	8.06954113	252.173160	35	19.3739612	6.59056285	205.955089
8	10:53:53	14.89	92.700	28.130	27761.000	22.000	92.718338	19.4244918	191.621304	143.728195	8.07701075	252.406586	35	19.3739612	6.59666344	206.145733
8	10:54:08	15.14	92.230	28.180	27804.000	22.000	92.290579	19.3348762	190.737252	143.065100	8.03974716	251.242099	35	19.3739612	6.56622949	205.194672
8	10:54:23	15.39	90.960	28.330	27761.000	22.000	91.021715	19.0690493	188.114888	141.098160	7.92921215	247.787880	35	19.3739612	6.47595324	202.373539
8	10:54:38	15.64	91.760	28.240	27778.000	22.000	91.780452	19.2280048	189.682973	142.274323	7.99530832	249.853385	35	19.3739612	6.52993536	204.060480
8	10:54:53	15.89	91.170	28.310	27798.000	22.000	91.189659	19.1042335	188.461977	141.358498	7.94384226	248.245071	35	19.3739612	6.48790196	202.746936
8	10:55:08	16.14	92.200	28.190	27776.000	22.000	92.205317	19.3170139	190.561042	142.932931	8.03231973	251.009992	35	19.3739612	6.56016335	205.005105
8	10:55:23	16.39	91.670	28.250	27786.000	22.000	91.695767	19.2102632	189.507954	142.143047	7.98793111	249.622847	35	19.3739612	6.52391024	203.872195
8	10:55:38	16.64	92.100	28.200	27813.000	22.000	92.120152	19.2991718	190.385031	142.800911	8.02490070	250.778147	35	19.3739612	6.55410407	204.815752
8	10:55:53	16.89	91.550	28.260	27834.000	22.000	91.611178	19.1925417	189.333132	142.011920	7.98056222	249.392569	35	19.3739612	6.51789191	203.684122
8	10:56:08	17.14	91.770	28.240	27786.000	22.000	91.780452	19.2280048	189.682973	142.274323	7.99530832	249.853385	35	19.3739612	6.52993536	204.060480
8	10:56:23	17.39	92.120	28.190	27800.000	22.000	92.205317	19.3170139	190.561042	142.932931	8.03231973	251.009992	35	19.3739612	6.56016335	205.005105
8	10:56:38	17.64	91.710	28.240	27813.000	22.000	91.780452	19.2280048	189.682973	142.274323	7.99530832	249.853385	35	19.3739612	6.52993536	204.060480
8	10:56:53	17.89	91.830	28.230	27847.000	22.000	91.865233	19.2457664	189.858190	142.405747	8.00269388	250.084184	35	19.3739612	6.53596730	204.248978
8	10:57:08	18.14	90.800	28.350	27821.000	22.000	90.854150	19.0339444	187.768580	140.838407	7.91461496	247.331717	35	19.3739612	6.46403141	202.000981
8	10:57:23	18.39	91.400	28.280	27801.000	22.000	91.442285	19.1571586	188.984080	141.750109	7.96584938	248.932793	35	19.3739612	6.50587563	203.308613
8	10:57:38	18.64	91.520	28.270	27841.000	22.000	91.526683	19.1748402	189.158508	141.880941	7.97320165	249.162551	35	19.3739612	6.51188038	203.496262
8	10:57:53	18.89	90.470	28.390	27797.000	22.000	90.520149	18.9639711	187.078299	140.320651	7.88551897	246.422468	35	19.3739612	6.44026811	201.258378
8	10:58:08	19.14	90.520	28.390	27847.000	22.000	90.520149	18.9639711	187.078299	140.320651	7.88551897	246.422468	35	19.3739612	6.44026811	201.258378
8	10:58:23	19.39	92.190	28.190	27887.000	22.000	92.205317	19.3170139	190.561042	142.932931	8.03231973	251.009992	35	19.3739612	6.56016335	205.005105
8	10:58:38	19.64	91.240	28.300	27839.000	22.000	91.273772	19.1218553	188.635815	141.488888	7.95116970	248.474053	35	19.3739612	6.49388643	202.933951
8	10:58:53	19.89	91.100	28.320	27854.000	22.000	91.105640	19.0866315	188.288335	141.228256	7.93652308	248.016346	35	19.3739612	6.48192423	202.560132
8	10:59:08	20.14	91.240	28.300	27855.000	22.000	91.273772	19.1218553	188.635815	141.488888	7.95116970	248.474053	35	19.3739612	6.49388643	202.933951
8	10:59:23	20.39	91.090	28.320	27859.000	22.000	91.105640	19.0866315	188.288335	141.228256	7.93652308	248.016346	35	19.3739612	6.48192423	202.560132
8	10:59:38	20.64	90.780	28.350	27854.000	22.000	90.854150	19.0339444	187.768580	140.838407	7.91461496	247.331717	35	19.3739612	6.46403141	202.000981
8	10:59:53	20.89	91.230	28.300	27864.000	22.000	91.273772	19.1218553	188.635815	141.488888	7.95116970	248.474053	35	19.3739612	6.49388643	202.933951
8	11:00:08	21.14	91.290	28.290	27869.000	22.000	91.357981	19.1394970	188.809850	141.619425	7.95850540	248.703294	35	19.3739612	6.49987765	203.121176
8	11:00:23	21.39	91.150	28.310	27896.000	22.000	91.189659	19.1042335	188.461977	141.358498	7.94384226	248.245071	35	19.3739612	6.48790196	202.746936
8	11:00:38	21.64	90.910	28.340	27879.000	22.000	90.937885	19.0514870	187.941637	140.968210	7.92190944	247.559670	35	19.3739612	6.46998897	202.187155
8	11:00:53	21.89	91.110	28.310	27899.000	22.000	91.189659	19.1042335	188.461977	141.358498	7.94384226	248.245071	35	19.3739612	6.48790196	202.746936
8	11:01:08	22.14	91.110	28.310	27894.000	22.000	91.189659	19.1042335	188.461977	141.358498	7.94384226	248.245071	35	19.3739612	6.48790196	202.746936
8	11:01:23	22.39	91.240	28.300	27910.000	22.000	91.273772	19.1218553	188.635815	141.488888	7.95116970	248.474053	35	19.3739612	6.49388643	202.933951
8	11:01:38	22.64	91.090	28.320	27905.000	22.000	91.105640	19.0866315	188.288335	141.228256	7.93652308	248.016346	35	19.3739612	6.48192423	202.560132
8	11:01:53	22.89	91.200	28.300	27888.000	22.000	91.273772	19.1218553	188.635815	141.488888	7.95116970	248.474053	35	19.3739612	6.49388643	202.933951
8	11:02:08	23.14	90.650	28.370	27892.000	22.000	90.686961	18.9989184	187.423051	140.579238	7.90005060	246.876581	35	19.3739612	6.45213639	201.629262
8	11:02:23	23.39	90.910	28.340	27899.000	22.000	90.937885	19.0514870	187.941637	140.968210	7.92190944	247.559670	35	19.3739612	6.46998897	202.187155
8	11:02:38	23.64	90.770	28.360	27898.000	22.000	90.770509	19.0164216	187.595719	140.708749	7.90732868	247.104021	35	19.3739612	6.45808055	201.815017
8	11:02:53	23.89	90.370	28.400	27924.000	22.000	90.436883	18.9465270	186.906213	140.191576	7.87826540	246.195794	35	19.3739612	6.43434397	201.073249
