Chamber	Time/hh:mm:ss	Logtime/min	Oxy/% air sat.	Phase/°	Amp	Temp/°C	% air-sat.	% oxygen	pO2 (hPa)	pO2 (Torr)	cO2 [mg/L]	cO2 [µmol/L]	Salinity	chlorinity	SalCorcO2 [mg/L]	SalCorcO2 [µmol/L]
3	10:05:01	0.00	94.380	27.930	30780.000	22.000	94.453871	19.7880860	195.208137	146.418548	8.22819897	257.131218	35	19.3739612	6.72014202	210.004438
3	10:05:13	0.21	94.170	27.960	31506.000	22.000	94.191016	19.7330179	194.664893	146.011081	8.20530075	256.415648	35	19.3739612	6.70144056	209.420018
3	10:05:28	0.46	94.720	27.890	31511.000	22.000	94.805748	19.8618041	195.935361	146.964013	8.25885212	258.089129	35	19.3739612	6.74517709	210.786784
3	10:05:43	0.71	94.110	27.960	31528.000	22.000	94.191016	19.7330179	194.664893	146.011081	8.20530075	256.415648	35	19.3739612	6.70144056	209.420018
3	10:05:58	0.96	94.780	27.890	31509.000	22.000	94.805748	19.8618041	195.935361	146.964013	8.25885212	258.089129	35	19.3739612	6.74517709	210.786784
3	10:06:13	1.21	94.360	27.940	31546.000	22.000	94.366153	19.7697090	195.026849	146.282571	8.22055752	256.892423	35	19.3739612	6.71390109	209.809409
3	10:06:28	1.46	94.450	27.930	31563.000	22.000	94.453871	19.7880860	195.208137	146.418548	8.22819897	257.131218	35	19.3739612	6.72014202	210.004438
3	10:06:43	1.71	94.040	27.970	31556.000	22.000	94.103597	19.7147036	194.484224	145.875567	8.19768539	256.177669	35	19.3739612	6.69522095	209.225655
3	10:06:58	1.96	94.290	27.940	31579.000	22.000	94.366153	19.7697090	195.026849	146.282571	8.22055752	256.892423	35	19.3739612	6.71390109	209.809409
3	10:07:13	2.21	94.220	27.950	31586.000	22.000	94.278535	19.7513530	194.845768	146.146748	8.21292478	256.653900	35	19.3739612	6.70766728	209.614602
3	10:07:28	2.46	93.840	28.000	31612.000	22.000	93.841937	19.6598859	193.943451	145.469953	8.17489133	255.465354	35	19.3739612	6.67660455	208.643892
3	10:07:43	2.71	94.020	27.970	31639.000	22.000	94.103597	19.7147036	194.484224	145.875567	8.19768539	256.177669	35	19.3739612	6.69522095	209.225655
3	10:07:58	2.96	93.770	28.000	31623.000	22.000	93.841937	19.6598859	193.943451	145.469953	8.17489133	255.465354	35	19.3739612	6.67660455	208.643892
3	10:08:13	3.21	94.040	27.970	31621.000	22.000	94.103597	19.7147036	194.484224	145.875567	8.19768539	256.177669	35	19.3739612	6.69522095	209.225655
3	10:08:28	3.46	93.740	28.010	31611.000	22.000	93.754916	19.6416549	193.763604	145.335056	8.16731059	255.228456	35	19.3739612	6.67041321	208.450413
3	10:08:43	3.71	93.530	28.030	31628.000	22.000	93.581170	19.6052551	193.404522	145.065722	8.15217497	254.755468	35	19.3739612	6.65805163	208.064114
3	10:08:58	3.96	93.580	28.020	31680.000	22.000	93.667994	19.6234446	193.583961	145.200312	8.15973848	254.991827	35	19.3739612	6.66422891	208.257153
3	10:09:13	4.21	93.280	28.060	31661.000	22.000	93.321291	19.5508104	192.867428	144.662868	8.12953600	254.048000	35	19.3739612	6.63956191	207.486310
3	10:09:28	4.46	93.650	28.020	31681.000	22.000	93.667994	19.6234446	193.583961	145.200312	8.15973848	254.991827	35	19.3739612	6.66422891	208.257153
3	10:09:43	4.71	93.070	28.080	31704.000	22.000	93.148529	19.5146169	192.510382	144.395060	8.11448617	253.577693	35	19.3739612	6.62727040	207.102200
3	10:09:58	4.96	93.030	28.090	31724.000	22.000	93.062296	19.4965509	192.332163	144.261384	8.10697406	253.342940	35	19.3739612	6.62113511	206.910472
3	10:10:13	5.21	92.960	28.100	31751.000	22.000	92.976160	19.4785055	192.154145	144.127860	8.09947048	253.108453	35	19.3739612	6.61500678	206.718962
3	10:10:28	5.46	93.390	28.050	31735.000	22.000	93.407819	19.5689380	193.046256	144.797000	8.13707375	254.283555	35	19.3739612	6.64571815	207.678692
3	10:10:43	5.71	93.170	28.070	31744.000	22.000	93.234861	19.5327033	192.688804	144.528888	8.12200681	253.812713	35	19.3739612	6.63341267	207.294146
3	10:10:58	5.96	92.830	28.110	31771.000	22.000	92.890122	19.4604805	191.976330	143.994487	8.09197541	252.874232	35	19.3739612	6.60888539	206.527669
3	10:11:13	6.21	92.760	28.120	31796.000	22.000	92.804181	19.4424760	191.798717	143.861266	8.08448884	252.640276	35	19.3739612	6.60277095	206.336592
3	10:11:28	6.46	92.460	28.160	31812.000	22.000	92.461392	19.3706616	191.090272	143.329887	8.05462727	251.707102	35	19.3739612	6.57838239	205.574450
3	10:11:43	6.71	92.820	28.110	31799.000	22.000	92.890122	19.4604805	191.976330	143.994487	8.09197541	252.874232	35	19.3739612	6.60888539	206.527669
3	10:11:58	6.96	92.680	28.130	31859.000	22.000	92.718338	19.4244918	191.621304	143.728195	8.07701075	252.406586	35	19.3739612	6.59666344	206.145733
3	10:12:13	7.21	92.460	28.150	31841.000	22.000	92.546943	19.3885847	191.267083	143.462506	8.06207998	251.939999	35	19.3739612	6.58446917	205.764662
3	10:12:28	7.46	92.410	28.160	31896.000	22.000	92.461392	19.3706616	191.090272	143.329887	8.05462727	251.707102	35	19.3739612	6.57838239	205.574450
3	10:12:43	7.71	92.110	28.200	31900.000	22.000	92.120152	19.2991718	190.385031	142.800911	8.02490070	250.778147	35	19.3739612	6.55410407	204.815752
3	10:12:58	7.96	92.230	28.180	31926.000	22.000	92.290579	19.3348762	190.737252	143.065100	8.03974716	251.242099	35	19.3739612	6.56622949	205.194672
3	10:13:13	8.21	91.890	28.220	31948.000	22.000	91.950110	19.2635481	190.033605	142.537319	8.01008778	250.315243	35	19.3739612	6.54200606	204.437689
3	10:13:28	8.46	92.310	28.170	31957.000	22.000	92.375937	19.3527588	190.913663	143.197419	8.04718301	251.474469	35	19.3739612	6.57230250	205.384453
3	10:13:43	8.71	91.730	28.240	31978.000	22.000	91.780452	19.2280048	189.682973	142.274323	7.99530832	249.853385	35	19.3739612	6.52993536	204.060480
3	10:13:58	8.96	91.860	28.230	31948.000	22.000	91.865233	19.2457664	189.858190	142.405747	8.00269388	250.084184	35	19.3739612	6.53596730	204.248978
3	10:14:13	9.21	91.700	28.240	32007.000	22.000	91.780452	19.2280048	189.682973	142.274323	7.99530832	249.853385	35	19.3739612	6.52993536	204.060480
3	10:14:28	9.46	91.550	28.260	31998.000	22.000	91.611178	19.1925417	189.333132	142.011920	7.98056222	249.392569	35	19.3739612	6.51789191	203.684122
3	10:14:43	9.71	91.840	28.230	32050.000	22.000	91.865233	19.2457664	189.858190	142.405747	8.00269388	250.084184	35	19.3739612	6.53596730	204.248978
3	10:14:58	9.96	91.590	28.260	32037.000	22.000	91.611178	19.1925417	189.333132	142.011920	7.98056222	249.392569	35	19.3739612	6.51789191	203.684122
3	10:15:13	10.21	91.180	28.310	32053.000	22.000	91.189659	19.1042335	188.461977	141.358498	7.94384226	248.245071	35	19.3739612	6.48790196	202.746936
3	10:15:28	10.46	91.780	28.240	32072.000	22.000	91.780452	19.2280048	189.682973	142.274323	7.99530832	249.853385	35	19.3739612	6.52993536	204.060480
3	10:15:43	10.71	91.440	28.280	32098.000	22.000	91.442285	19.1571586	188.984080	141.750109	7.96584938	248.932793	35	19.3739612	6.50587563	203.308613
3	10:15:58	10.96	90.880	28.340	32097.000	22.000	90.937885	19.0514870	187.941637	140.968210	7.92190944	247.559670	35	19.3739612	6.46998897	202.187155
3	10:16:13	11.21	90.950	28.330	32146.000	22.000	91.021715	19.0690493	188.114888	141.098160	7.92921215	247.787880	35	19.3739612	6.47595324	202.373539
3	10:16:28	11.46	90.760	28.360	32156.000	22.000	90.770509	19.0164216	187.595719	140.708749	7.90732868	247.104021	35	19.3739612	6.45808055	201.815017
3	10:16:43	11.71	90.520	28.380	32184.000	22.000	90.603508	18.9814350	187.250578	140.449872	7.89278070	246.649397	35	19.3739612	6.44619891	201.443716
3	10:16:58	11.96	90.730	28.360	32189.000	22.000	90.770509	19.0164216	187.595719	140.708749	7.90732868	247.104021	35	19.3739612	6.45808055	201.815017
3	10:17:13	12.21	90.260	28.420	32209.000	22.000	90.270632	18.9116973	186.562621	139.933860	7.86378270	245.743209	35	19.3739612	6.42251564	200.703614
3	10:17:28	12.46	90.510	28.390	32222.000	22.000	90.520149	18.9639711	187.078299	140.320651	7.88551897	246.422468	35	19.3739612	6.44026811	201.258378
3	10:17:43	12.71	90.770	28.360	32243.000	22.000	90.770509	19.0164216	187.595719	140.708749	7.90732868	247.104021	35	19.3739612	6.45808055	201.815017
3	10:17:58	12.96	90.170	28.430	32261.000	22.000	90.187646	18.8943119	186.391115	139.805220	7.85655354	245.517298	35	19.3739612	6.41661143	200.519107
3	10:18:13	13.21	90.120	28.430	32286.000	22.000	90.187646	18.8943119	186.391115	139.805220	7.85655354	245.517298	35	19.3739612	6.41661143	200.519107
3	10:18:28	13.46	89.700	28.480	32284.000	22.000	89.774112	18.8076765	185.536463	139.164176	7.82052920	244.391538	35	19.3739612	6.38718960	199.599675
3	10:18:43	13.71	90.290	28.410	32289.000	22.000	90.353711	18.9291024	186.734321	140.062646	7.87101998	245.969374	35	19.3739612	6.42842648	200.888327
3	10:18:58	13.96	89.770	28.480	32327.000	22.000	89.774112	18.8076765	185.536463	139.164176	7.82052920	244.391538	35	19.3739612	6.38718960	199.599675
3	10:19:13	14.21	90.170	28.430	32353.000	22.000	90.187646	18.8943119	186.391115	139.805220	7.85655354	245.517298	35	19.3739612	6.41661143	200.519107
3	10:19:28	14.46	89.640	28.490	32362.000	22.000	89.691684	18.7904077	185.366107	139.036398	7.81334854	244.167142	35	19.3739612	6.38132501	199.416407
3	10:19:43	14.71	89.800	28.470	32362.000	22.000	89.856634	18.8249648	185.707010	139.292097	7.82771791	244.616185	35	19.3739612	6.39306078	199.783149
3	10:19:58	14.96	89.090	28.560	32405.000	22.000	89.117259	18.6700658	184.178942	138.145949	7.76330848	242.603390	35	19.3739612	6.34045625	198.139258
3	10:20:13	15.21	89.710	28.480	32436.000	22.000	89.774112	18.8076765	185.536463	139.164176	7.82052920	244.391538	35	19.3739612	6.38718960	199.599675
3	10:20:28	15.46	89.440	28.520	32435.000	22.000	89.444950	18.7387171	184.856183	138.653923	7.79185478	243.495462	35	19.3739612	6.36377060	198.867831
3	10:20:43	15.71	89.460	28.510	32464.000	22.000	89.527103	18.7559280	185.025967	138.781272	7.79901134	243.719105	35	19.3739612	6.36961552	199.050485
3	10:20:58	15.96	89.220	28.540	32465.000	22.000	89.280921	18.7043530	184.517184	138.399652	7.77756566	243.048927	35	19.3739612	6.35210038	198.503137
3	10:21:13	16.21	88.880	28.580	32480.000	22.000	88.953963	18.6358552	183.841457	137.892813	7.74908315	242.158849	35	19.3739612	6.32883812	197.776191
3	10:21:28	16.46	88.730	28.600	32479.000	22.000	88.791030	18.6017209	183.504724	137.640243	7.73488958	241.715299	35	19.3739612	6.31724593	197.413935
3	10:21:43	16.71	88.920	28.580	32505.000	22.000	88.953963	18.6358552	183.841457	137.892813	7.74908315	242.158849	35	19.3739612	6.32883812	197.776191
3	10:21:58	16.96	88.530	28.630	32539.000	22.000	88.547313	18.5506621	183.001033	137.262442	7.71365856	241.051830	35	19.3739612	6.29990611	196.872066
3	10:22:13	17.21	88.710	28.600	32558.000	22.000	88.791030	18.6017209	183.504724	137.640243	7.73488958	241.715299	35	19.3739612	6.31724593	197.413935
3	10:22:28	17.46	88.450	28.640	32562.000	22.000	88.466255	18.5336805	182.833511	137.136790	7.70659733	240.831167	35	19.3739612	6.29413906	196.691846
3	10:22:43	17.71	88.700	28.610	32576.000	22.000	88.709701	18.5846823	183.336640	137.514169	7.72780467	241.493896	35	19.3739612	6.31145954	197.233111
3	10:22:58	17.96	88.690	28.610	32608.000	22.000	88.709701	18.5846823	183.336640	137.514169	7.72780467	241.493896	35	19.3739612	6.31145954	197.233111
3	10:23:13	18.21	88.450	28.640	32609.000	22.000	88.466255	18.5336805	182.833511	137.136790	7.70659733	240.831167	35	19.3739612	6.29413906	196.691846
3	10:23:28	18.46	88.180	28.670	32645.000	22.000	88.223623	18.4828491	182.332062	136.760671	7.68546082	240.170651	35	19.3739612	6.27687643	196.152389
3	10:23:43	18.71	88.320	28.650	32683.000	22.000	88.385288	18.5167178	182.666175	137.011277	7.69954397	240.610749	35	19.3739612	6.28837844	196.511826
3	10:23:58	18.96	87.930	28.700	32665.000	22.000	87.981801	18.4321873	181.832287	136.385808	7.66439484	239.512339	35	19.3739612	6.25967141	195.614732
3	10:24:13	19.21	88.120	28.680	32693.000	22.000	88.142926	18.4659430	182.165285	136.635578	7.67843101	239.950969	35	19.3739612	6.27113504	195.972970
3	10:24:28	19.46	87.680	28.730	32722.000	22.000	87.740785	18.3816944	181.334178	136.012194	7.64339909	238.856221	35	19.3739612	6.24252374	195.078867
3	10:24:43	19.71	87.640	28.740	32730.000	22.000	87.660624	18.3649008	181.168510	135.887933	7.63641606	238.638002	35	19.3739612	6.23682055	194.900642
3	10:24:58	19.96	87.580	28.740	32755.000	22.000	87.660624	18.3649008	181.168510	135.887933	7.63641606	238.638002	35	19.3739612	6.23682055	194.900642
3	10:25:13	20.21	87.660	28.740	32791.000	22.000	87.660624	18.3649008	181.168510	135.887933	7.63641606	238.638002	35	19.3739612	6.23682055	194.900642
3	10:25:28	20.46	87.500	28.760	32812.000	22.000	87.500571	18.3313696	180.837727	135.639825	7.62247325	238.202289	35	19.3739612	6.22543317	194.544787
