Chamber	Time/hh:mm:ss	Logtime/min	Oxy/% air sat.	Phase/°	Amp	Temp/°C	% air-sat.	% oxygen	pO2 (hPa)	pO2 (Torr)	cO2 [mg/L]	cO2 [µmol/L]	Salinity	chlorinity	SalCorcO2 [mg/L]	SalCorcO2 [µmol/L]
4	15:18:44	0.00	92.030	26.480	32044.000	32.000	92.030368	19.2803620	186.118905	139.601045	6.71863524	209.957351	35	19.3739612	5.36470643	167.647076
4	15:18:59	0.25	92.250	26.450	32047.000	32.000	92.296397	19.3360952	186.656914	140.004586	6.73805662	210.564269	35	19.3739612	5.38021404	168.131689
4	15:19:14	0.50	91.480	26.540	32058.000	32.000	91.501167	19.1694946	185.048669	138.798300	6.68000122	208.750038	35	19.3739612	5.33385788	166.683059
4	15:19:29	0.75	91.990	26.480	32082.000	32.000	92.030368	19.2803620	186.118905	139.601045	6.71863524	209.957351	35	19.3739612	5.36470643	167.647076
4	15:19:44	1.00	91.720	26.510	32185.000	32.000	91.765292	19.2248288	185.582826	139.198952	6.69928355	209.352611	35	19.3739612	5.34925446	167.164202
4	15:19:59	1.25	91.950	26.480	32127.000	32.000	92.030368	19.2803620	186.118905	139.601045	6.71863524	209.957351	35	19.3739612	5.36470643	167.647076
4	15:20:14	1.50	91.800	26.500	32163.000	32.000	91.853545	19.2433177	185.761305	139.332822	6.70572639	209.553950	35	19.3739612	5.35439895	167.324967
4	15:20:29	1.74	91.450	26.540	32176.000	32.000	91.501167	19.1694946	185.048669	138.798300	6.68000122	208.750038	35	19.3739612	5.33385788	166.683059
4	15:20:44	1.99	91.290	26.560	32192.000	32.000	91.325610	19.1327152	184.693628	138.531996	6.66718471	208.349522	35	19.3739612	5.32362413	166.363254
4	15:20:59	2.24	91.450	26.540	32192.000	32.000	91.501167	19.1694946	185.048669	138.798300	6.68000122	208.750038	35	19.3739612	5.33385788	166.683059
4	15:21:14	2.50	91.080	26.580	32213.000	32.000	91.150471	19.0960237	184.339434	138.266328	6.65439880	207.949963	35	19.3739612	5.31341482	166.044213
4	15:21:29	2.74	90.670	26.630	32229.000	32.000	90.714450	19.0046773	183.457641	137.604927	6.62256728	206.955227	35	19.3739612	5.28799793	165.249935
4	15:21:44	2.99	91.220	26.570	32234.000	32.000	91.237988	19.1143585	184.516425	138.399083	6.66078794	208.149623	35	19.3739612	5.31851643	166.203638
4	15:21:59	3.25	90.820	26.610	32236.000	32.000	90.888546	19.0411505	183.809727	137.869014	6.63527710	207.352409	35	19.3739612	5.29814649	165.567078
4	15:22:14	3.49	91.030	26.590	32275.000	32.000	91.063059	19.0777108	184.162654	138.133732	6.64801729	207.750540	35	19.3739612	5.30831930	165.884978
4	15:22:29	3.74	90.780	26.620	32322.000	32.000	90.801446	19.0229030	183.633579	137.736892	6.62891840	207.153700	35	19.3739612	5.29306919	165.408412
4	15:22:44	3.99	90.930	26.600	32305.000	32.000	90.975750	19.0594197	183.986085	138.001294	6.64164339	207.551356	35	19.3739612	5.30322986	165.725933
4	15:22:59	4.25	90.330	26.670	32334.000	32.000	90.367500	18.9319913	182.755982	137.078638	6.59723836	206.163699	35	19.3739612	5.26777326	164.617914
4	15:23:14	4.49	90.500	26.650	32371.000	32.000	90.540768	18.9682910	183.106393	137.341469	6.60988773	206.558992	35	19.3739612	5.27787355	164.933548
4	15:23:29	4.75	90.630	26.630	32391.000	32.000	90.714450	19.0046773	183.457641	137.604927	6.62256728	206.955227	35	19.3739612	5.28799793	165.249935
4	15:23:44	5.00	90.540	26.650	32404.000	32.000	90.540768	18.9682910	183.106393	137.341469	6.60988773	206.558992	35	19.3739612	5.27787355	164.933548
4	15:23:59	5.24	90.160	26.690	32422.000	32.000	90.194644	18.8957780	182.406404	136.816432	6.58461909	205.769346	35	19.3739612	5.25769700	164.303031
4	15:24:14	5.50	90.120	26.690	32470.000	32.000	90.194644	18.8957780	182.406404	136.816432	6.58461909	205.769346	35	19.3739612	5.25769700	164.303031
4	15:24:29	5.74	90.350	26.670	32469.000	32.000	90.367500	18.9319913	182.755982	137.078638	6.59723836	206.163699	35	19.3739612	5.26777326	164.617914
4	15:24:44	6.00	89.880	26.720	32485.000	32.000	89.936130	18.8416193	181.883595	136.424292	6.56574639	205.179575	35	19.3739612	5.24262751	163.832110
4	15:24:59	6.24	89.700	26.740	32494.000	32.000	89.764299	18.8056207	181.536090	136.163641	6.55320195	204.787561	35	19.3739612	5.23261100	163.519094
4	15:25:14	6.50	89.800	26.730	32512.000	32.000	89.850164	18.8236093	181.709739	136.293889	6.55947044	204.983451	35	19.3739612	5.23761628	163.675509
4	15:25:29	6.74	89.530	26.760	32516.000	32.000	89.592876	18.7697076	181.189410	135.903609	6.54068728	204.396478	35	19.3739612	5.22261827	163.206821
4	15:25:44	7.00	89.430	26.770	32530.000	32.000	89.507317	18.7517829	181.016378	135.773825	6.53444108	204.201284	35	19.3739612	5.21763079	163.050962
4	15:25:59	7.24	89.970	26.710	32554.000	32.000	90.022199	18.8596507	182.057657	136.554850	6.57202981	205.375932	35	19.3739612	5.24764470	163.988897
4	15:26:14	7.50	89.520	26.760	32551.000	32.000	89.592876	18.7697076	181.189410	135.903609	6.54068728	204.396478	35	19.3739612	5.22261827	163.206821
4	15:26:29	7.75	89.530	26.760	32594.000	32.000	89.592876	18.7697076	181.189410	135.903609	6.54068728	204.396478	35	19.3739612	5.22261827	163.206821
4	15:26:44	8.00	89.090	26.810	32607.000	32.000	89.166095	18.6802968	180.326302	135.256223	6.50953028	203.422821	35	19.3739612	5.19773998	162.429374
4	15:26:59	8.24	88.910	26.840	32647.000	32.000	88.911238	18.6269043	179.810888	134.869630	6.49092456	202.841393	35	19.3739612	5.18288365	161.965114
4	15:27:14	8.50	88.810	26.850	32639.000	32.000	88.826486	18.6091489	179.639490	134.741071	6.48473733	202.648042	35	19.3739612	5.17794326	161.810727
4	15:27:29	8.74	88.900	26.840	32669.000	32.000	88.911238	18.6269043	179.810888	134.869630	6.49092456	202.841393	35	19.3739612	5.18288365	161.965114
4	15:27:44	9.00	88.850	26.840	32677.000	32.000	88.911238	18.6269043	179.810888	134.869630	6.49092456	202.841393	35	19.3739612	5.18288365	161.965114
4	15:27:59	9.24	88.830	26.840	32683.000	32.000	88.911238	18.6269043	179.810888	134.869630	6.49092456	202.841393	35	19.3739612	5.18288365	161.965114
4	15:28:14	9.50	88.370	26.900	32729.000	32.000	88.404231	18.5206864	178.785537	134.100551	6.45391079	201.684712	35	19.3739612	5.15332884	161.041526
4	15:28:29	9.74	88.480	26.890	32734.000	32.000	88.488482	18.5383371	178.955924	134.228352	6.46006152	201.876923	35	19.3739612	5.15824008	161.195003
4	15:28:44	9.99	88.380	26.900	32757.000	32.000	88.404231	18.5206864	178.785537	134.100551	6.45391079	201.684712	35	19.3739612	5.15332884	161.041526
4	15:28:59	10.25	88.070	26.930	32758.000	32.000	88.152074	18.4678594	178.275583	133.718053	6.43550215	201.109442	35	19.3739612	5.13862987	160.582184
4	15:29:14	10.49	88.110	26.930	32809.000	32.000	88.152074	18.4678594	178.275583	133.718053	6.43550215	201.109442	35	19.3739612	5.13862987	160.582184
4	15:29:29	10.75	88.000	26.940	32795.000	32.000	88.068219	18.4502920	178.105999	133.590854	6.42938041	200.918138	35	19.3739612	5.13374178	160.429431
4	15:29:44	10.99	87.700	26.980	32834.000	32.000	87.733791	18.3802292	177.429663	133.083559	6.40496560	200.155175	35	19.3739612	5.11424701	159.820219
4	15:29:59	11.24	87.850	26.960	32832.000	32.000	87.900808	18.4152193	177.767432	133.336908	6.41715861	200.536206	35	19.3739612	5.12398290	160.124465
4	15:30:14	11.50	88.320	26.900	32860.000	32.000	88.404231	18.5206864	178.785537	134.100551	6.45391079	201.684712	35	19.3739612	5.15332884	161.041526
4	15:30:29	11.75	87.710	26.980	32883.000	32.000	87.733791	18.3802292	177.429663	133.083559	6.40496560	200.155175	35	19.3739612	5.11424701	159.820219
4	15:30:44	12.00	88.270	26.910	32883.000	32.000	88.320079	18.5030566	178.615351	133.972901	6.44776732	201.492729	35	19.3739612	5.14842339	160.888231
4	15:30:59	12.24	87.670	26.980	32878.000	32.000	87.733791	18.3802292	177.429663	133.083559	6.40496560	200.155175	35	19.3739612	5.11424701	159.820219
4	15:31:14	12.49	87.560	27.000	32920.000	32.000	87.567167	18.3453215	177.092689	132.830807	6.39280131	199.775041	35	19.3739612	5.10453405	159.516689
4	15:31:29	12.75	87.390	27.020	32917.000	32.000	87.400936	18.3104960	176.756508	132.578650	6.38066566	199.395802	35	19.3739612	5.09484395	159.213873
4	15:31:44	12.99	87.110	27.050	32951.000	32.000	87.152321	18.2584113	176.253719	132.201526	6.36251567	198.828615	35	19.3739612	5.08035152	158.760985
4	15:31:59	13.25	87.430	27.010	32972.000	32.000	87.484002	18.3278985	176.924499	132.704654	6.38672991	199.585310	35	19.3739612	5.09968614	159.365192
4	15:32:14	13.49	87.110	27.050	33014.000	32.000	87.152321	18.2584113	176.253719	132.201526	6.36251567	198.828615	35	19.3739612	5.08035152	158.760985
4	15:32:29	13.75	87.060	27.060	32991.000	32.000	87.069644	18.2410905	176.086517	132.076114	6.35647989	198.639997	35	19.3739612	5.07553206	158.610377
4	15:32:44	13.99	87.310	27.030	33025.000	32.000	87.317967	18.2931140	176.588714	132.452794	6.37460854	199.206517	35	19.3739612	5.09000745	159.062733
4	15:32:59	14.24	86.810	27.090	33046.000	32.000	86.822197	18.1892502	175.586087	131.700760	6.33841509	198.075472	35	19.3739612	5.06110765	158.159614
4	15:33:14	14.49	87.110	27.050	33069.000	32.000	87.152321	18.2584113	176.253719	132.201526	6.36251567	198.828615	35	19.3739612	5.08035152	158.760985
4	15:33:29	14.75	86.850	27.080	33069.000	32.000	86.904582	18.2065100	175.752701	131.825731	6.34442962	198.263425	35	19.3739612	5.06591014	158.309692
4	15:33:44	14.99	86.650	27.110	33071.000	32.000	86.657716	18.1547914	175.253447	131.451258	6.32640721	197.700225	35	19.3739612	5.05151958	157.859987
4	15:33:59	15.25	86.590	27.110	33099.000	32.000	86.657716	18.1547914	175.253447	131.451258	6.32640721	197.700225	35	19.3739612	5.05151958	157.859987
4	15:34:14	15.50	86.630	27.110	33087.000	32.000	86.657716	18.1547914	175.253447	131.451258	6.32640721	197.700225	35	19.3739612	5.05151958	157.859987
4	15:34:29	15.75	86.450	27.130	33127.000	32.000	86.493620	18.1204134	174.921586	131.202342	6.31442750	197.325859	35	19.3739612	5.04195400	157.561062
4	15:34:44	16.00	86.550	27.120	33140.000	32.000	86.575620	18.1375923	175.087419	131.326727	6.32041384	197.512933	35	19.3739612	5.04673398	157.710437
4	15:34:59	16.24	86.380	27.140	33166.000	32.000	86.411717	18.1032546	174.755947	131.078102	6.30844817	197.139005	35	19.3739612	5.03717962	157.411863
4	15:35:14	16.50	86.100	27.170	33203.000	32.000	86.166582	18.0518989	174.260195	130.706256	6.29055221	196.579757	35	19.3739612	5.02289002	156.965313
4	15:35:29	16.74	86.350	27.140	33184.000	32.000	86.411717	18.1032546	174.755947	131.078102	6.30844817	197.139005	35	19.3739612	5.03717962	157.411863
4	15:35:44	17.00	85.990	27.190	33231.000	32.000	86.003637	18.0177619	173.930661	130.459085	6.27865648	196.208015	35	19.3739612	5.01339150	156.668484
4	15:35:59	17.24	85.750	27.220	33207.000	32.000	85.759933	17.9667060	173.437804	130.089411	6.26086502	195.652032	35	19.3739612	4.99918535	156.224542
4	15:36:14	17.49	86.000	27.190	33226.000	32.000	86.003637	18.0177619	173.930661	130.459085	6.27865648	196.208015	35	19.3739612	5.01339150	156.668484
4	15:36:29	17.75	85.850	27.200	33263.000	32.000	85.922307	18.0007233	173.766183	130.335716	6.27271905	196.022470	35	19.3739612	5.00865057	156.520330
4	15:36:44	17.99	86.060	27.180	33278.000	32.000	86.085061	18.0348204	174.095332	130.582598	6.28460086	196.393777	35	19.3739612	5.01813798	156.816812
4	15:36:59	18.25	85.540	27.240	33295.000	32.000	85.597939	17.9327682	173.110192	129.843681	6.24903870	195.282459	35	19.3739612	4.98974224	155.929445
4	15:37:14	18.50	85.810	27.210	33309.000	32.000	85.841073	17.9837047	173.601897	130.212491	6.26678857	195.837143	35	19.3739612	5.00391519	156.372350
4	15:37:29	18.74	85.290	27.270	33310.000	32.000	85.355656	17.8820100	172.620209	129.476162	6.23135096	194.729718	35	19.3739612	4.97561892	155.488091
4	15:37:44	19.00	85.470	27.250	33355.000	32.000	85.517084	17.9158290	172.946674	129.721031	6.24313589	195.097997	35	19.3739612	4.98502897	155.782155
4	15:37:59	19.25	85.220	27.280	33384.000	32.000	85.275084	17.8651301	172.457262	129.353942	6.22546881	194.545900	35	19.3739612	4.97092213	155.341316
4	15:38:14	19.50	85.550	27.240	33386.000	32.000	85.597939	17.9327682	173.110192	129.843681	6.24903870	195.282459	35	19.3739612	4.98974224	155.929445
