Chamber	Time/hh:mm:ss	Logtime/min	Oxy/% air sat.	Phase/°	Amp	Temp/°C	% air-sat.	% oxygen	pO2 (hPa)	pO2 (Torr)	cO2 [mg/L]	cO2 [µmol/L]	Salinity	chlorinity	SalCorcO2 [mg/L]	SalCorcO2 [µmol/L]
8	8:19:15	0.00	94.860	28.620	28858.000	18.000	94.866109	19.8744499	197.215441	147.924154	8.94546135	279.545667	35	19.3739612	7.26723586	227.101121
8	8:19:16	0.02	94.870	28.610	28839.000	18.000	94.952997	19.8926528	197.396069	148.059637	8.95365442	279.801701	35	19.3739612	7.27389186	227.309121
8	8:19:27	0.21	94.640	28.640	28859.000	18.000	94.692626	19.8381051	196.854789	147.653642	8.92910259	279.034456	35	19.3739612	7.25394611	226.685816
8	8:19:42	0.46	94.690	28.640	28818.000	18.000	94.692626	19.8381051	196.854789	147.653642	8.92910259	279.034456	35	19.3739612	7.25394611	226.685816
8	8:19:57	0.71	94.580	28.650	28868.000	18.000	94.606029	19.8199631	196.674764	147.518612	8.92093688	278.779278	35	19.3739612	7.24731234	226.478511
8	8:20:12	0.96	94.400	28.670	28833.000	18.000	94.433124	19.7837396	196.315316	147.249003	8.90463274	278.269773	35	19.3739612	7.23406696	226.064592
8	8:20:27	1.21	94.480	28.660	28867.000	18.000	94.519529	19.8018412	196.494940	147.383733	8.91278027	278.524383	35	19.3739612	7.24068596	226.271436
8	8:20:42	1.46	94.850	28.620	28853.000	18.000	94.866109	19.8744499	197.215441	147.924154	8.94546135	279.545667	35	19.3739612	7.26723586	227.101121
8	8:20:57	1.71	94.930	28.610	28860.000	18.000	94.952997	19.8926528	197.396069	148.059637	8.95365442	279.801701	35	19.3739612	7.27389186	227.309121
8	8:21:12	1.96	94.380	28.670	28851.000	18.000	94.433124	19.7837396	196.315316	147.249003	8.90463274	278.269773	35	19.3739612	7.23406696	226.064592
8	8:21:27	2.20	94.440	28.660	28878.000	18.000	94.519529	19.8018412	196.494940	147.383733	8.91278027	278.524383	35	19.3739612	7.24068596	226.271436
8	8:21:42	2.46	94.310	28.680	28880.000	18.000	94.346816	19.7656580	196.135892	147.114424	8.89649427	278.015446	35	19.3739612	7.22745532	225.857979
8	8:21:57	2.71	94.500	28.660	28883.000	18.000	94.519529	19.8018412	196.494940	147.383733	8.91278027	278.524383	35	19.3739612	7.24068596	226.271436
8	8:22:12	2.96	94.300	28.680	28884.000	18.000	94.346816	19.7656580	196.135892	147.114424	8.89649427	278.015446	35	19.3739612	7.22745532	225.857979
8	8:22:27	3.21	94.480	28.660	28897.000	18.000	94.519529	19.8018412	196.494940	147.383733	8.91278027	278.524383	35	19.3739612	7.24068596	226.271436
8	8:22:42	3.46	94.160	28.700	28909.000	18.000	94.174489	19.7295554	195.777643	146.845714	8.88024450	277.507641	35	19.3739612	7.21425411	225.445441
8	8:22:57	3.71	94.260	28.690	28920.000	18.000	94.260605	19.7475967	195.956668	146.979994	8.88836487	277.761402	35	19.3739612	7.22085104	225.651595
8	8:23:12	3.96	93.870	28.730	28900.000	18.000	93.916715	19.6755517	195.241761	146.443769	8.85593755	276.748048	35	19.3739612	7.19450729	224.828353
8	8:23:27	4.21	93.800	28.740	28903.000	18.000	93.830981	19.6575905	195.063531	146.310085	8.84785323	276.495413	35	19.3739612	7.18793964	224.623114
8	8:23:42	4.46	94.270	28.680	28933.000	18.000	94.346816	19.7656580	196.135892	147.114424	8.89649427	278.015446	35	19.3739612	7.22745532	225.857979
8	8:23:57	4.70	93.800	28.740	28904.000	18.000	93.830981	19.6575905	195.063531	146.310085	8.84785323	276.495413	35	19.3739612	7.18793964	224.623114
8	8:24:12	4.96	93.480	28.780	28941.000	18.000	93.488997	19.5859448	194.352587	145.776831	8.81560561	275.487675	35	19.3739612	7.16174189	223.804434
8	8:24:27	5.21	94.000	28.720	28957.000	18.000	94.002544	19.6935329	195.420190	146.577602	8.86403086	277.000964	35	19.3739612	7.20108225	225.033820
8	8:24:42	5.45	93.590	28.760	28929.000	18.000	93.659799	19.6217279	194.707664	146.043162	8.83171151	275.990985	35	19.3739612	7.17482622	224.213319
8	8:24:57	5.71	93.620	28.760	28964.000	18.000	93.659799	19.6217279	194.707664	146.043162	8.83171151	275.990985	35	19.3739612	7.17482622	224.213319
8	8:25:12	5.95	93.430	28.780	28935.000	18.000	93.488997	19.5859448	194.352587	145.776831	8.81560561	275.487675	35	19.3739612	7.16174189	223.804434
8	8:25:27	6.21	93.550	28.770	28969.000	18.000	93.574350	19.6038264	194.530027	145.909922	8.82365409	275.739190	35	19.3739612	7.16828042	224.008763
8	8:25:42	6.46	93.160	28.810	28933.000	18.000	93.233503	19.5324189	193.821446	145.378441	8.79151368	274.734803	35	19.3739612	7.14216976	223.192805
8	8:25:57	6.71	93.540	28.770	28955.000	18.000	93.574350	19.6038264	194.530027	145.909922	8.82365409	275.739190	35	19.3739612	7.16828042	224.008763
8	8:26:12	6.96	93.330	28.790	28947.000	18.000	93.403738	19.5680831	194.175343	145.643887	8.80756606	275.236439	35	19.3739612	7.15521060	223.600331
8	8:26:27	7.21	93.420	28.780	28978.000	18.000	93.488997	19.5859448	194.352587	145.776831	8.81560561	275.487675	35	19.3739612	7.16174189	223.804434
8	8:26:42	7.45	92.690	28.870	28994.000	18.000	92.725058	19.4258996	192.764448	144.585626	8.74356950	273.236547	35	19.3739612	7.10322021	221.975631
8	8:26:57	7.70	92.910	28.840	29006.000	18.000	92.978858	19.4790708	193.292069	144.981375	8.76750176	273.984430	35	19.3739612	7.12266262	222.583207
8	8:27:12	7.95	93.420	28.780	28978.000	18.000	93.488997	19.5859448	194.352587	145.776831	8.81560561	275.487675	35	19.3739612	7.16174189	223.804434
8	8:27:27	8.21	93.080	28.820	29008.000	18.000	93.148527	19.5146165	193.644791	145.245939	8.78350084	274.484401	35	19.3739612	7.13566017	222.989380
8	8:27:42	8.45	92.650	28.870	29013.000	18.000	92.725058	19.4258996	192.764448	144.585626	8.74356950	273.236547	35	19.3739612	7.10322021	221.975631
8	8:27:57	8.70	92.970	28.840	29033.000	18.000	92.978858	19.4790708	193.292069	144.981375	8.76750176	273.984430	35	19.3739612	7.12266262	222.583207
8	8:28:12	8.95	92.680	28.870	29006.000	18.000	92.725058	19.4258996	192.764448	144.585626	8.74356950	273.236547	35	19.3739612	7.10322021	221.975631
8	8:28:27	9.20	93.090	28.820	29039.000	18.000	93.148527	19.5146165	193.644791	145.245939	8.78350084	274.484401	35	19.3739612	7.13566017	222.989380
8	8:28:42	9.46	92.400	28.900	29039.000	18.000	92.472099	19.3729047	192.238576	144.191188	8.71971656	272.491143	35	19.3739612	7.08384223	221.370070
8	8:28:57	9.71	92.580	28.880	29064.000	18.000	92.640645	19.4082151	192.588963	144.454001	8.73560972	272.987804	35	19.3739612	7.09675374	221.773554
8	8:29:12	9.96	92.800	28.860	29066.000	18.000	92.809564	19.4436037	192.940127	144.717396	8.75153809	273.485565	35	19.3739612	7.10969384	222.177932
8	8:29:27	10.21	92.260	28.920	29068.000	18.000	92.303925	19.3376723	191.888962	143.928956	8.70385850	271.995578	35	19.3739612	7.07095925	220.967476
8	8:29:42	10.46	91.940	28.960	29106.000	18.000	91.968690	19.2674406	191.192048	143.406226	8.67224730	271.007728	35	19.3739612	7.04527850	220.164953
8	8:29:57	10.71	91.990	28.950	29095.000	18.000	92.052360	19.2849694	191.365988	143.536692	8.68013702	271.254282	35	19.3739612	7.05168806	220.365252
8	8:30:12	10.96	92.180	28.930	29103.000	18.000	92.219977	19.3200853	191.714445	143.798057	8.69594261	271.748206	35	19.3739612	7.06452842	220.766513
8	8:30:27	11.21	92.250	28.920	29110.000	18.000	92.303925	19.3376723	191.888962	143.928956	8.70385850	271.995578	35	19.3739612	7.07095925	220.967476
8	8:30:42	11.46	92.090	28.940	29134.000	18.000	92.136122	19.3025177	191.540120	143.667302	8.68803545	271.501108	35	19.3739612	7.05810470	220.565772
8	8:30:57	11.71	92.170	28.930	29128.000	18.000	92.219977	19.3200853	191.714445	143.798057	8.69594261	271.748206	35	19.3739612	7.06452842	220.766513
8	8:31:12	11.96	91.940	28.960	29143.000	18.000	91.968690	19.2674406	191.192048	143.406226	8.67224730	271.007728	35	19.3739612	7.04527850	220.164953
8	8:31:27	12.21	91.810	28.970	29121.000	18.000	91.885112	19.2499310	191.018300	143.275903	8.66436628	270.761446	35	19.3739612	7.03887602	219.964875
8	8:31:42	12.46	91.540	29.010	29189.000	18.000	91.551721	19.1800856	190.325220	142.756049	8.63292897	269.779030	35	19.3739612	7.01333655	219.166767
8	8:31:57	12.70	91.780	28.980	29128.000	18.000	91.801627	19.2324408	190.844743	143.145725	8.65649395	270.515436	35	19.3739612	7.03248059	219.765018
8	8:32:12	12.95	91.850	28.970	29161.000	18.000	91.885112	19.2499310	191.018300	143.275903	8.66436628	270.761446	35	19.3739612	7.03887602	219.964875
8	8:32:27	13.21	91.750	28.980	29227.000	18.000	91.801627	19.2324408	190.844743	143.145725	8.65649395	270.515436	35	19.3739612	7.03248059	219.765018
8	8:32:42	13.46	91.470	29.010	29181.000	18.000	91.551721	19.1800856	190.325220	142.756049	8.63292897	269.779030	35	19.3739612	7.01333655	219.166767
8	8:32:57	13.71	91.330	29.030	29199.000	18.000	91.385576	19.1452782	189.979824	142.496980	8.61726221	269.289444	35	19.3739612	7.00060897	218.769030
8	8:33:12	13.96	91.270	29.040	29189.000	18.000	91.302641	19.1279032	189.807410	142.367659	8.60944175	269.045055	35	19.3739612	6.99425568	218.570490
8	8:33:27	14.20	91.600	29.000	29222.000	18.000	91.634931	19.1975181	190.498203	142.885798	8.64077531	270.024228	35	19.3739612	7.01971086	219.365964
8	8:33:42	14.46	91.560	29.000	29250.000	18.000	91.634931	19.1975181	190.498203	142.885798	8.64077531	270.024228	35	19.3739612	7.01971086	219.365964
8	8:33:57	14.70	91.380	29.030	29238.000	18.000	91.385576	19.1452782	189.979824	142.496980	8.61726221	269.289444	35	19.3739612	7.00060897	218.769030
8	8:34:12	14.96	91.550	29.010	29208.000	18.000	91.551721	19.1800856	190.325220	142.756049	8.63292897	269.779030	35	19.3739612	7.01333655	219.166767
8	8:34:27	15.20	91.480	29.010	29237.000	18.000	91.551721	19.1800856	190.325220	142.756049	8.63292897	269.779030	35	19.3739612	7.01333655	219.166767
8	8:34:42	15.46	91.080	29.060	29244.000	18.000	91.137043	19.0932106	189.463153	142.109444	8.59382664	268.557082	35	19.3739612	6.98157006	218.174064
8	8:34:57	15.71	90.790	29.100	29249.000	18.000	90.806939	19.0240538	188.776905	141.594715	8.56269925	267.584351	35	19.3739612	6.95628237	217.383824
8	8:35:12	15.96	90.730	29.100	29259.000	18.000	90.806939	19.0240538	188.776905	141.594715	8.56269925	267.584351	35	19.3739612	6.95628237	217.383824
8	8:35:27	16.20	90.880	29.090	29269.000	18.000	90.889329	19.0413145	188.948185	141.723185	8.57046827	267.827133	35	19.3739612	6.96259387	217.581058
8	8:35:42	16.45	90.500	29.130	29306.000	18.000	90.560311	18.9723852	188.264195	141.210149	8.53944331	266.857603	35	19.3739612	6.93738939	216.793418
8	8:35:57	16.71	90.800	29.100	29293.000	18.000	90.806939	19.0240538	188.776905	141.594715	8.56269925	267.584351	35	19.3739612	6.95628237	217.383824
8	8:36:12	16.96	90.570	29.120	29305.000	18.000	90.642430	18.9895892	188.434911	141.338197	8.54718678	267.099587	35	19.3739612	6.94368013	216.990004
8	8:36:27	17.21	90.730	29.100	29312.000	18.000	90.806939	19.0240538	188.776905	141.594715	8.56269925	267.584351	35	19.3739612	6.95628237	217.383824
8	8:36:42	17.46	90.310	29.160	29310.000	18.000	90.314494	18.9208865	187.753170	140.826848	8.51626381	266.133244	35	19.3739612	6.91855851	216.204953
8	8:36:57	17.71	90.560	29.120	29302.000	18.000	90.642430	18.9895892	188.434911	141.338197	8.54718678	267.099587	35	19.3739612	6.94368013	216.990004
8	8:37:12	17.96	90.870	29.090	29322.000	18.000	90.889329	19.0413145	188.948185	141.723185	8.57046827	267.827133	35	19.3739612	6.96259387	217.581058
8	8:37:27	18.20	90.470	29.140	29301.000	18.000	90.478282	18.9552001	188.093666	141.082242	8.53170833	266.615885	35	19.3739612	6.93110554	216.597048
8	8:37:42	18.45	90.380	29.150	29348.000	18.000	90.396343	18.9380339	187.923325	140.954475	8.52398183	266.374432	35	19.3739612	6.92482859	216.400893
8	8:37:57	18.70	90.340	29.150	29286.000	18.000	90.396343	18.9380339	187.923325	140.954475	8.52398183	266.374432	35	19.3739612	6.92482859	216.400893
8	8:38:12	18.96	90.120	29.180	29340.000	18.000	90.151064	18.8866480	187.413419	140.572013	8.50085311	265.651660	35	19.3739612	6.90603896	215.813717
8	8:38:27	19.21	90.580	29.120	29324.000	18.000	90.642430	18.9895892	188.434911	141.338197	8.54718678	267.099587	35	19.3739612	6.94368013	216.990004
8	8:38:42	19.45	90.680	29.110	29347.000	18.000	90.724640	19.0068120	188.605814	141.466385	8.55493875	267.341836	35	19.3739612	6.94997779	217.186806
8	8:38:57	19.71	90.020	29.190	29348.000	18.000	90.069484	18.8695569	187.243823	140.444805	8.49316042	265.411263	35	19.3739612	6.89978946	215.618421
8	8:39:12	19.96	90.200	29.170	29307.000	18.000	90.232734	18.9037579	187.583201	140.699361	8.50855424	265.892320	35	19.3739612	6.91229530	216.009228
8	8:39:27	20.21	90.560	29.120	29316.000	18.000	90.642430	18.9895892	188.434911	141.338197	8.54718678	267.099587	35	19.3739612	6.94368013	216.990004
8	8:39:42	20.46	90.150	29.180	29321.000	18.000	90.151064	18.8866480	187.413419	140.572013	8.50085311	265.651660	35	19.3739612	6.90603896	215.813717
8	8:39:57	20.71	90.500	29.130	29307.000	18.000	90.560311	18.9723852	188.264195	141.210149	8.53944331	266.857603	35	19.3739612	6.93738939	216.793418
8	8:40:12	20.96	90.420	29.140	29359.000	18.000	90.478282	18.9552001	188.093666	141.082242	8.53170833	266.615885	35	19.3739612	6.93110554	216.597048
8	8:40:27	21.21	90.110	29.180	29334.000	18.000	90.151064	18.8866480	187.413419	140.572013	8.50085311	265.651660	35	19.3739612	6.90603896	215.813717
8	8:40:42	21.46	90.110	29.180	29363.000	18.000	90.151064	18.8866480	187.413419	140.572013	8.50085311	265.651660	35	19.3739612	6.90603896	215.813717
8	8:40:57	21.71	90.010	29.190	29347.000	18.000	90.069484	18.8695569	187.243823	140.444805	8.49316042	265.411263	35	19.3739612	6.89978946	215.618421
8	8:41:12	21.96	90.110	29.180	29352.000	18.000	90.151064	18.8866480	187.413419	140.572013	8.50085311	265.651660	35	19.3739612	6.90603896	215.813717
8	8:41:27	22.21	90.240	29.160	29387.000	18.000	90.314494	18.9208865	187.753170	140.826848	8.51626381	266.133244	35	19.3739612	6.91855851	216.204953
8	8:41:42	22.46	89.710	29.230	29349.000	18.000	89.744053	18.8013792	186.567291	139.937363	8.46247374	264.452304	35	19.3739612	6.87485980	214.839369
