Chamber	Time/hh:mm:ss	Logtime/min	Oxy/% air sat.	Phase/°	Amp	Temp/°C	% air-sat.	% oxygen	pO2 (hPa)	pO2 (Torr)	cO2 [mg/L]	cO2 [µmol/L]	Salinity	chlorinity	SalCorcO2 [mg/L]	SalCorcO2 [µmol/L]
7	14:37:07	0.00	94.190	26.730	30149.000	29.000	94.262234	19.7479380	192.115872	144.099152	7.23728516	226.165161	35	19.3739612	5.86348795	183.233998
7	14:37:22	0.25	94.220	26.730	30153.000	29.000	94.262234	19.7479380	192.115872	144.099152	7.23728516	226.165161	35	19.3739612	5.86348795	183.233998
7	14:37:37	0.50	93.550	26.800	30196.000	29.000	93.634289	19.6163834	190.836056	143.139209	7.18907264	224.658520	35	19.3739612	5.82442723	182.013351
7	14:37:52	0.75	93.380	26.820	30170.000	29.000	93.455831	19.5789965	190.472341	142.866399	7.17537095	224.230342	35	19.3739612	5.81332643	181.666451
7	14:38:07	1.00	94.280	26.720	30205.000	29.000	94.352367	19.7668209	192.299572	144.236939	7.24420541	226.381419	35	19.3739612	5.86909458	183.409206
7	14:38:22	1.25	94.190	26.730	30231.000	29.000	94.262234	19.7479380	192.115872	144.099152	7.23728516	226.165161	35	19.3739612	5.86348795	183.233998
7	14:38:37	1.50	93.810	26.780	30212.000	29.000	93.813170	19.6538591	191.200634	143.412666	7.20280683	225.087713	35	19.3739612	5.83555437	182.361074
7	14:38:52	1.75	94.000	26.750	30217.000	29.000	94.082289	19.7102395	191.749125	143.824069	7.22346928	225.733415	35	19.3739612	5.85229462	182.884207
7	14:39:07	2.00	93.500	26.810	30233.000	29.000	93.545007	19.5976789	190.654091	143.002723	7.18221774	224.444304	35	19.3739612	5.81887354	181.839798
7	14:39:22	2.25	93.190	26.840	30225.000	29.000	93.277795	19.5416980	190.109486	142.594235	7.16170167	223.803177	35	19.3739612	5.80225188	181.320371
7	14:39:37	2.50	94.070	26.750	30252.000	29.000	94.082289	19.7102395	191.749125	143.824069	7.22346928	225.733415	35	19.3739612	5.85229462	182.884207
7	14:39:52	2.75	94.140	26.740	30245.000	29.000	94.172208	19.7290775	191.932389	143.961529	7.23037312	225.949160	35	19.3739612	5.85788796	183.058999
7	14:40:07	3.00	94.000	26.750	30224.000	29.000	94.082289	19.7102395	191.749125	143.824069	7.22346928	225.733415	35	19.3739612	5.85229462	182.884207
7	14:40:22	3.25	93.810	26.780	30249.000	29.000	93.813170	19.6538591	191.200634	143.412666	7.20280683	225.087713	35	19.3739612	5.83555437	182.361074
7	14:40:37	3.50	94.050	26.750	30262.000	29.000	94.082289	19.7102395	191.749125	143.824069	7.22346928	225.733415	35	19.3739612	5.85229462	182.884207
7	14:40:52	3.75	93.430	26.820	30254.000	29.000	93.455831	19.5789965	190.472341	142.866399	7.17537095	224.230342	35	19.3739612	5.81332643	181.666451
7	14:41:07	4.00	93.160	26.850	30249.000	29.000	93.188935	19.5230818	189.928380	142.458394	7.15487916	223.589974	35	19.3739612	5.79672443	181.147638
7	14:41:22	4.25	93.260	26.840	30271.000	29.000	93.277795	19.5416980	190.109486	142.594235	7.16170167	223.803177	35	19.3739612	5.80225188	181.320371
7	14:41:37	4.50	93.310	26.830	30274.000	29.000	93.366760	19.5603362	190.290806	142.730236	7.16853227	224.016633	35	19.3739612	5.80778588	181.493309
7	14:41:52	4.75	93.800	26.780	30287.000	29.000	93.813170	19.6538591	191.200634	143.412666	7.20280683	225.087713	35	19.3739612	5.83555437	182.361074
7	14:42:07	5.00	93.210	26.840	30320.000	29.000	93.277795	19.5416980	190.109486	142.594235	7.16170167	223.803177	35	19.3739612	5.80225188	181.320371
7	14:42:22	5.25	93.070	26.860	30304.000	29.000	93.100180	19.5044876	189.747488	142.322714	7.14806471	223.377022	35	19.3739612	5.79120351	180.975110
7	14:42:37	5.50	93.560	26.800	30332.000	29.000	93.634289	19.6163834	190.836056	143.139209	7.18907264	224.658520	35	19.3739612	5.82442723	182.013351
7	14:42:52	5.75	93.500	26.810	30315.000	29.000	93.545007	19.5976789	190.654091	143.002723	7.18221774	224.444304	35	19.3739612	5.81887354	181.839798
7	14:43:07	6.00	93.850	26.770	30300.000	29.000	93.902770	19.6726303	191.383247	143.549637	7.20968615	225.302692	35	19.3739612	5.84112784	182.535245
7	14:43:22	6.25	92.790	26.890	30292.000	29.000	92.834543	19.4488368	189.206095	141.916634	7.12766963	222.739676	35	19.3739612	5.77467987	180.458746
7	14:43:37	6.50	92.640	26.910	30287.000	29.000	92.657975	19.4118457	188.846231	141.646713	7.11411301	222.316032	35	19.3739612	5.76369660	180.115519
7	14:43:52	6.75	93.420	26.820	30330.000	29.000	93.455831	19.5789965	190.472341	142.866399	7.17537095	224.230342	35	19.3739612	5.81332643	181.666451
7	14:44:07	7.00	93.340	26.830	30344.000	29.000	93.366760	19.5603362	190.290806	142.730236	7.16853227	224.016633	35	19.3739612	5.80778588	181.493309
7	14:44:22	7.25	93.320	26.830	30289.000	29.000	93.366760	19.5603362	190.290806	142.730236	7.16853227	224.016633	35	19.3739612	5.80778588	181.493309
7	14:44:37	7.50	93.200	26.840	30330.000	29.000	93.277795	19.5416980	190.109486	142.594235	7.16170167	223.803177	35	19.3739612	5.80225188	181.320371
7	14:44:52	7.75	93.200	26.840	30343.000	29.000	93.277795	19.5416980	190.109486	142.594235	7.16170167	223.803177	35	19.3739612	5.80225188	181.320371
7	14:45:07	8.00	93.360	26.830	30348.000	29.000	93.366760	19.5603362	190.290806	142.730236	7.16853227	224.016633	35	19.3739612	5.80778588	181.493309
7	14:45:22	8.25	92.840	26.880	30375.000	29.000	92.922984	19.4673651	189.386346	142.051834	7.13445995	222.951874	35	19.3739612	5.78018124	180.630664
7	14:45:37	8.50	92.680	26.900	30368.000	29.000	92.746207	19.4303303	189.026056	141.781594	7.12088732	222.527729	35	19.3739612	5.76918499	180.287031
7	14:45:52	8.75	92.680	26.900	30395.000	29.000	92.746207	19.4303303	189.026056	141.781594	7.12088732	222.527729	35	19.3739612	5.76918499	180.287031
7	14:46:07	9.00	92.630	26.910	30427.000	29.000	92.657975	19.4118457	188.846231	141.646713	7.11411301	222.316032	35	19.3739612	5.76369660	180.115519
7	14:46:22	9.25	92.430	26.930	30366.000	29.000	92.481823	19.3749418	188.487215	141.377428	7.10058838	221.893387	35	19.3739612	5.75273924	179.773101
7	14:46:37	9.50	93.550	26.800	30402.000	29.000	93.634289	19.6163834	190.836056	143.139209	7.18907264	224.658520	35	19.3739612	5.82442723	182.013351
7	14:46:52	9.75	92.750	26.890	30420.000	29.000	92.834543	19.4488368	189.206095	141.916634	7.12766963	222.739676	35	19.3739612	5.77467987	180.458746
7	14:47:07	10.00	93.350	26.830	30440.000	29.000	93.366760	19.5603362	190.290806	142.730236	7.16853227	224.016633	35	19.3739612	5.80778588	181.493309
7	14:47:22	10.25	92.770	26.890	30392.000	29.000	92.834543	19.4488368	189.206095	141.916634	7.12766963	222.739676	35	19.3739612	5.77467987	180.458746
7	14:47:37	10.50	92.470	26.930	30447.000	29.000	92.481823	19.3749418	188.487215	141.377428	7.10058838	221.893387	35	19.3739612	5.75273924	179.773101
7	14:47:52	10.75	92.850	26.880	30419.000	29.000	92.922984	19.4673651	189.386346	142.051834	7.13445995	222.951874	35	19.3739612	5.78018124	180.630664
7	14:48:07	11.00	93.010	26.870	30429.000	29.000	93.011529	19.4859154	189.566810	142.187194	7.14125831	223.164322	35	19.3739612	5.78568912	180.802785
7	14:48:22	11.25	92.300	26.950	30436.000	29.000	92.306086	19.3381250	188.129046	141.108778	7.08709561	221.471738	35	19.3739612	5.74180771	179.431491
7	14:48:37	11.50	92.670	26.900	30443.000	29.000	92.746207	19.4303303	189.026056	141.781594	7.12088732	222.527729	35	19.3739612	5.76918499	180.287031
7	14:48:52	11.75	93.040	26.860	30446.000	29.000	93.100180	19.5044876	189.747488	142.322714	7.14806471	223.377022	35	19.3739612	5.79120351	180.975110
7	14:49:07	12.00	91.910	26.990	30441.000	29.000	91.955853	19.2647511	187.415236	140.573375	7.06020535	220.631417	35	19.3739612	5.72002181	178.750681
7	14:49:22	12.25	92.950	26.870	30421.000	29.000	93.011529	19.4859154	189.566810	142.187194	7.14125831	223.164322	35	19.3739612	5.78568912	180.802785
7	14:49:37	12.50	92.550	26.920	30455.000	29.000	92.569847	19.3933829	188.666617	141.511991	7.10734670	222.104585	35	19.3739612	5.75821469	179.944209
7	14:49:52	12.75	92.000	26.980	30450.000	29.000	92.043256	19.2830622	187.593373	140.706990	7.06691604	220.841126	35	19.3739612	5.72545866	178.920583
7	14:50:07	13.00	92.600	26.910	30479.000	29.000	92.657975	19.4118457	188.846231	141.646713	7.11411301	222.316032	35	19.3739612	5.76369660	180.115519
7	14:50:22	13.25	92.450	26.930	30510.000	29.000	92.481823	19.3749418	188.487215	141.377428	7.10058838	221.893387	35	19.3739612	5.75273924	179.773101
7	14:50:37	13.50	92.350	26.940	30478.000	29.000	92.393902	19.3565225	188.308025	141.243024	7.09383802	221.682438	35	19.3739612	5.74727025	179.602195
7	14:50:52	13.75	91.960	26.980	30446.000	29.000	92.043256	19.2830622	187.593373	140.706990	7.06691604	220.841126	35	19.3739612	5.72545866	178.920583
7	14:51:07	14.00	92.090	26.970	30496.000	29.000	92.130763	19.3013948	187.771720	140.840761	7.07363464	221.051082	35	19.3739612	5.73090192	179.090685
7	14:51:22	14.25	92.150	26.960	30483.000	29.000	92.218373	19.3197491	187.950278	140.974691	7.08036116	221.261286	35	19.3739612	5.73635160	179.260987
7	14:51:37	14.50	91.820	27.000	30505.000	29.000	91.868552	19.2464616	187.237308	140.439918	7.05350255	220.421955	35	19.3739612	5.71459135	178.580980
7	14:51:52	14.75	92.160	26.960	30513.000	29.000	92.218373	19.3197491	187.950278	140.974691	7.08036116	221.261286	35	19.3739612	5.73635160	179.260987
7	14:52:07	15.00	92.370	26.940	30492.000	29.000	92.393902	19.3565225	188.308025	141.243024	7.09383802	221.682438	35	19.3739612	5.74727025	179.602195
7	14:52:22	15.25	92.100	26.970	30502.000	29.000	92.130763	19.3013948	187.771720	140.840761	7.07363464	221.051082	35	19.3739612	5.73090192	179.090685
7	14:52:37	15.50	92.150	26.960	30505.000	29.000	92.218373	19.3197491	187.950278	140.974691	7.08036116	221.261286	35	19.3739612	5.73635160	179.260987
7	14:52:52	15.75	91.890	26.990	30522.000	29.000	91.955853	19.2647511	187.415236	140.573375	7.06020535	220.631417	35	19.3739612	5.72002181	178.750681
7	14:53:07	16.00	92.010	26.980	30491.000	29.000	92.043256	19.2830622	187.593373	140.706990	7.06691604	220.841126	35	19.3739612	5.72545866	178.920583
7	14:53:22	16.25	92.160	26.960	30541.000	29.000	92.218373	19.3197491	187.950278	140.974691	7.08036116	221.261286	35	19.3739612	5.73635160	179.260987
7	14:53:37	16.50	92.080	26.970	30523.000	29.000	92.130763	19.3013948	187.771720	140.840761	7.07363464	221.051082	35	19.3739612	5.73090192	179.090685
7	14:53:52	16.75	91.510	27.040	30539.000	29.000	91.520375	19.1735185	186.527688	139.907658	7.02677013	219.586567	35	19.3739612	5.69293334	177.904167
7	14:54:07	17.00	91.440	27.040	30569.000	29.000	91.520375	19.1735185	186.527688	139.907658	7.02677013	219.586567	35	19.3739612	5.69293334	177.904167
7	14:54:22	17.25	92.000	26.980	30554.000	29.000	92.043256	19.2830622	187.593373	140.706990	7.06691604	220.841126	35	19.3739612	5.72545866	178.920583
7	14:54:37	17.50	92.010	26.980	30563.000	29.000	92.043256	19.2830622	187.593373	140.706990	7.06691604	220.841126	35	19.3739612	5.72545866	178.920583
7	14:54:52	17.75	91.580	27.030	30604.000	29.000	91.607266	19.1917221	186.704780	140.040488	7.03344145	219.795045	35	19.3739612	5.69833829	178.073072
7	14:55:07	18.00	91.910	26.990	30583.000	29.000	91.955853	19.2647511	187.415236	140.573375	7.06020535	220.631417	35	19.3739612	5.72002181	178.750681
7	14:55:22	18.25	91.950	26.990	30577.000	29.000	91.955853	19.2647511	187.415236	140.573375	7.06020535	220.631417	35	19.3739612	5.72002181	178.750681
7	14:55:37	18.50	91.220	27.070	30590.000	29.000	91.260314	19.1190359	185.997659	139.510103	7.00680317	218.962599	35	19.3739612	5.67675655	177.398642
7	14:55:52	18.75	91.740	27.010	30593.000	29.000	91.781354	19.2281937	187.059590	140.306618	7.04680765	220.212739	35	19.3739612	5.70916729	178.411478
7	14:56:07	19.00	91.280	27.060	30600.000	29.000	91.346899	19.1371754	186.174128	139.642465	7.01345101	219.170344	35	19.3739612	5.68214248	177.566952
7	14:56:22	19.25	91.340	27.060	30638.000	29.000	91.346899	19.1371754	186.174128	139.642465	7.01345101	219.170344	35	19.3739612	5.68214248	177.566952
7	14:56:37	19.50	91.650	27.020	30634.000	29.000	91.694259	19.2099472	186.882080	140.173475	7.04012062	220.003769	35	19.3739612	5.70374961	178.242175
7	14:56:52	19.75	91.580	27.030	30606.000	29.000	91.607266	19.1917221	186.704780	140.040488	7.03344145	219.795045	35	19.3739612	5.69833829	178.073072
7	14:57:07	20.00	91.680	27.020	30621.000	29.000	91.694259	19.2099472	186.882080	140.173475	7.04012062	220.003769	35	19.3739612	5.70374961	178.242175
7	14:57:22	20.25	91.440	27.040	30642.000	29.000	91.520375	19.1735185	186.527688	139.907658	7.02677013	219.586567	35	19.3739612	5.69293334	177.904167
7	14:57:37	20.50	91.480	27.040	30615.000	29.000	91.520375	19.1735185	186.527688	139.907658	7.02677013	219.586567	35	19.3739612	5.69293334	177.904167
7	14:57:52	20.75	91.640	27.020	30650.000	29.000	91.694259	19.2099472	186.882080	140.173475	7.04012062	220.003769	35	19.3739612	5.70374961	178.242175
7	14:58:07	21.00	91.510	27.040	30673.000	29.000	91.520375	19.1735185	186.527688	139.907658	7.02677013	219.586567	35	19.3739612	5.69293334	177.904167
7	14:58:22	21.25	91.180	27.070	30637.000	29.000	91.260314	19.1190359	185.997659	139.510103	7.00680317	218.962599	35	19.3739612	5.67675655	177.398642
7	14:58:37	21.50	91.070	27.090	30675.000	29.000	91.087449	19.0828207	185.645343	139.245843	6.99353091	218.547841	35	19.3739612	5.66600365	177.062614
7	14:58:52	21.75	91.580	27.030	30691.000	29.000	91.607266	19.1917221	186.704780	140.040488	7.03344145	219.795045	35	19.3739612	5.69833829	178.073072
7	14:59:07	22.00	90.850	27.110	30684.000	29.000	90.914990	19.0466904	185.293853	138.982203	6.98028976	218.134055	35	19.3739612	5.65527597	176.727374
7	14:59:22	22.25	91.760	27.010	30718.000	29.000	91.781354	19.2281937	187.059590	140.306618	7.04680765	220.212739	35	19.3739612	5.70916729	178.411478
7	14:59:37	22.50	91.130	27.080	30685.000	29.000	91.173831	19.1009176	185.821398	139.377895	7.00016314	218.755098	35	19.3739612	5.67137695	177.230530
7	14:59:52	22.75	91.030	27.090	30706.000	29.000	91.087449	19.0828207	185.645343	139.245843	6.99353091	218.547841	35	19.3739612	5.66600365	177.062614
7	15:00:07	23.00	90.360	27.170	30687.000	29.000	90.400031	18.9388065	184.244315	138.194983	6.94075216	216.898505	35	19.3739612	5.62324348	175.726359
7	15:00:22	23.25	91.150	27.080	30718.000	29.000	91.173831	19.1009176	185.821398	139.377895	7.00016314	218.755098	35	19.3739612	5.67137695	177.230530
7	15:00:37	23.50	91.070	27.090	30732.000	29.000	91.087449	19.0828207	185.645343	139.245843	6.99353091	218.547841	35	19.3739612	5.66600365	177.062614
7	15:00:52	23.75	91.440	27.040	30741.000	29.000	91.520375	19.1735185	186.527688	139.907658	7.02677013	219.586567	35	19.3739612	5.69293334	177.904167
