Chamber	Time/hh:mm:ss	Logtime/min	Oxy/% air sat.	Phase/°	Amp	Temp/°C	% air-sat.	% oxygen	pO2 (hPa)	pO2 (Torr)	cO2 [mg/L]	cO2 [µmol/L]	Salinity	chlorinity	SalCorcO2 [mg/L]	SalCorcO2 [µmol/L]
9	15:45:40	0.00	95.970	26.040	29572.000	32.000	96.030109	20.1183078	194.207837	145.668260	7.01063452	219.082329	35	19.3739612	5.59786248	174.933202
9	15:45:55	0.25	95.030	26.140	29567.000	32.000	95.102320	19.9239360	192.331510	144.260895	6.94290171	216.965678	35	19.3739612	5.54377908	173.243096
9	15:46:10	0.50	95.920	26.050	29592.000	32.000	95.936822	20.0987643	194.019178	145.526754	7.00382420	218.869506	35	19.3739612	5.59242456	174.763267
9	15:46:25	0.75	95.370	26.110	29582.000	32.000	95.379476	19.9820002	192.892021	144.681314	6.96313538	217.597981	35	19.3739612	5.55993529	173.747978
9	15:46:40	1.00	94.970	26.150	29615.000	32.000	95.010158	19.9046281	192.145125	144.121094	6.93617347	216.755421	35	19.3739612	5.53840670	173.075209
9	15:46:55	1.25	95.870	26.050	29630.000	32.000	95.936822	20.0987643	194.019178	145.526754	7.00382420	218.869506	35	19.3739612	5.59242456	174.763267
9	15:47:10	1.50	94.890	26.160	29616.000	32.000	94.918107	19.8853435	191.958966	143.981463	6.92945338	216.545418	35	19.3739612	5.53304083	172.907526
9	15:47:25	1.75	95.170	26.130	29601.000	32.000	95.194593	19.9432673	192.518121	144.400865	6.94963810	217.176191	35	19.3739612	5.54915796	173.411186
9	15:47:40	2.00	95.120	26.130	29603.000	32.000	95.194593	19.9432673	192.518121	144.400865	6.94963810	217.176191	35	19.3739612	5.54915796	173.411186
9	15:47:55	2.25	95.110	26.130	29613.000	32.000	95.194593	19.9432673	192.518121	144.400865	6.94963810	217.176191	35	19.3739612	5.54915796	173.411186
9	15:48:10	2.50	94.990	26.150	29651.000	32.000	95.010158	19.9046281	192.145125	144.121094	6.93617347	216.755421	35	19.3739612	5.53840670	173.075209
9	15:48:25	2.75	95.070	26.140	29642.000	32.000	95.102320	19.9239360	192.331510	144.260895	6.94290171	216.965678	35	19.3739612	5.54377908	173.243096
9	15:48:40	3.00	94.860	26.160	29659.000	32.000	94.918107	19.8853435	191.958966	143.981463	6.92945338	216.545418	35	19.3739612	5.53304083	172.907526
9	15:48:55	3.25	94.850	26.160	29649.000	32.000	94.918107	19.8853435	191.958966	143.981463	6.92945338	216.545418	35	19.3739612	5.53304083	172.907526
9	15:49:10	3.50	95.310	26.110	29666.000	32.000	95.379476	19.9820002	192.892021	144.681314	6.96313538	217.597981	35	19.3739612	5.55993529	173.747978
9	15:49:25	3.75	94.860	26.160	29687.000	32.000	94.918107	19.8853435	191.958966	143.981463	6.92945338	216.545418	35	19.3739612	5.53304083	172.907526
9	15:49:40	4.00	94.850	26.160	29689.000	32.000	94.918107	19.8853435	191.958966	143.981463	6.92945338	216.545418	35	19.3739612	5.53304083	172.907526
9	15:49:55	4.25	95.070	26.140	29687.000	32.000	95.102320	19.9239360	192.331510	144.260895	6.94290171	216.965678	35	19.3739612	5.54377908	173.243096
9	15:50:10	4.50	94.760	26.170	29718.000	32.000	94.826168	19.8660823	191.773032	143.842000	6.92274141	216.335669	35	19.3739612	5.52768145	172.740045
9	15:50:25	4.75	94.970	26.150	29725.000	32.000	95.010158	19.9046281	192.145125	144.121094	6.93617347	216.755421	35	19.3739612	5.53840670	173.075209
9	15:50:40	5.00	94.590	26.190	29742.000	32.000	94.642624	19.8276297	191.401838	143.563581	6.90934181	215.916932	35	19.3739612	5.51698212	172.405691
9	15:50:55	5.25	94.930	26.150	29763.000	32.000	95.010158	19.9046281	192.145125	144.121094	6.93617347	216.755421	35	19.3739612	5.53840670	173.075209
9	15:51:10	5.50	94.940	26.150	29764.000	32.000	95.010158	19.9046281	192.145125	144.121094	6.93617347	216.755421	35	19.3739612	5.53840670	173.075209
9	15:51:25	5.75	94.620	26.190	29749.000	32.000	94.642624	19.8276297	191.401838	143.563581	6.90934181	215.916932	35	19.3739612	5.51698212	172.405691
9	15:51:40	6.00	94.070	26.250	29726.000	32.000	94.094644	19.7128279	190.293623	142.732350	6.86933680	214.666775	35	19.3739612	5.48503885	171.407464
9	15:51:55	6.25	94.670	26.180	29748.000	32.000	94.734341	19.8468444	191.587323	143.702707	6.91603756	216.126174	35	19.3739612	5.52232855	172.572767
9	15:52:10	6.50	94.660	26.180	29773.000	32.000	94.734341	19.8468444	191.587323	143.702707	6.91603756	216.126174	35	19.3739612	5.52232855	172.572767
9	15:52:25	6.75	94.150	26.240	29794.000	32.000	94.185698	19.7319038	190.477768	142.870470	6.87598419	214.874506	35	19.3739612	5.49034667	171.573333
9	15:52:40	7.00	94.070	26.250	29803.000	32.000	94.094644	19.7128279	190.293623	142.732350	6.86933680	214.666775	35	19.3739612	5.48503885	171.407464
9	15:52:55	7.25	94.590	26.190	29794.000	32.000	94.642624	19.8276297	191.401838	143.563581	6.90934181	215.916932	35	19.3739612	5.51698212	172.405691
9	15:53:10	7.50	93.910	26.270	29792.000	32.000	93.912864	19.6747451	189.925999	142.456608	6.85606606	214.252064	35	19.3739612	5.47444241	171.076325
9	15:53:25	7.75	94.390	26.210	29794.000	32.000	94.459522	19.7892699	191.031540	143.285834	6.89597457	215.499205	35	19.3739612	5.50630862	172.072144
9	15:53:40	8.00	94.430	26.210	29783.000	32.000	94.459522	19.7892699	191.031540	143.285834	6.89597457	215.499205	35	19.3739612	5.50630862	172.072144
9	15:53:55	8.25	93.560	26.300	29848.000	32.000	93.641016	19.6177928	189.376222	142.044240	6.83621988	213.631871	35	19.3739612	5.45859560	170.581112
9	15:54:10	8.50	94.090	26.250	29856.000	32.000	94.094644	19.7128279	190.293623	142.732350	6.86933680	214.666775	35	19.3739612	5.48503885	171.407464
9	15:54:25	8.75	94.310	26.220	29829.000	32.000	94.368137	19.7701248	190.846726	143.147212	6.88930306	215.290721	35	19.3739612	5.50098154	171.905673
9	15:54:40	9.00	93.550	26.310	29820.000	32.000	93.550618	19.5988544	189.193404	141.907115	6.82962041	213.425638	35	19.3739612	5.45332605	170.416439
9	15:54:55	9.25	94.350	26.220	29841.000	32.000	94.368137	19.7701248	190.846726	143.147212	6.88930306	215.290721	35	19.3739612	5.50098154	171.905673
9	15:55:10	9.50	93.830	26.270	29859.000	32.000	93.912864	19.6747451	189.925999	142.456608	6.85606606	214.252064	35	19.3739612	5.47444241	171.076325
9	15:55:25	9.75	93.940	26.260	29877.000	32.000	94.003699	19.6937750	190.109700	142.594395	6.86269743	214.459295	35	19.3739612	5.47973743	171.241795
9	15:55:40	10.00	94.100	26.240	29875.000	32.000	94.185698	19.7319038	190.477768	142.870470	6.87598419	214.874506	35	19.3739612	5.49034667	171.573333
9	15:55:55	10.25	93.730	26.290	29904.000	32.000	93.731523	19.6367540	189.559260	142.181530	6.84282730	213.838353	35	19.3739612	5.46387150	170.745984
9	15:56:10	10.50	94.180	26.240	29912.000	32.000	94.185698	19.7319038	190.477768	142.870470	6.87598419	214.874506	35	19.3739612	5.49034667	171.573333
9	15:56:25	10.75	93.700	26.290	29907.000	32.000	93.731523	19.6367540	189.559260	142.181530	6.84282730	213.838353	35	19.3739612	5.46387150	170.745984
9	15:56:40	11.00	93.860	26.270	29906.000	32.000	93.912864	19.6747451	189.925999	142.456608	6.85606606	214.252064	35	19.3739612	5.47444241	171.076325
9	15:56:55	11.25	93.440	26.320	29921.000	32.000	93.460329	19.5799388	189.010806	141.770155	6.82302889	213.219653	35	19.3739612	5.44806284	170.251964
9	15:57:10	11.50	93.730	26.290	29919.000	32.000	93.731523	19.6367540	189.559260	142.181530	6.84282730	213.838353	35	19.3739612	5.46387150	170.745984
9	15:57:25	11.75	93.600	26.300	29967.000	32.000	93.641016	19.6177928	189.376222	142.044240	6.83621988	213.631871	35	19.3739612	5.45859560	170.581112
9	15:57:40	12.00	93.420	26.320	29958.000	32.000	93.460329	19.5799388	189.010806	141.770155	6.82302889	213.219653	35	19.3739612	5.44806284	170.251964
9	15:57:55	12.25	93.330	26.330	29970.000	32.000	93.370148	19.5610460	188.828429	141.633360	6.81644530	213.013916	35	19.3739612	5.44280596	170.087686
9	15:58:10	12.50	92.770	26.390	29945.000	32.000	92.831337	19.4481652	187.738758	140.816038	6.77710968	211.784678	35	19.3739612	5.41139720	169.106162
9	15:58:25	12.75	93.650	26.290	29965.000	32.000	93.731523	19.6367540	189.559260	142.181530	6.84282730	213.838353	35	19.3739612	5.46387150	170.745984
9	15:58:40	13.00	93.130	26.350	29992.000	32.000	93.190112	19.5233285	188.464331	141.360264	6.80330188	212.603184	35	19.3739612	5.43231118	169.759724
9	15:58:55	13.25	92.910	26.380	29976.000	32.000	92.920870	19.4669222	187.919824	140.951849	6.78364593	211.988935	35	19.3739612	5.41661627	169.269258
9	15:59:10	13.50	93.640	26.300	29994.000	32.000	93.641016	19.6177928	189.376222	142.044240	6.83621988	213.631871	35	19.3739612	5.45859560	170.581112
9	15:59:25	13.75	93.340	26.330	29978.000	32.000	93.370148	19.5610460	188.828429	141.633360	6.81644530	213.013916	35	19.3739612	5.44280596	170.087686
9	15:59:40	14.00	93.290	26.330	30016.000	32.000	93.370148	19.5610460	188.828429	141.633360	6.81644530	213.013916	35	19.3739612	5.44280596	170.087686
9	15:59:55	14.25	92.440	26.430	30019.000	32.000	92.474283	19.3733623	187.016663	140.274421	6.75104307	210.970096	35	19.3739612	5.39058349	168.455734
9	16:00:10	14.50	92.960	26.370	30039.000	32.000	93.010509	19.4857017	188.101108	141.087823	6.79019003	212.193439	35	19.3739612	5.42184162	169.432551
9	16:00:25	14.75	92.600	26.410	30013.000	32.000	92.652596	19.4107188	187.377277	140.544904	6.76406073	211.376898	35	19.3739612	5.40097785	168.780558
9	16:00:40	15.00	93.040	26.360	30009.000	32.000	93.100257	19.5045038	188.282610	141.223962	6.79674201	212.398188	35	19.3739612	5.42707325	169.596039
9	16:00:55	15.25	92.690	26.400	30033.000	32.000	92.741913	19.4294308	187.557909	140.680389	6.77058129	211.580665	35	19.3739612	5.40618439	168.943262
9	16:01:10	15.50	92.830	26.390	30036.000	32.000	92.831337	19.4481652	187.738758	140.816038	6.77710968	211.784678	35	19.3739612	5.41139720	169.106162
9	16:01:25	15.75	92.590	26.410	30050.000	32.000	92.652596	19.4107188	187.377277	140.544904	6.76406073	211.376898	35	19.3739612	5.40097785	168.780558
9	16:01:40	16.00	92.340	26.440	30077.000	32.000	92.385287	19.3547176	186.836680	140.139422	6.74454595	210.767061	35	19.3739612	5.38539566	168.293614
9	16:01:55	16.25	92.440	26.430	30061.000	32.000	92.474283	19.3733623	187.016663	140.274421	6.75104307	210.970096	35	19.3739612	5.39058349	168.455734
9	16:02:10	16.50	92.780	26.390	30101.000	32.000	92.831337	19.4481652	187.738758	140.816038	6.77710968	211.784678	35	19.3739612	5.41139720	169.106162
9	16:02:25	16.75	92.470	26.430	30103.000	32.000	92.474283	19.3733623	187.016663	140.274421	6.75104307	210.970096	35	19.3739612	5.39058349	168.455734
9	16:02:40	17.00	92.370	26.440	30085.000	32.000	92.385287	19.3547176	186.836680	140.139422	6.74454595	210.767061	35	19.3739612	5.38539566	168.293614
9	16:02:55	17.25	92.340	26.440	30103.000	32.000	92.385287	19.3547176	186.836680	140.139422	6.74454595	210.767061	35	19.3739612	5.38539566	168.293614
9	16:03:10	17.50	92.470	26.430	30097.000	32.000	92.474283	19.3733623	187.016663	140.274421	6.75104307	210.970096	35	19.3739612	5.39058349	168.455734
9	16:03:25	17.75	92.590	26.410	30139.000	32.000	92.652596	19.4107188	187.377277	140.544904	6.76406073	211.376898	35	19.3739612	5.40097785	168.780558
9	16:03:40	18.00	92.780	26.390	30107.000	32.000	92.831337	19.4481652	187.738758	140.816038	6.77710968	211.784678	35	19.3739612	5.41139720	169.106162
9	16:03:55	18.25	92.030	26.470	30116.000	32.000	92.118938	19.2989175	186.298026	139.735397	6.72510128	210.159415	35	19.3739612	5.36986944	167.808420
9	16:04:10	18.50	91.740	26.510	30141.000	32.000	91.765292	19.2248288	185.582826	139.198952	6.69928355	209.352611	35	19.3739612	5.34925446	167.164202
9	16:04:25	18.75	91.960	26.480	30135.000	32.000	92.030368	19.2803620	186.118905	139.601045	6.71863524	209.957351	35	19.3739612	5.36470643	167.647076
9	16:04:40	19.00	92.210	26.450	30128.000	32.000	92.296397	19.3360952	186.656914	140.004586	6.73805662	210.564269	35	19.3739612	5.38021404	168.131689
9	16:04:55	19.25	92.260	26.450	30135.000	32.000	92.296397	19.3360952	186.656914	140.004586	6.73805662	210.564269	35	19.3739612	5.38021404	168.131689
9	16:05:10	19.50	91.810	26.500	30152.000	32.000	91.853545	19.2433177	185.761305	139.332822	6.70572639	209.553950	35	19.3739612	5.35439895	167.324967
9	16:05:25	19.75	91.610	26.520	30166.000	32.000	91.677145	19.2063620	185.404561	139.065241	6.69284841	209.151513	35	19.3739612	5.34411613	167.003629
9	16:05:40	20.00	91.610	26.520	30173.000	32.000	91.677145	19.2063620	185.404561	139.065241	6.69284841	209.151513	35	19.3739612	5.34411613	167.003629
9	16:05:55	20.25	92.420	26.430	30204.000	32.000	92.474283	19.3733623	187.016663	140.274421	6.75104307	210.970096	35	19.3739612	5.39058349	168.455734
9	16:06:10	20.50	91.810	26.500	30192.000	32.000	91.853545	19.2433177	185.761305	139.332822	6.70572639	209.553950	35	19.3739612	5.35439895	167.324967
