Chamber	Time/hh:mm:ss	Logtime/min	Oxy/% air sat.	Phase/°	Amp	Temp/°C	% air-sat.	% oxygen	pO2 (hPa)	pO2 (Torr)	cO2 [mg/L]	cO2 [µmol/L]	Salinity	chlorinity	SalCorcO2 [mg/L]	SalCorcO2 [µmol/L]
7	11:04:16	0.00	94.640	27.900	31584.000	22.000	94.717628	19.8433430	195.753243	146.827413	8.25117570	257.849241	35	19.3739612	6.73890760	210.590862
7	11:04:31	0.25	94.590	27.910	31564.000	22.000	94.629609	19.8249030	195.571334	146.690969	8.24350805	257.609626	35	19.3739612	6.73264526	210.395164
7	11:04:46	0.50	95.260	27.830	31582.000	22.000	95.336587	19.9730150	197.032448	147.786898	8.30509535	259.534230	35	19.3739612	6.78294490	211.967028
7	11:05:01	0.75	94.340	27.940	31576.000	22.000	94.366153	19.7697090	195.026849	146.282571	8.22055752	256.892423	35	19.3739612	6.71390109	209.809409
7	11:05:16	1.00	95.060	27.860	31627.000	22.000	95.070712	19.9173142	196.482964	147.374750	8.28193407	258.810440	35	19.3739612	6.76402860	211.375894
7	11:05:31	1.25	95.340	27.820	31577.000	22.000	95.425415	19.9916244	197.216030	147.924596	8.31283346	259.776046	35	19.3739612	6.78926478	212.164524
7	11:05:46	1.50	94.200	27.950	31610.000	22.000	94.278535	19.7513530	194.845768	146.146748	8.21292478	256.653900	35	19.3739612	6.70766728	209.614602
7	11:06:01	1.75	94.990	27.860	31628.000	22.000	95.070712	19.9173142	196.482964	147.374750	8.28193407	258.810440	35	19.3739612	6.76402860	211.375894
7	11:06:16	2.00	94.240	27.950	31632.000	22.000	94.278535	19.7513530	194.845768	146.146748	8.21292478	256.653900	35	19.3739612	6.70766728	209.614602
7	11:06:31	2.25	94.620	27.910	31654.000	22.000	94.629609	19.8249030	195.571334	146.690969	8.24350805	257.609626	35	19.3739612	6.73264526	210.395164
7	11:06:46	2.50	94.940	27.870	31669.000	22.000	94.982290	19.8987897	196.300221	147.237681	8.27423129	258.569728	35	19.3739612	6.75773758	211.179299
7	11:07:01	2.75	94.590	27.910	31674.000	22.000	94.629609	19.8249030	195.571334	146.690969	8.24350805	257.609626	35	19.3739612	6.73264526	210.395164
7	11:07:16	3.00	94.560	27.910	31671.000	22.000	94.629609	19.8249030	195.571334	146.690969	8.24350805	257.609626	35	19.3739612	6.73264526	210.395164
7	11:07:31	3.25	94.390	27.930	31677.000	22.000	94.453871	19.7880860	195.208137	146.418548	8.22819897	257.131218	35	19.3739612	6.72014202	210.004438
7	11:07:46	3.50	93.780	28.000	31686.000	22.000	93.841937	19.6598859	193.943451	145.469953	8.17489133	255.465354	35	19.3739612	6.67660455	208.643892
7	11:08:01	3.75	94.010	27.980	31725.000	22.000	94.016278	19.6964102	194.303761	145.740209	8.19007872	255.939960	35	19.3739612	6.68900841	209.031513
7	11:08:16	4.00	94.380	27.930	31651.000	22.000	94.453871	19.7880860	195.208137	146.418548	8.22819897	257.131218	35	19.3739612	6.72014202	210.004438
7	11:08:31	4.25	93.650	28.020	31679.000	22.000	93.667994	19.6234446	193.583961	145.200312	8.15973848	254.991827	35	19.3739612	6.66422891	208.257153
7	11:08:46	4.50	94.070	27.970	31731.000	22.000	94.103597	19.7147036	194.484224	145.875567	8.19768539	256.177669	35	19.3739612	6.69522095	209.225655
7	11:09:01	4.75	93.770	28.000	31706.000	22.000	93.841937	19.6598859	193.943451	145.469953	8.17489133	255.465354	35	19.3739612	6.67660455	208.643892
7	11:09:16	5.00	94.340	27.940	31717.000	22.000	94.366153	19.7697090	195.026849	146.282571	8.22055752	256.892423	35	19.3739612	6.71390109	209.809409
7	11:09:31	5.25	93.960	27.980	31753.000	22.000	94.016278	19.6964102	194.303761	145.740209	8.19007872	255.939960	35	19.3739612	6.68900841	209.031513
7	11:09:46	5.50	93.680	28.010	31777.000	22.000	93.754916	19.6416549	193.763604	145.335056	8.16731059	255.228456	35	19.3739612	6.67041321	208.450413
7	11:10:01	5.75	94.560	27.910	31824.000	22.000	94.629609	19.8249030	195.571334	146.690969	8.24350805	257.609626	35	19.3739612	6.73264526	210.395164
7	11:10:16	6.00	94.520	27.920	31755.000	22.000	94.541690	19.8064840	195.389632	146.554681	8.23584914	257.370286	35	19.3739612	6.72639007	210.199690
7	11:10:31	6.25	93.200	28.070	31743.000	22.000	93.234861	19.5327033	192.688804	144.528888	8.12200681	253.812713	35	19.3739612	6.63341267	207.294146
7	11:10:46	6.50	93.760	28.000	31798.000	22.000	93.841937	19.6598859	193.943451	145.469953	8.17489133	255.465354	35	19.3739612	6.67660455	208.643892
7	11:11:01	6.75	93.270	28.060	31811.000	22.000	93.321291	19.5508104	192.867428	144.662868	8.12953600	254.048000	35	19.3739612	6.63956191	207.486310
7	11:11:16	7.00	93.160	28.070	31810.000	22.000	93.234861	19.5327033	192.688804	144.528888	8.12200681	253.812713	35	19.3739612	6.63341267	207.294146
7	11:11:31	7.25	93.720	28.010	31844.000	22.000	93.754916	19.6416549	193.763604	145.335056	8.16731059	255.228456	35	19.3739612	6.67041321	208.450413
7	11:11:46	7.50	93.840	28.000	31851.000	22.000	93.841937	19.6598859	193.943451	145.469953	8.17489133	255.465354	35	19.3739612	6.67660455	208.643892
7	11:12:01	7.75	93.220	28.070	31875.000	22.000	93.234861	19.5327033	192.688804	144.528888	8.12200681	253.812713	35	19.3739612	6.63341267	207.294146
7	11:12:16	8.00	93.810	28.000	31877.000	22.000	93.841937	19.6598859	193.943451	145.469953	8.17489133	255.465354	35	19.3739612	6.67660455	208.643892
7	11:12:31	8.25	92.890	28.110	31873.000	22.000	92.890122	19.4604805	191.976330	143.994487	8.09197541	252.874232	35	19.3739612	6.60888539	206.527669
7	11:12:46	8.50	93.220	28.070	31839.000	22.000	93.234861	19.5327033	192.688804	144.528888	8.12200681	253.812713	35	19.3739612	6.63341267	207.294146
7	11:13:01	8.75	93.670	28.010	31912.000	22.000	93.754916	19.6416549	193.763604	145.335056	8.16731059	255.228456	35	19.3739612	6.67041321	208.450413
7	11:13:16	9.00	93.370	28.050	31919.000	22.000	93.407819	19.5689380	193.046256	144.797000	8.13707375	254.283555	35	19.3739612	6.64571815	207.678692
7	11:13:31	9.25	92.800	28.120	31891.000	22.000	92.804181	19.4424760	191.798717	143.861266	8.08448884	252.640276	35	19.3739612	6.60277095	206.336592
7	11:13:46	9.50	93.670	28.010	31914.000	22.000	93.754916	19.6416549	193.763604	145.335056	8.16731059	255.228456	35	19.3739612	6.67041321	208.450413
7	11:14:01	9.75	92.420	28.160	31903.000	22.000	92.461392	19.3706616	191.090272	143.329887	8.05462727	251.707102	35	19.3739612	6.57838239	205.574450
7	11:14:16	10.00	92.780	28.120	31923.000	22.000	92.804181	19.4424760	191.798717	143.861266	8.08448884	252.640276	35	19.3739612	6.60277095	206.336592
7	11:14:31	10.25	92.520	28.150	31931.000	22.000	92.546943	19.3885847	191.267083	143.462506	8.06207998	251.939999	35	19.3739612	6.58446917	205.764662
7	11:14:46	10.50	92.540	28.150	31907.000	22.000	92.546943	19.3885847	191.267083	143.462506	8.06207998	251.939999	35	19.3739612	6.58446917	205.764662
7	11:15:01	10.75	92.870	28.110	31951.000	22.000	92.890122	19.4604805	191.976330	143.994487	8.09197541	252.874232	35	19.3739612	6.60888539	206.527669
7	11:15:16	11.00	92.960	28.100	31976.000	22.000	92.976160	19.4785055	192.154145	144.127860	8.09947048	253.108453	35	19.3739612	6.61500678	206.718962
7	11:15:31	11.25	93.010	28.090	31974.000	22.000	93.062296	19.4965509	192.332163	144.261384	8.10697406	253.342940	35	19.3739612	6.62113511	206.910472
7	11:15:46	11.50	92.610	28.140	31965.000	22.000	92.632592	19.4065281	191.444093	143.595275	8.06954113	252.173160	35	19.3739612	6.59056285	205.955089
7	11:16:01	11.75	92.500	28.150	31997.000	22.000	92.546943	19.3885847	191.267083	143.462506	8.06207998	251.939999	35	19.3739612	6.58446917	205.764662
7	11:16:16	12.00	92.230	28.180	32024.000	22.000	92.290579	19.3348762	190.737252	143.065100	8.03974716	251.242099	35	19.3739612	6.56622949	205.194672
7	11:16:31	12.25	92.520	28.150	32022.000	22.000	92.546943	19.3885847	191.267083	143.462506	8.06207998	251.939999	35	19.3739612	6.58446917	205.764662
7	11:16:46	12.50	92.350	28.170	32061.000	22.000	92.375937	19.3527588	190.913663	143.197419	8.04718301	251.474469	35	19.3739612	6.57230250	205.384453
7	11:17:01	12.75	92.410	28.160	32053.000	22.000	92.461392	19.3706616	191.090272	143.329887	8.05462727	251.707102	35	19.3739612	6.57838239	205.574450
7	11:17:16	13.00	92.610	28.140	32056.000	22.000	92.632592	19.4065281	191.444093	143.595275	8.06954113	252.173160	35	19.3739612	6.59056285	205.955089
7	11:17:31	13.25	92.140	28.190	32007.000	22.000	92.205317	19.3170139	190.561042	142.932931	8.03231973	251.009992	35	19.3739612	6.56016335	205.005105
7	11:17:46	13.50	92.340	28.170	32071.000	22.000	92.375937	19.3527588	190.913663	143.197419	8.04718301	251.474469	35	19.3739612	6.57230250	205.384453
7	11:18:01	13.75	92.730	28.120	32093.000	22.000	92.804181	19.4424760	191.798717	143.861266	8.08448884	252.640276	35	19.3739612	6.60277095	206.336592
7	11:18:16	14.00	91.720	28.240	32083.000	22.000	91.780452	19.2280048	189.682973	142.274323	7.99530832	249.853385	35	19.3739612	6.52993536	204.060480
7	11:18:31	14.25	92.290	28.170	32087.000	22.000	92.375937	19.3527588	190.913663	143.197419	8.04718301	251.474469	35	19.3739612	6.57230250	205.384453
7	11:18:46	14.50	91.740	28.240	32097.000	22.000	91.780452	19.2280048	189.682973	142.274323	7.99530832	249.853385	35	19.3739612	6.52993536	204.060480
7	11:19:01	14.75	91.890	28.220	32154.000	22.000	91.950110	19.2635481	190.033605	142.537319	8.01008778	250.315243	35	19.3739612	6.54200606	204.437689
7	11:19:16	15.00	92.340	28.170	32179.000	22.000	92.375937	19.3527588	190.913663	143.197419	8.04718301	251.474469	35	19.3739612	6.57230250	205.384453
7	11:19:31	15.25	91.740	28.240	32137.000	22.000	91.780452	19.2280048	189.682973	142.274323	7.99530832	249.853385	35	19.3739612	6.52993536	204.060480
7	11:19:46	15.50	92.290	28.170	32154.000	22.000	92.375937	19.3527588	190.913663	143.197419	8.04718301	251.474469	35	19.3739612	6.57230250	205.384453
7	11:20:01	15.75	91.850	28.230	32184.000	22.000	91.865233	19.2457664	189.858190	142.405747	8.00269388	250.084184	35	19.3739612	6.53596730	204.248978
7	11:20:16	16.00	92.090	28.200	32202.000	22.000	92.120152	19.2991718	190.385031	142.800911	8.02490070	250.778147	35	19.3739612	6.55410407	204.815752
7	11:20:31	16.25	91.870	28.220	32153.000	22.000	91.950110	19.2635481	190.033605	142.537319	8.01008778	250.315243	35	19.3739612	6.54200606	204.437689
7	11:20:46	16.50	91.130	28.310	32206.000	22.000	91.189659	19.1042335	188.461977	141.358498	7.94384226	248.245071	35	19.3739612	6.48790196	202.746936
7	11:21:01	16.75	91.830	28.230	32204.000	22.000	91.865233	19.2457664	189.858190	142.405747	8.00269388	250.084184	35	19.3739612	6.53596730	204.248978
7	11:21:16	17.00	91.030	28.320	32175.000	22.000	91.105640	19.0866315	188.288335	141.228256	7.93652308	248.016346	35	19.3739612	6.48192423	202.560132
7	11:21:31	17.25	91.460	28.270	32177.000	22.000	91.526683	19.1748402	189.158508	141.880941	7.97320165	249.162551	35	19.3739612	6.51188038	203.496262
7	11:21:46	17.50	91.290	28.290	32230.000	22.000	91.357981	19.1394970	188.809850	141.619425	7.95850540	248.703294	35	19.3739612	6.49987765	203.121176
7	11:22:01	17.75	91.360	28.280	32211.000	22.000	91.442285	19.1571586	188.984080	141.750109	7.96584938	248.932793	35	19.3739612	6.50587563	203.308613
7	11:22:16	18.00	91.500	28.270	32267.000	22.000	91.526683	19.1748402	189.158508	141.880941	7.97320165	249.162551	35	19.3739612	6.51188038	203.496262
7	11:22:31	18.25	91.290	28.290	32274.000	22.000	91.357981	19.1394970	188.809850	141.619425	7.95850540	248.703294	35	19.3739612	6.49987765	203.121176
7	11:22:46	18.50	90.950	28.330	32280.000	22.000	91.021715	19.0690493	188.114888	141.098160	7.92921215	247.787880	35	19.3739612	6.47595324	202.373539
7	11:23:01	18.75	91.240	28.300	32308.000	22.000	91.273772	19.1218553	188.635815	141.488888	7.95116970	248.474053	35	19.3739612	6.49388643	202.933951
7	11:23:16	19.00	90.870	28.340	32310.000	22.000	90.937885	19.0514870	187.941637	140.968210	7.92190944	247.559670	35	19.3739612	6.46998897	202.187155
7	11:23:31	19.25	90.960	28.330	32306.000	22.000	91.021715	19.0690493	188.114888	141.098160	7.92921215	247.787880	35	19.3739612	6.47595324	202.373539
7	11:23:46	19.50	90.890	28.340	32326.000	22.000	90.937885	19.0514870	187.941637	140.968210	7.92190944	247.559670	35	19.3739612	6.46998897	202.187155
7	11:24:01	19.75	90.980	28.330	32299.000	22.000	91.021715	19.0690493	188.114888	141.098160	7.92921215	247.787880	35	19.3739612	6.47595324	202.373539
7	11:24:16	20.00	90.630	28.370	32328.000	22.000	90.686961	18.9989184	187.423051	140.579238	7.90005060	246.876581	35	19.3739612	6.45213639	201.629262
7	11:24:31	20.25	90.930	28.340	32273.000	22.000	90.937885	19.0514870	187.941637	140.968210	7.92190944	247.559670	35	19.3739612	6.46998897	202.187155
7	11:24:46	20.50	90.670	28.370	32338.000	22.000	90.686961	18.9989184	187.423051	140.579238	7.90005060	246.876581	35	19.3739612	6.45213639	201.629262
7	11:25:01	20.75	90.930	28.340	32341.000	22.000	90.937885	19.0514870	187.941637	140.968210	7.92190944	247.559670	35	19.3739612	6.46998897	202.187155
7	11:25:16	21.00	90.660	28.370	32381.000	22.000	90.686961	18.9989184	187.423051	140.579238	7.90005060	246.876581	35	19.3739612	6.45213639	201.629262
7	11:25:31	21.25	90.600	28.380	32387.000	22.000	90.603508	18.9814350	187.250578	140.449872	7.89278070	246.649397	35	19.3739612	6.44619891	201.443716
7	11:25:46	21.50	90.610	28.370	32391.000	22.000	90.686961	18.9989184	187.423051	140.579238	7.90005060	246.876581	35	19.3739612	6.45213639	201.629262
7	11:26:01	21.75	90.290	28.410	32393.000	22.000	90.353711	18.9291024	186.734321	140.062646	7.87101998	245.969374	35	19.3739612	6.42842648	200.888327
7	11:26:16	22.00	91.120	28.310	32431.000	22.000	91.189659	19.1042335	188.461977	141.358498	7.94384226	248.245071	35	19.3739612	6.48790196	202.746936
7	11:26:31	22.25	90.030	28.440	32409.000	22.000	90.104754	18.8769459	186.219801	139.676723	7.84933249	245.291640	35	19.3739612	6.41071385	200.334808
7	11:26:46	22.50	90.410	28.400	32365.000	22.000	90.436883	18.9465270	186.906213	140.191576	7.87826540	246.195794	35	19.3739612	6.43434397	201.073249
7	11:27:01	22.75	90.050	28.440	32382.000	22.000	90.104754	18.8769459	186.219801	139.676723	7.84933249	245.291640	35	19.3739612	6.41071385	200.334808
7	11:27:16	23.00	90.320	28.410	32442.000	22.000	90.353711	18.9291024	186.734321	140.062646	7.87101998	245.969374	35	19.3739612	6.42842648	200.888327
7	11:27:31	23.25	90.450	28.390	32437.000	22.000	90.520149	18.9639711	187.078299	140.320651	7.88551897	246.422468	35	19.3739612	6.44026811	201.258378
7	11:27:46	23.50	90.290	28.410	32483.000	22.000	90.353711	18.9291024	186.734321	140.062646	7.87101998	245.969374	35	19.3739612	6.42842648	200.888327
7	11:28:01	23.75	90.670	28.370	32456.000	22.000	90.686961	18.9989184	187.423051	140.579238	7.90005060	246.876581	35	19.3739612	6.45213639	201.629262
7	11:28:16	24.00	90.530	28.380	32471.000	22.000	90.603508	18.9814350	187.250578	140.449872	7.89278070	246.649397	35	19.3739612	6.44619891	201.443716
7	11:28:31	24.25	90.570	28.380	32467.000	22.000	90.603508	18.9814350	187.250578	140.449872	7.89278070	246.649397	35	19.3739612	6.44619891	201.443716
7	11:28:46	24.50	89.950	28.450	32484.000	22.000	90.021954	18.8595994	186.048679	139.548371	7.84211955	245.066236	35	19.3739612	6.40482289	200.150715
7	11:29:01	24.75	90.320	28.410	32451.000	22.000	90.353711	18.9291024	186.734321	140.062646	7.87101998	245.969374	35	19.3739612	6.42842648	200.888327
7	11:29:16	25.00	90.670	28.370	32492.000	22.000	90.686961	18.9989184	187.423051	140.579238	7.90005060	246.876581	35	19.3739612	6.45213639	201.629262
7	11:29:31	25.25	90.370	28.400	32488.000	22.000	90.436883	18.9465270	186.906213	140.191576	7.87826540	246.195794	35	19.3739612	6.43434397	201.073249
7	11:29:46	25.50	90.270	28.420	32524.000	22.000	90.270632	18.9116973	186.562621	139.933860	7.86378270	245.743209	35	19.3739612	6.42251564	200.703614
7	11:30:01	25.75	89.950	28.450	32527.000	22.000	90.021954	18.8595994	186.048679	139.548371	7.84211955	245.066236	35	19.3739612	6.40482289	200.150715
7	11:30:16	26.00	89.810	28.470	32544.000	22.000	89.856634	18.8249648	185.707010	139.292097	7.82771791	244.616185	35	19.3739612	6.39306078	199.783149
7	11:30:31	26.25	89.710	28.480	32519.000	22.000	89.774112	18.8076765	185.536463	139.164176	7.82052920	244.391538	35	19.3739612	6.38718960	199.599675
7	11:30:46	26.50	90.260	28.420	32549.000	22.000	90.270632	18.9116973	186.562621	139.933860	7.86378270	245.743209	35	19.3739612	6.42251564	200.703614
7	11:31:01	26.75	89.890	28.460	32569.000	22.000	89.939248	18.8422724	185.877749	139.420162	7.83491469	244.841084	35	19.3739612	6.39893853	199.966829
7	11:31:16	27.00	89.800	28.470	32571.000	22.000	89.856634	18.8249648	185.707010	139.292097	7.82771791	244.616185	35	19.3739612	6.39306078	199.783149
7	11:31:31	27.25	89.660	28.490	32558.000	22.000	89.691684	18.7904077	185.366107	139.036398	7.81334854	244.167142	35	19.3739612	6.38132501	199.416407
7	11:31:46	27.50	89.830	28.470	32556.000	22.000	89.856634	18.8249648	185.707010	139.292097	7.82771791	244.616185	35	19.3739612	6.39306078	199.783149
7	11:32:01	27.75	89.420	28.520	32602.000	22.000	89.444950	18.7387171	184.856183	138.653923	7.79185478	243.495462	35	19.3739612	6.36377060	198.867831
7	11:32:16	28.00	89.500	28.510	32642.000	22.000	89.527103	18.7559280	185.025967	138.781272	7.79901134	243.719105	35	19.3739612	6.36961552	199.050485
7	11:32:31	28.25	89.280	28.540	32609.000	22.000	89.280921	18.7043530	184.517184	138.399652	7.77756566	243.048927	35	19.3739612	6.35210038	198.503137
