Chamber	Time/hh:mm:ss	Logtime/min	Oxy/% air sat.	Phase/°	Amp	Temp/°C	% air-sat.	% oxygen	pO2 (hPa)	pO2 (Torr)	cO2 [mg/L]	cO2 [µmol/L]	Salinity	chlorinity	SalCorcO2 [mg/L]	SalCorcO2 [µmol/L]
5	15:45:37	0.00	94.210	26.230	41636.000	32.000	94.276863	19.7510028	190.662136	143.008758	6.88263960	215.082488	35	19.3739612	5.49566089	171.739403
5	15:45:46	0.15	93.810	26.280	41631.000	32.000	93.822139	19.6557381	189.742519	142.318986	6.84944269	214.045084	35	19.3739612	5.46915377	170.911055
5	15:46:01	0.40	93.740	26.280	41659.000	32.000	93.822139	19.6557381	189.742519	142.318986	6.84944269	214.045084	35	19.3739612	5.46915377	170.911055
5	15:46:16	0.65	93.750	26.280	41672.000	32.000	93.822139	19.6557381	189.742519	142.318986	6.84944269	214.045084	35	19.3739612	5.46915377	170.911055
5	15:46:31	0.90	93.370	26.320	41641.000	32.000	93.460329	19.5799388	189.010806	141.770155	6.82302889	213.219653	35	19.3739612	5.44806284	170.251964
5	15:46:46	1.15	93.630	26.300	41690.000	32.000	93.641016	19.6177928	189.376222	142.044240	6.83621988	213.631871	35	19.3739612	5.45859560	170.581112
5	15:47:01	1.40	93.620	26.300	41708.000	32.000	93.641016	19.6177928	189.376222	142.044240	6.83621988	213.631871	35	19.3739612	5.45859560	170.581112
5	15:47:16	1.65	93.590	26.300	41714.000	32.000	93.641016	19.6177928	189.376222	142.044240	6.83621988	213.631871	35	19.3739612	5.45859560	170.581112
5	15:47:31	1.90	93.590	26.300	41746.000	32.000	93.641016	19.6177928	189.376222	142.044240	6.83621988	213.631871	35	19.3739612	5.45859560	170.581112
5	15:47:46	2.15	93.580	26.300	41750.000	32.000	93.641016	19.6177928	189.376222	142.044240	6.83621988	213.631871	35	19.3739612	5.45859560	170.581112
5	15:48:01	2.40	93.510	26.310	41768.000	32.000	93.550618	19.5988544	189.193404	141.907115	6.82962041	213.425638	35	19.3739612	5.45332605	170.416439
5	15:48:16	2.65	93.280	26.340	41798.000	32.000	93.280076	19.5421759	188.646270	141.496730	6.80986964	212.808426	35	19.3739612	5.43755542	169.923607
5	15:48:31	2.90	93.620	26.300	41797.000	32.000	93.641016	19.6177928	189.376222	142.044240	6.83621988	213.631871	35	19.3739612	5.45859560	170.581112
5	15:48:46	3.15	92.940	26.370	41821.000	32.000	93.010509	19.4857017	188.101108	141.087823	6.79019003	212.193439	35	19.3739612	5.42184162	169.432551
5	15:49:01	3.40	93.080	26.360	41839.000	32.000	93.100257	19.5045038	188.282610	141.223962	6.79674201	212.398188	35	19.3739612	5.42707325	169.596039
5	15:49:16	3.65	93.300	26.330	41848.000	32.000	93.370148	19.5610460	188.828429	141.633360	6.81644530	213.013916	35	19.3739612	5.44280596	170.087686
5	15:49:31	3.90	92.980	26.370	41857.000	32.000	93.010509	19.4857017	188.101108	141.087823	6.79019003	212.193439	35	19.3739612	5.42184162	169.432551
5	15:49:46	4.15	92.850	26.380	41887.000	32.000	92.920870	19.4669222	187.919824	140.951849	6.78364593	211.988935	35	19.3739612	5.41661627	169.269258
5	15:50:01	4.40	93.010	26.360	41914.000	32.000	93.100257	19.5045038	188.282610	141.223962	6.79674201	212.398188	35	19.3739612	5.42707325	169.596039
5	15:50:16	4.65	93.490	26.310	41937.000	32.000	93.550618	19.5988544	189.193404	141.907115	6.82962041	213.425638	35	19.3739612	5.45332605	170.416439
5	15:50:31	4.90	92.720	26.400	41939.000	32.000	92.741913	19.4294308	187.557909	140.680389	6.77058129	211.580665	35	19.3739612	5.40618439	168.943262
5	15:50:46	5.15	93.220	26.340	41973.000	32.000	93.280076	19.5421759	188.646270	141.496730	6.80986964	212.808426	35	19.3739612	5.43755542	169.923607
5	15:51:01	5.40	93.060	26.360	41965.000	32.000	93.100257	19.5045038	188.282610	141.223962	6.79674201	212.398188	35	19.3739612	5.42707325	169.596039
5	15:51:16	5.65	92.630	26.410	42017.000	32.000	92.652596	19.4107188	187.377277	140.544904	6.76406073	211.376898	35	19.3739612	5.40097785	168.780558
5	15:51:31	5.90	92.780	26.390	42043.000	32.000	92.831337	19.4481652	187.738758	140.816038	6.77710968	211.784678	35	19.3739612	5.41139720	169.106162
5	15:51:46	6.15	92.630	26.410	42022.000	32.000	92.652596	19.4107188	187.377277	140.544904	6.76406073	211.376898	35	19.3739612	5.40097785	168.780558
5	15:52:01	6.40	92.130	26.460	42051.000	32.000	92.207614	19.3174952	186.477362	139.869911	6.73157506	210.361721	35	19.3739612	5.37503864	167.969958
5	15:52:16	6.65	92.670	26.400	42068.000	32.000	92.741913	19.4294308	187.557909	140.680389	6.77058129	211.580665	35	19.3739612	5.40618439	168.943262
5	15:52:31	6.90	92.500	26.420	42105.000	32.000	92.563386	19.3920293	187.196862	140.409581	6.75754799	211.173375	35	19.3739612	5.39577755	168.618048
5	15:52:46	7.15	92.270	26.450	42127.000	32.000	92.296397	19.3360952	186.656914	140.004586	6.73805662	210.564269	35	19.3739612	5.38021404	168.131689
5	15:53:01	7.40	92.250	26.450	42129.000	32.000	92.296397	19.3360952	186.656914	140.004586	6.73805662	210.564269	35	19.3739612	5.38021404	168.131689
5	15:53:16	7.65	92.260	26.450	42135.000	32.000	92.296397	19.3360952	186.656914	140.004586	6.73805662	210.564269	35	19.3739612	5.38021404	168.131689
5	15:53:31	7.90	92.380	26.440	42167.000	32.000	92.385287	19.3547176	186.836680	140.139422	6.74454595	210.767061	35	19.3739612	5.38539566	168.293614
5	15:53:46	8.15	91.980	26.480	42183.000	32.000	92.030368	19.2803620	186.118905	139.601045	6.71863524	209.957351	35	19.3739612	5.36470643	167.647076
5	15:54:01	8.40	91.840	26.500	42206.000	32.000	91.853545	19.2433177	185.761305	139.332822	6.70572639	209.553950	35	19.3739612	5.35439895	167.324967
5	15:54:16	8.65	91.950	26.480	42204.000	32.000	92.030368	19.2803620	186.118905	139.601045	6.71863524	209.957351	35	19.3739612	5.36470643	167.647076
5	15:54:31	8.90	91.600	26.520	42236.000	32.000	91.677145	19.2063620	185.404561	139.065241	6.69284841	209.151513	35	19.3739612	5.34411613	167.003629
5	15:54:46	9.15	91.720	26.510	42269.000	32.000	91.765292	19.2248288	185.582826	139.198952	6.69928355	209.352611	35	19.3739612	5.34925446	167.164202
5	15:55:01	9.40	91.660	26.520	42274.000	32.000	91.677145	19.2063620	185.404561	139.065241	6.69284841	209.151513	35	19.3739612	5.34411613	167.003629
5	15:55:16	9.65	91.360	26.550	42284.000	32.000	91.413336	19.1510939	184.871042	138.665068	6.67358913	208.549660	35	19.3739612	5.32873795	166.523061
5	15:55:31	9.90	91.630	26.520	42303.000	32.000	91.677145	19.2063620	185.404561	139.065241	6.69284841	209.151513	35	19.3739612	5.34411613	167.003629
5	15:55:46	10.15	91.300	26.560	42338.000	32.000	91.325610	19.1327152	184.693628	138.531996	6.66718471	208.349522	35	19.3739612	5.32362413	166.363254
5	15:56:01	10.40	91.250	26.560	42344.000	32.000	91.325610	19.1327152	184.693628	138.531996	6.66718471	208.349522	35	19.3739612	5.32362413	166.363254
5	15:56:16	10.65	91.310	26.560	42368.000	32.000	91.325610	19.1327152	184.693628	138.531996	6.66718471	208.349522	35	19.3739612	5.32362413	166.363254
5	15:56:31	10.90	91.350	26.550	42390.000	32.000	91.413336	19.1510939	184.871042	138.665068	6.67358913	208.549660	35	19.3739612	5.32873795	166.523061
5	15:56:46	11.15	90.870	26.610	42399.000	32.000	90.888546	19.0411505	183.809727	137.869014	6.63527710	207.352409	35	19.3739612	5.29814649	165.567078
5	15:57:01	11.40	90.660	26.630	42396.000	32.000	90.714450	19.0046773	183.457641	137.604927	6.62256728	206.955227	35	19.3739612	5.28799793	165.249935
5	15:57:16	11.65	91.050	26.590	42407.000	32.000	91.063059	19.0777108	184.162654	138.133732	6.64801729	207.750540	35	19.3739612	5.30831930	165.884978
5	15:57:31	11.90	91.180	26.570	42452.000	32.000	91.237988	19.1143585	184.516425	138.399083	6.66078794	208.149623	35	19.3739612	5.31851643	166.203638
5	15:57:46	12.15	91.220	26.570	42449.000	32.000	91.237988	19.1143585	184.516425	138.399083	6.66078794	208.149623	35	19.3739612	5.31851643	166.203638
5	15:58:01	12.40	90.730	26.620	42502.000	32.000	90.801446	19.0229030	183.633579	137.736892	6.62891840	207.153700	35	19.3739612	5.29306919	165.408412
5	15:58:16	12.65	90.730	26.620	42508.000	32.000	90.801446	19.0229030	183.633579	137.736892	6.62891840	207.153700	35	19.3739612	5.29306919	165.408412
5	15:58:31	12.90	90.460	26.650	42529.000	32.000	90.540768	18.9682910	183.106393	137.341469	6.60988773	206.558992	35	19.3739612	5.27787355	164.933548
5	15:58:46	13.15	90.760	26.620	42543.000	32.000	90.801446	19.0229030	183.633579	137.736892	6.62891840	207.153700	35	19.3739612	5.29306919	165.408412
5	15:59:01	13.40	90.640	26.630	42522.000	32.000	90.714450	19.0046773	183.457641	137.604927	6.62256728	206.955227	35	19.3739612	5.28799793	165.249935
5	15:59:16	13.65	90.610	26.640	42566.000	32.000	90.627558	18.9864733	183.281912	137.473119	6.61622372	206.756991	35	19.3739612	5.28293272	165.091648
5	15:59:31	13.90	90.650	26.630	42587.000	32.000	90.714450	19.0046773	183.457641	137.604927	6.62256728	206.955227	35	19.3739612	5.28799793	165.249935
5	15:59:46	14.15	90.080	26.700	42588.000	32.000	90.108370	18.8777036	182.231927	136.685563	6.57832070	205.572522	35	19.3739612	5.25266786	164.145871
5	16:00:01	14.40	90.380	26.660	42612.000	32.000	90.454083	18.9501303	182.931083	137.209975	6.60355928	206.361227	35	19.3739612	5.27282040	164.775637
5	16:00:16	14.65	89.930	26.720	42607.000	32.000	89.936130	18.8416193	181.883595	136.424292	6.56574639	205.179575	35	19.3739612	5.24262751	163.832110
5	16:00:31	14.90	90.280	26.680	42684.000	32.000	90.281021	18.9138739	182.581089	136.947457	6.59092497	205.966405	35	19.3739612	5.26273213	164.460379
5	16:00:46	15.15	90.060	26.700	42686.000	32.000	90.108370	18.8777036	182.231927	136.685563	6.57832070	205.572522	35	19.3739612	5.25266786	164.145871
5	16:01:01	15.40	90.250	26.680	42672.000	32.000	90.281021	18.9138739	182.581089	136.947457	6.59092497	205.966405	35	19.3739612	5.26273213	164.460379
5	16:01:16	15.65	89.490	26.770	42721.000	32.000	89.507317	18.7517829	181.016378	135.773825	6.53444108	204.201284	35	19.3739612	5.21763079	163.050962
5	16:01:31	15.90	89.980	26.710	42725.000	32.000	90.022199	18.8596507	182.057657	136.554850	6.57202981	205.375932	35	19.3739612	5.24764470	163.988897
5	16:01:46	16.15	89.950	26.710	42761.000	32.000	90.022199	18.8596507	182.057657	136.554850	6.57202981	205.375932	35	19.3739612	5.24764470	163.988897
5	16:02:01	16.40	89.770	26.730	42751.000	32.000	89.850164	18.8236093	181.709739	136.293889	6.55947044	204.983451	35	19.3739612	5.23761628	163.675509
5	16:02:16	16.65	89.250	26.800	42761.000	32.000	89.251248	18.6981366	180.498514	135.385393	6.51574691	203.617091	35	19.3739612	5.20270384	162.584495
5	16:02:31	16.90	89.470	26.770	42790.000	32.000	89.507317	18.7517829	181.016378	135.773825	6.53444108	204.201284	35	19.3739612	5.21763079	163.050962
5	16:02:46	17.15	89.180	26.800	42815.000	32.000	89.251248	18.6981366	180.498514	135.385393	6.51574691	203.617091	35	19.3739612	5.20270384	162.584495
5	16:03:01	17.40	89.270	26.790	42829.000	32.000	89.336503	18.7159975	180.670931	135.514717	6.52197091	203.811591	35	19.3739612	5.20767359	162.739800
5	16:03:16	17.65	89.180	26.800	42859.000	32.000	89.251248	18.6981366	180.498514	135.385393	6.51574691	203.617091	35	19.3739612	5.20270384	162.584495
5	16:03:31	17.90	89.060	26.820	42888.000	32.000	89.081042	18.6624782	180.154294	135.127206	6.50332103	203.228782	35	19.3739612	5.19278200	162.274438
5	16:03:46	18.15	88.800	26.850	42888.000	32.000	88.826486	18.6091489	179.639490	134.741071	6.48473733	202.648042	35	19.3739612	5.17794326	161.810727
5	16:04:01	18.40	88.910	26.840	42911.000	32.000	88.911238	18.6269043	179.810888	134.869630	6.49092456	202.841393	35	19.3739612	5.18288365	161.965114
5	16:04:16	18.65	88.750	26.850	42933.000	32.000	88.826486	18.6091489	179.639490	134.741071	6.48473733	202.648042	35	19.3739612	5.17794326	161.810727
5	16:04:31	18.90	89.200	26.800	42956.000	32.000	89.251248	18.6981366	180.498514	135.385393	6.51574691	203.617091	35	19.3739612	5.20270384	162.584495
5	16:04:46	19.15	88.730	26.860	42930.000	32.000	88.741835	18.5914145	179.468295	134.612664	6.47855743	202.454920	35	19.3739612	5.17300872	161.656523
5	16:05:01	19.40	88.580	26.870	42970.000	32.000	88.657284	18.5737011	179.297303	134.484408	6.47238483	202.262026	35	19.3739612	5.16808002	161.502501
5	16:05:16	19.65	88.690	26.860	43004.000	32.000	88.741835	18.5914145	179.468295	134.612664	6.47855743	202.454920	35	19.3739612	5.17300872	161.656523
5	16:05:31	19.90	88.100	26.930	43009.000	32.000	88.152074	18.4678594	178.275583	133.718053	6.43550215	201.109442	35	19.3739612	5.13862987	160.582184
5	16:05:46	20.15	88.690	26.860	43046.000	32.000	88.741835	18.5914145	179.468295	134.612664	6.47855743	202.454920	35	19.3739612	5.17300872	161.656523
5	16:06:01	20.40	88.440	26.890	43040.000	32.000	88.488482	18.5383371	178.955924	134.228352	6.46006152	201.876923	35	19.3739612	5.15824008	161.195003
