Chamber	Time/hh:mm:ss	Logtime/min	Oxy/% air sat.	Phase/°	Amp	Temp/°C	% air-sat.	% oxygen	pO2 (hPa)	pO2 (Torr)	cO2 [mg/L]	cO2 [µmol/L]	Salinity	chlorinity	SalCorcO2 [mg/L]	SalCorcO2 [µmol/L]
6	10:31:32	0.00	97.030	27.640	36664.000	22.000	97.041865	20.3302708	200.556753	150.430351	8.45364796	264.176499	35	19.3739612	6.90427092	215.758466
6	10:31:44	0.21	97.650	27.570	36662.000	22.000	97.679578	20.4638716	201.874715	151.418907	8.50920127	265.912540	35	19.3739612	6.94964247	217.176327
6	10:31:59	0.46	96.990	27.640	36674.000	22.000	97.041865	20.3302708	200.556753	150.430351	8.45364796	264.176499	35	19.3739612	6.90427092	215.758466
6	10:32:14	0.71	96.390	27.710	36683.000	22.000	96.409272	20.1977425	199.249370	149.449731	8.39854061	262.454394	35	19.3739612	6.85926360	214.351987
6	10:32:29	0.96	96.720	27.670	36681.000	22.000	96.770130	20.2733423	199.995157	150.009118	8.42997618	263.436756	35	19.3739612	6.88493769	215.154303
6	10:32:44	1.21	96.520	27.690	36710.000	22.000	96.589494	20.2354989	199.621835	149.729103	8.41424033	262.945010	35	19.3739612	6.87208589	214.752684
6	10:32:59	1.46	97.050	27.630	36705.000	22.000	97.132652	20.3492907	200.744383	150.571086	8.46155674	264.423648	35	19.3739612	6.91073019	215.960318
6	10:33:14	1.71	95.710	27.780	36738.000	22.000	95.781746	20.0662758	197.952460	148.476966	8.34387468	260.746084	35	19.3739612	6.81461679	212.956775
6	10:33:29	1.96	96.170	27.730	36748.000	22.000	96.229464	20.1600728	198.877761	149.171000	8.38287693	261.964904	35	19.3739612	6.84647074	213.952211
6	10:33:44	2.21	96.740	27.670	36729.000	22.000	96.770130	20.2733423	199.995157	150.009118	8.42997618	263.436756	35	19.3739612	6.88493769	215.154303
6	10:33:59	2.46	96.530	27.690	36768.000	22.000	96.589494	20.2354989	199.621835	149.729103	8.41424033	262.945010	35	19.3739612	6.87208589	214.752684
6	10:34:14	2.71	96.010	27.750	36762.000	22.000	96.050069	20.1224894	198.507003	148.892908	8.36724917	261.476537	35	19.3739612	6.83370723	213.553351
6	10:34:29	2.96	96.300	27.720	36761.000	22.000	96.319317	20.1788968	199.063459	149.310286	8.39070427	262.209508	35	19.3739612	6.85286350	214.151984
6	10:34:44	3.21	96.350	27.710	36797.000	22.000	96.409272	20.1977425	199.249370	149.449731	8.39854061	262.454394	35	19.3739612	6.85926360	214.351987
6	10:34:59	3.46	96.130	27.740	36846.000	22.000	96.139715	20.1412703	198.692276	149.031874	8.37505857	261.720580	35	19.3739612	6.84008532	213.752666
6	10:35:14	3.71	95.920	27.760	36861.000	22.000	95.960525	20.1037300	198.321944	148.754102	8.35944874	261.232773	35	19.3739612	6.82733645	213.354264
6	10:35:29	3.96	95.380	27.820	36814.000	22.000	95.425415	19.9916244	197.216030	147.924596	8.31283346	259.776046	35	19.3739612	6.78926478	212.164524
6	10:35:44	4.21	95.940	27.760	36828.000	22.000	95.960525	20.1037300	198.321944	148.754102	8.35944874	261.232773	35	19.3739612	6.82733645	213.354264
6	10:35:59	4.46	95.450	27.810	36882.000	22.000	95.514345	20.0102552	197.399821	148.062451	8.32058043	260.018139	35	19.3739612	6.79559189	212.362247
6	10:36:14	4.71	95.650	27.790	36885.000	22.000	95.692510	20.0475809	197.768036	148.338636	8.33610103	260.503157	35	19.3739612	6.80826789	212.758372
6	10:36:29	4.96	94.660	27.900	36913.000	22.000	94.717628	19.8433430	195.753243	146.827413	8.25117570	257.849241	35	19.3739612	6.73890760	210.590862
6	10:36:44	5.21	95.320	27.830	36895.000	22.000	95.336587	19.9730150	197.032448	147.786898	8.30509535	259.534230	35	19.3739612	6.78294490	211.967028
6	10:36:59	5.46	95.700	27.780	36935.000	22.000	95.781746	20.0662758	197.952460	148.476966	8.34387468	260.746084	35	19.3739612	6.81461679	212.956775
6	10:37:14	5.71	94.680	27.900	36930.000	22.000	94.717628	19.8433430	195.753243	146.827413	8.25117570	257.849241	35	19.3739612	6.73890760	210.590862
6	10:37:29	5.96	94.350	27.940	36939.000	22.000	94.366153	19.7697090	195.026849	146.282571	8.22055752	256.892423	35	19.3739612	6.71390109	209.809409
6	10:37:44	6.21	94.440	27.930	36941.000	22.000	94.453871	19.7880860	195.208137	146.418548	8.22819897	257.131218	35	19.3739612	6.72014202	210.004438
6	10:37:59	6.46	94.760	27.890	36988.000	22.000	94.805748	19.8618041	195.935361	146.964013	8.25885212	258.089129	35	19.3739612	6.74517709	210.786784
6	10:38:14	6.71	95.340	27.820	36988.000	22.000	95.425415	19.9916244	197.216030	147.924596	8.31283346	259.776046	35	19.3739612	6.78926478	212.164524
6	10:38:29	6.96	96.070	27.740	36996.000	22.000	96.139715	20.1412703	198.692276	149.031874	8.37505857	261.720580	35	19.3739612	6.84008532	213.752666
6	10:38:44	7.21	94.560	27.910	37032.000	22.000	94.629609	19.8249030	195.571334	146.690969	8.24350805	257.609626	35	19.3739612	6.73264526	210.395164
6	10:38:59	7.46	95.400	27.820	37013.000	22.000	95.425415	19.9916244	197.216030	147.924596	8.31283346	259.776046	35	19.3739612	6.78926478	212.164524
6	10:39:14	7.71	94.600	27.910	37021.000	22.000	94.629609	19.8249030	195.571334	146.690969	8.24350805	257.609626	35	19.3739612	6.73264526	210.395164
6	10:39:29	7.96	94.430	27.930	37060.000	22.000	94.453871	19.7880860	195.208137	146.418548	8.22819897	257.131218	35	19.3739612	6.72014202	210.004438
6	10:39:44	8.21	94.890	27.880	37051.000	22.000	94.893968	19.8802863	196.117687	147.100769	8.26653731	258.329291	35	19.3739612	6.75145375	210.982930
6	10:39:59	8.46	94.120	27.960	37093.000	22.000	94.191016	19.7330179	194.664893	146.011081	8.20530075	256.415648	35	19.3739612	6.70144056	209.420018
6	10:40:14	8.71	94.260	27.950	37083.000	22.000	94.278535	19.7513530	194.845768	146.146748	8.21292478	256.653900	35	19.3739612	6.70766728	209.614602
6	10:40:29	8.96	94.140	27.960	37090.000	22.000	94.191016	19.7330179	194.664893	146.011081	8.20530075	256.415648	35	19.3739612	6.70144056	209.420018
6	10:40:44	9.21	94.260	27.950	37110.000	22.000	94.278535	19.7513530	194.845768	146.146748	8.21292478	256.653900	35	19.3739612	6.70766728	209.614602
6	10:40:59	9.46	94.890	27.880	37126.000	22.000	94.893968	19.8802863	196.117687	147.100769	8.26653731	258.329291	35	19.3739612	6.75145375	210.982930
6	10:41:14	9.71	94.310	27.940	37127.000	22.000	94.366153	19.7697090	195.026849	146.282571	8.22055752	256.892423	35	19.3739612	6.71390109	209.809409
6	10:41:29	9.96	93.800	28.000	37140.000	22.000	93.841937	19.6598859	193.943451	145.469953	8.17489133	255.465354	35	19.3739612	6.67660455	208.643892
6	10:41:44	10.21	93.990	27.980	37184.000	22.000	94.016278	19.6964102	194.303761	145.740209	8.19007872	255.939960	35	19.3739612	6.68900841	209.031513
6	10:41:59	10.46	93.710	28.010	37173.000	22.000	93.754916	19.6416549	193.763604	145.335056	8.16731059	255.228456	35	19.3739612	6.67041321	208.450413
6	10:42:14	10.71	94.470	27.920	37183.000	22.000	94.541690	19.8064840	195.389632	146.554681	8.23584914	257.370286	35	19.3739612	6.72639007	210.199690
6	10:42:29	10.96	93.870	27.990	37228.000	22.000	93.929058	19.6781377	194.123503	145.605004	8.18248070	255.702522	35	19.3739612	6.68280295	208.837592
6	10:42:44	11.21	94.370	27.930	37212.000	22.000	94.453871	19.7880860	195.208137	146.418548	8.22819897	257.131218	35	19.3739612	6.72014202	210.004438
6	10:42:59	11.46	93.240	28.060	37295.000	22.000	93.321291	19.5508104	192.867428	144.662868	8.12953600	254.048000	35	19.3739612	6.63956191	207.486310
6	10:43:14	11.71	93.690	28.010	37259.000	22.000	93.754916	19.6416549	193.763604	145.335056	8.16731059	255.228456	35	19.3739612	6.67041321	208.450413
6	10:43:29	11.96	93.670	28.010	37324.000	22.000	93.754916	19.6416549	193.763604	145.335056	8.16731059	255.228456	35	19.3739612	6.67041321	208.450413
6	10:43:44	12.21	93.520	28.030	37290.000	22.000	93.581170	19.6052551	193.404522	145.065722	8.15217497	254.755468	35	19.3739612	6.65805163	208.064114
6	10:43:59	12.46	93.770	28.000	37291.000	22.000	93.841937	19.6598859	193.943451	145.469953	8.17489133	255.465354	35	19.3739612	6.67660455	208.643892
6	10:44:14	12.71	93.480	28.040	37362.000	22.000	93.494445	19.5870862	193.225287	144.931285	8.14462007	254.519377	35	19.3739612	6.65188139	207.871293
6	10:44:29	12.96	93.400	28.050	37386.000	22.000	93.407819	19.5689380	193.046256	144.797000	8.13707375	254.283555	35	19.3739612	6.64571815	207.678692
6	10:44:44	13.21	92.790	28.120	37403.000	22.000	92.804181	19.4424760	191.798717	143.861266	8.08448884	252.640276	35	19.3739612	6.60277095	206.336592
6	10:44:59	13.46	93.070	28.080	37419.000	22.000	93.148529	19.5146169	192.510382	144.395060	8.11448617	253.577693	35	19.3739612	6.62727040	207.102200
6	10:45:14	13.71	93.580	28.030	37392.000	22.000	93.581170	19.6052551	193.404522	145.065722	8.15217497	254.755468	35	19.3739612	6.65805163	208.064114
6	10:45:29	13.96	92.990	28.090	37433.000	22.000	93.062296	19.4965509	192.332163	144.261384	8.10697406	253.342940	35	19.3739612	6.62113511	206.910472
6	10:45:44	14.21	93.740	28.010	37436.000	22.000	93.754916	19.6416549	193.763604	145.335056	8.16731059	255.228456	35	19.3739612	6.67041321	208.450413
6	10:45:59	14.46	93.280	28.060	37457.000	22.000	93.321291	19.5508104	192.867428	144.662868	8.12953600	254.048000	35	19.3739612	6.63956191	207.486310
6	10:46:14	14.71	92.880	28.110	37452.000	22.000	92.890122	19.4604805	191.976330	143.994487	8.09197541	252.874232	35	19.3739612	6.60888539	206.527669
6	10:46:29	14.96	93.390	28.050	37444.000	22.000	93.407819	19.5689380	193.046256	144.797000	8.13707375	254.283555	35	19.3739612	6.64571815	207.678692
6	10:46:44	15.21	92.440	28.160	37467.000	22.000	92.461392	19.3706616	191.090272	143.329887	8.05462727	251.707102	35	19.3739612	6.57838239	205.574450
6	10:46:59	15.46	92.840	28.110	37501.000	22.000	92.890122	19.4604805	191.976330	143.994487	8.09197541	252.874232	35	19.3739612	6.60888539	206.527669
6	10:47:14	15.71	92.860	28.110	37500.000	22.000	92.890122	19.4604805	191.976330	143.994487	8.09197541	252.874232	35	19.3739612	6.60888539	206.527669
6	10:47:29	15.96	92.700	28.130	37536.000	22.000	92.718338	19.4244918	191.621304	143.728195	8.07701075	252.406586	35	19.3739612	6.59666344	206.145733
6	10:47:44	16.21	92.170	28.190	37501.000	22.000	92.205317	19.3170139	190.561042	142.932931	8.03231973	251.009992	35	19.3739612	6.56016335	205.005105
6	10:47:59	16.46	92.700	28.130	37550.000	22.000	92.718338	19.4244918	191.621304	143.728195	8.07701075	252.406586	35	19.3739612	6.59666344	206.145733
6	10:48:14	16.71	92.650	28.130	37552.000	22.000	92.718338	19.4244918	191.621304	143.728195	8.07701075	252.406586	35	19.3739612	6.59666344	206.145733
6	10:48:29	16.96	92.480	28.150	37541.000	22.000	92.546943	19.3885847	191.267083	143.462506	8.06207998	251.939999	35	19.3739612	6.58446917	205.764662
6	10:48:44	17.21	91.960	28.210	37581.000	22.000	92.035083	19.2813498	190.209218	142.669041	8.01749005	250.546564	35	19.3739612	6.54805165	204.626614
6	10:48:59	17.46	91.920	28.220	37548.000	22.000	91.950110	19.2635481	190.033605	142.537319	8.01008778	250.315243	35	19.3739612	6.54200606	204.437689
6	10:49:14	17.71	91.960	28.210	37609.000	22.000	92.035083	19.2813498	190.209218	142.669041	8.01749005	250.546564	35	19.3739612	6.54805165	204.626614
6	10:49:29	17.96	93.050	28.090	37611.000	22.000	93.062296	19.4965509	192.332163	144.261384	8.10697406	253.342940	35	19.3739612	6.62113511	206.910472
6	10:49:44	18.21	92.340	28.170	37639.000	22.000	92.375937	19.3527588	190.913663	143.197419	8.04718301	251.474469	35	19.3739612	6.57230250	205.384453
6	10:49:59	18.46	92.140	28.190	37642.000	22.000	92.205317	19.3170139	190.561042	142.932931	8.03231973	251.009992	35	19.3739612	6.56016335	205.005105
6	10:50:14	18.71	92.070	28.200	37643.000	22.000	92.120152	19.2991718	190.385031	142.800911	8.02490070	250.778147	35	19.3739612	6.55410407	204.815752
6	10:50:29	18.96	91.460	28.270	37685.000	22.000	91.526683	19.1748402	189.158508	141.880941	7.97320165	249.162551	35	19.3739612	6.51188038	203.496262
6	10:50:44	19.21	91.410	28.280	37663.000	22.000	91.442285	19.1571586	188.984080	141.750109	7.96584938	248.932793	35	19.3739612	6.50587563	203.308613
6	10:50:59	19.46	92.040	28.200	37684.000	22.000	92.120152	19.2991718	190.385031	142.800911	8.02490070	250.778147	35	19.3739612	6.55410407	204.815752
6	10:51:14	19.71	91.790	28.230	37668.000	22.000	91.865233	19.2457664	189.858190	142.405747	8.00269388	250.084184	35	19.3739612	6.53596730	204.248978
