Chamber	Time/hh:mm:ss	Logtime/min	Oxy/% air sat.	Phase/°	Amp	Temp/°C	% air-sat.	% oxygen	pO2 (hPa)	pO2 (Torr)	cO2 [mg/L]	cO2 [µmol/L]	Salinity	chlorinity	SalCorcO2 [mg/L]	SalCorcO2 [µmol/L]
10	12:25:02	0.00	96.590	29.580	45323.000	12.000	96.619459	20.2417767	202.202040	151.664421	10.37933515	324.354223	35	19.3739612	8.31812983	259.941557
10	12:25:11	0.14	96.350	29.610	45271.000	12.000	96.359712	20.1873597	201.658450	151.256694	10.35143187	323.482246	35	19.3739612	8.29576779	259.242743
10	12:25:26	0.39	96.270	29.620	45284.000	12.000	96.273317	20.1692599	201.477645	151.121079	10.34215086	323.192214	35	19.3739612	8.28832987	259.010308
10	12:25:41	0.64	96.360	29.600	45329.000	12.000	96.446201	20.2054791	201.839451	151.392457	10.36072291	323.772591	35	19.3739612	8.30321374	259.475430
10	12:25:56	0.89	96.280	29.610	45286.000	12.000	96.359712	20.1873597	201.658450	151.256694	10.35143187	323.482246	35	19.3739612	8.29576779	259.242743
10	12:26:11	1.14	96.480	29.590	45322.000	12.000	96.532783	20.2236180	202.020647	151.528365	10.37002400	324.063250	35	19.3739612	8.31066775	259.708367
10	12:26:26	1.39	96.050	29.640	45290.000	12.000	96.100806	20.1331188	201.116620	150.850287	10.32361889	322.613090	35	19.3739612	8.27347812	258.546191
10	12:26:41	1.64	96.560	29.580	45303.000	12.000	96.619459	20.2417767	202.202040	151.664421	10.37933515	324.354223	35	19.3739612	8.31812983	259.941557
10	12:26:56	1.89	96.610	29.580	45306.000	12.000	96.619459	20.2417767	202.202040	151.664421	10.37933515	324.354223	35	19.3739612	8.31812983	259.941557
10	12:27:11	2.14	96.150	29.630	45322.000	12.000	96.187015	20.1511796	201.297035	150.985610	10.33287987	322.902496	35	19.3739612	8.28089998	258.778125
10	12:27:26	2.39	96.490	29.590	45276.000	12.000	96.532783	20.2236180	202.020647	151.528365	10.37002400	324.063250	35	19.3739612	8.31066775	259.708367
10	12:27:41	2.64	96.240	29.620	45274.000	12.000	96.273317	20.1692599	201.477645	151.121079	10.34215086	323.192214	35	19.3739612	8.28832987	259.010308
10	12:27:56	2.89	96.360	29.600	45344.000	12.000	96.446201	20.2054791	201.839451	151.392457	10.36072291	323.772591	35	19.3739612	8.30321374	259.475430
10	12:28:11	3.14	96.340	29.610	45317.000	12.000	96.359712	20.1873597	201.658450	151.256694	10.35143187	323.482246	35	19.3739612	8.29576779	259.242743
10	12:28:26	3.39	96.200	29.620	45320.000	12.000	96.273317	20.1692599	201.477645	151.121079	10.34215086	323.192214	35	19.3739612	8.28832987	259.010308
10	12:28:41	3.64	96.160	29.630	45302.000	12.000	96.187015	20.1511796	201.297035	150.985610	10.33287987	322.902496	35	19.3739612	8.28089998	258.778125
10	12:28:56	3.89	96.070	29.640	45300.000	12.000	96.100806	20.1331188	201.116620	150.850287	10.32361889	322.613090	35	19.3739612	8.27347812	258.546191
10	12:29:11	4.14	95.970	29.650	45309.000	12.000	96.014690	20.1150775	200.936399	150.715110	10.31436790	322.323997	35	19.3739612	8.26606426	258.314508
10	12:29:26	4.39	96.240	29.620	45310.000	12.000	96.273317	20.1692599	201.477645	151.121079	10.34215086	323.192214	35	19.3739612	8.28832987	259.010308
10	12:29:41	4.64	96.240	29.620	45340.000	12.000	96.273317	20.1692599	201.477645	151.121079	10.34215086	323.192214	35	19.3739612	8.28832987	259.010308
10	12:29:56	4.89	96.160	29.630	45355.000	12.000	96.187015	20.1511796	201.297035	150.985610	10.33287987	322.902496	35	19.3739612	8.28089998	258.778125
10	12:30:11	5.14	96.310	29.610	45391.000	12.000	96.359712	20.1873597	201.658450	151.256694	10.35143187	323.482246	35	19.3739612	8.29576779	259.242743
10	12:30:26	5.39	95.850	29.660	45328.000	12.000	95.928667	20.0970557	200.756373	150.580079	10.30512688	322.035215	35	19.3739612	8.25865839	258.083075
10	12:30:41	5.64	96.230	29.620	45350.000	12.000	96.273317	20.1692599	201.477645	151.121079	10.34215086	323.192214	35	19.3739612	8.28832987	259.010308
10	12:30:56	5.89	96.670	29.570	45348.000	12.000	96.706229	20.2599549	202.383629	151.800625	10.38865637	324.645512	35	19.3739612	8.32559997	260.174999
10	12:31:11	6.14	96.430	29.600	45344.000	12.000	96.446201	20.2054791	201.839451	151.392457	10.36072291	323.772591	35	19.3739612	8.30321374	259.475430
10	12:31:26	6.39	96.290	29.610	45383.000	12.000	96.359712	20.1873597	201.658450	151.256694	10.35143187	323.482246	35	19.3739612	8.29576779	259.242743
10	12:31:41	6.64	96.090	29.640	45342.000	12.000	96.100806	20.1331188	201.116620	150.850287	10.32361889	322.613090	35	19.3739612	8.27347812	258.546191
10	12:31:56	6.89	96.500	29.590	45381.000	12.000	96.532783	20.2236180	202.020647	151.528365	10.37002400	324.063250	35	19.3739612	8.31066775	259.708367
10	12:32:11	7.14	96.160	29.630	45359.000	12.000	96.187015	20.1511796	201.297035	150.985610	10.33287987	322.902496	35	19.3739612	8.28089998	258.778125
10	12:32:26	7.39	95.700	29.680	45357.000	12.000	95.756899	20.0610703	200.396903	150.310453	10.28667473	321.458585	35	19.3739612	8.24387060	257.620956
10	12:32:41	7.64	96.150	29.630	45350.000	12.000	96.187015	20.1511796	201.297035	150.985610	10.33287987	322.902496	35	19.3739612	8.28089998	258.778125
10	12:32:56	7.89	95.410	29.720	45372.000	12.000	95.414472	19.9893319	199.680283	149.772943	10.24988955	320.309048	35	19.3739612	8.21439050	256.699703
10	12:33:11	8.14	96.230	29.620	45412.000	12.000	96.273317	20.1692599	201.477645	151.121079	10.34215086	323.192214	35	19.3739612	8.28832987	259.010308
10	12:33:26	8.39	95.980	29.650	45409.000	12.000	96.014690	20.1150775	200.936399	150.715110	10.31436790	322.323997	35	19.3739612	8.26606426	258.314508
10	12:33:41	8.64	95.720	29.680	45338.000	12.000	95.756899	20.0610703	200.396903	150.310453	10.28667473	321.458585	35	19.3739612	8.24387060	257.620956
10	12:33:56	8.89	95.830	29.670	45411.000	12.000	95.842737	20.0790533	200.576541	150.445193	10.29589583	321.746745	35	19.3739612	8.25126051	257.851891
10	12:34:11	9.14	95.600	29.690	45415.000	12.000	95.671154	20.0431067	200.217458	150.175858	10.27746357	321.170737	35	19.3739612	8.23648866	257.390271
10	12:34:26	9.39	96.200	29.620	45414.000	12.000	96.273317	20.1692599	201.477645	151.121079	10.34215086	323.192214	35	19.3739612	8.28832987	259.010308
10	12:34:41	9.64	95.800	29.670	45417.000	12.000	95.842737	20.0790533	200.576541	150.445193	10.29589583	321.746745	35	19.3739612	8.25126051	257.851891
10	12:34:56	9.89	95.360	29.720	45421.000	12.000	95.414472	19.9893319	199.680283	149.772943	10.24988955	320.309048	35	19.3739612	8.21439050	256.699703
10	12:35:11	10.14	95.730	29.680	45387.000	12.000	95.756899	20.0610703	200.396903	150.310453	10.28667473	321.458585	35	19.3739612	8.24387060	257.620956
10	12:35:26	10.39	95.870	29.660	45408.000	12.000	95.928667	20.0970557	200.756373	150.580079	10.30512688	322.035215	35	19.3739612	8.25865839	258.083075
10	12:35:41	10.64	95.690	29.680	45407.000	12.000	95.756899	20.0610703	200.396903	150.310453	10.28667473	321.458585	35	19.3739612	8.24387060	257.620956
10	12:35:56	10.89	95.920	29.660	45419.000	12.000	95.928667	20.0970557	200.756373	150.580079	10.30512688	322.035215	35	19.3739612	8.25865839	258.083075
10	12:36:11	11.14	95.500	29.700	45397.000	12.000	95.585501	20.0251625	200.038207	150.041408	10.26826233	320.883198	35	19.3739612	8.22911467	257.159833
10	12:36:26	11.39	95.620	29.690	45438.000	12.000	95.671154	20.0431067	200.217458	150.175858	10.27746357	321.170737	35	19.3739612	8.23648866	257.390271
10	12:36:41	11.64	95.510	29.700	45422.000	12.000	95.585501	20.0251625	200.038207	150.041408	10.26826233	320.883198	35	19.3739612	8.22911467	257.159833
10	12:36:56	11.89	95.510	29.700	45418.000	12.000	95.585501	20.0251625	200.038207	150.041408	10.26826233	320.883198	35	19.3739612	8.22911467	257.159833
10	12:37:11	12.14	95.470	29.710	45424.000	12.000	95.499940	20.0072375	199.859148	149.907103	10.25907099	320.595968	35	19.3739612	8.22174862	256.929644
10	12:37:26	12.39	95.550	29.700	45448.000	12.000	95.585501	20.0251625	200.038207	150.041408	10.26826233	320.883198	35	19.3739612	8.22911467	257.159833
10	12:37:41	12.64	95.140	29.750	45448.000	12.000	95.158618	19.9357305	199.144840	149.371326	10.22240446	319.450139	35	19.3739612	8.19236360	256.011362
10	12:37:56	12.89	95.830	29.670	45449.000	12.000	95.842737	20.0790533	200.576541	150.445193	10.29589583	321.746745	35	19.3739612	8.25126051	257.851891
10	12:38:11	13.14	95.530	29.700	45474.000	12.000	95.585501	20.0251625	200.038207	150.041408	10.26826233	320.883198	35	19.3739612	8.22911467	257.159833
10	12:38:26	13.39	95.690	29.680	45485.000	12.000	95.756899	20.0610703	200.396903	150.310453	10.28667473	321.458585	35	19.3739612	8.24387060	257.620956
10	12:38:41	13.64	95.720	29.680	45498.000	12.000	95.756899	20.0610703	200.396903	150.310453	10.28667473	321.458585	35	19.3739612	8.24387060	257.620956
10	12:38:56	13.89	95.510	29.700	45495.000	12.000	95.585501	20.0251625	200.038207	150.041408	10.26826233	320.883198	35	19.3739612	8.22911467	257.159833
10	12:39:11	14.14	95.640	29.690	45488.000	12.000	95.671154	20.0431067	200.217458	150.175858	10.27746357	321.170737	35	19.3739612	8.23648866	257.390271
10	12:39:26	14.39	95.540	29.700	45506.000	12.000	95.585501	20.0251625	200.038207	150.041408	10.26826233	320.883198	35	19.3739612	8.22911467	257.159833
10	12:39:41	14.63	95.060	29.760	45509.000	12.000	95.073517	19.9179017	198.966742	149.237742	10.21326246	319.164452	35	19.3739612	8.18503708	255.782409
10	12:39:56	14.89	95.520	29.700	45515.000	12.000	95.585501	20.0251625	200.038207	150.041408	10.26826233	320.883198	35	19.3739612	8.22911467	257.159833
10	12:40:11	15.14	94.660	29.800	45528.000	12.000	94.734025	19.8467782	198.256265	148.704838	10.17679257	318.024768	35	19.3739612	8.15580965	254.869052
10	12:40:26	15.39	95.240	29.740	45530.000	12.000	95.243811	19.9535784	199.323129	149.505054	10.23155630	319.736134	35	19.3739612	8.19969800	256.240562
10	12:40:41	15.64	95.470	29.710	45541.000	12.000	95.499940	20.0072375	199.859148	149.907103	10.25907099	320.595968	35	19.3739612	8.22174862	256.929644
10	12:40:56	15.89	95.440	29.710	45549.000	12.000	95.499940	20.0072375	199.859148	149.907103	10.25907099	320.595968	35	19.3739612	8.22174862	256.929644
10	12:41:11	16.14	95.490	29.710	45538.000	12.000	95.499940	20.0072375	199.859148	149.907103	10.25907099	320.595968	35	19.3739612	8.22174862	256.929644
10	12:41:26	16.39	95.210	29.740	45508.000	12.000	95.243811	19.9535784	199.323129	149.505054	10.23155630	319.736134	35	19.3739612	8.19969800	256.240562
10	12:41:41	16.64	95.320	29.730	45503.000	12.000	95.329096	19.9714455	199.501609	149.638926	10.24071799	320.022437	35	19.3739612	8.20704029	256.470009
10	12:41:56	16.89	95.140	29.750	45588.000	12.000	95.158618	19.9357305	199.144840	149.371326	10.22240446	319.450139	35	19.3739612	8.19236360	256.011362
10	12:42:11	17.14	95.390	29.720	45578.000	12.000	95.414472	19.9893319	199.680283	149.772943	10.24988955	320.309048	35	19.3739612	8.21439050	256.699703
10	12:42:26	17.39	95.530	29.700	45529.000	12.000	95.585501	20.0251625	200.038207	150.041408	10.26826233	320.883198	35	19.3739612	8.22911467	257.159833
10	12:42:41	17.64	95.350	29.720	45541.000	12.000	95.414472	19.9893319	199.680283	149.772943	10.24988955	320.309048	35	19.3739612	8.21439050	256.699703
10	12:42:56	17.89	95.590	29.690	45513.000	12.000	95.671154	20.0431067	200.217458	150.175858	10.27746357	321.170737	35	19.3739612	8.23648866	257.390271
10	12:43:11	18.13	95.260	29.730	45560.000	12.000	95.329096	19.9714455	199.501609	149.638926	10.24071799	320.022437	35	19.3739612	8.20704029	256.470009
10	12:43:26	18.39	95.290	29.730	45572.000	12.000	95.329096	19.9714455	199.501609	149.638926	10.24071799	320.022437	35	19.3739612	8.20704029	256.470009
10	12:43:41	18.64	94.890	29.780	45587.000	12.000	94.903588	19.8823017	198.611122	148.971004	10.19500792	318.593997	35	19.3739612	8.17040766	255.325239
10	12:43:56	18.89	95.380	29.720	45552.000	12.000	95.414472	19.9893319	199.680283	149.772943	10.24988955	320.309048	35	19.3739612	8.21439050	256.699703
10	12:44:11	19.14	95.530	29.700	45600.000	12.000	95.585501	20.0251625	200.038207	150.041408	10.26826233	320.883198	35	19.3739612	8.22911467	257.159833
