Chamber	Time/hh:mm:ss	Logtime/min	Oxy/% air sat.	Phase/°	Amp	Temp/°C	% air-sat.	% oxygen	pO2 (hPa)	pO2 (Torr)	cO2 [mg/L]	cO2 [µmol/L]	Salinity	chlorinity	SalCorcO2 [mg/L]	SalCorcO2 [µmol/L]
6	11:51:40	0.00	96.800	29.550	39496.000	12.000	96.880050	20.2963705	202.747396	152.073473	10.40732911	325.229035	35	19.3739612	8.34056454	260.642642
6	11:51:48	0.14	96.380	29.600	39579.000	12.000	96.446201	20.2054791	201.839451	151.392457	10.36072291	323.772591	35	19.3739612	8.30321374	259.475430
6	11:52:03	0.38	96.680	29.570	39518.000	12.000	96.706229	20.2599549	202.383629	151.800625	10.38865637	324.645512	35	19.3739612	8.32559997	260.174999
6	11:52:18	0.63	97.380	29.490	39529.000	12.000	97.403779	20.4060916	203.843438	152.895575	10.46359060	326.987206	35	19.3739612	8.38565320	262.051663
6	11:52:33	0.88	97.250	29.500	39548.000	12.000	97.316254	20.3877552	203.660269	152.758186	10.45418826	326.693383	35	19.3739612	8.37811805	261.816189
6	11:52:48	1.13	97.170	29.510	39518.000	12.000	97.228824	20.3694386	203.477299	152.620947	10.44479611	326.399878	35	19.3739612	8.37059106	261.580971
6	11:53:03	1.38	96.210	29.620	39509.000	12.000	96.273317	20.1692599	201.477645	151.121079	10.34215086	323.192214	35	19.3739612	8.28832987	259.010308
6	11:53:18	1.63	96.800	29.550	39506.000	12.000	96.880050	20.2963705	202.747396	152.073473	10.40732911	325.229035	35	19.3739612	8.34056454	260.642642
6	11:53:33	1.89	97.040	29.530	39544.000	12.000	97.054248	20.3328650	203.111952	152.346914	10.42604231	325.813822	35	19.3739612	8.35556154	261.111298
6	11:53:48	2.13	97.190	29.510	39479.000	12.000	97.228824	20.3694386	203.477299	152.620947	10.44479611	326.399878	35	19.3739612	8.37059106	261.580971
6	11:54:03	2.38	96.910	29.540	39559.000	12.000	96.967102	20.3146078	202.929575	152.210119	10.41668065	325.521270	35	19.3739612	8.34805898	260.876843
6	11:54:18	2.63	96.880	29.550	39501.000	12.000	96.880050	20.2963705	202.747396	152.073473	10.40732911	325.229035	35	19.3739612	8.34056454	260.642642
6	11:54:33	2.88	97.280	29.500	39531.000	12.000	97.316254	20.3877552	203.660269	152.758186	10.45418826	326.693383	35	19.3739612	8.37811805	261.816189
6	11:54:48	3.13	97.240	29.500	39534.000	12.000	97.316254	20.3877552	203.660269	152.758186	10.45418826	326.693383	35	19.3739612	8.37811805	261.816189
6	11:55:03	3.39	96.400	29.600	39537.000	12.000	96.446201	20.2054791	201.839451	151.392457	10.36072291	323.772591	35	19.3739612	8.30321374	259.475430
6	11:55:18	3.63	97.430	29.480	39519.000	12.000	97.491398	20.4244479	204.026806	153.033112	10.47300314	327.281348	35	19.3739612	8.39319653	262.287392
6	11:55:33	3.88	97.140	29.520	39550.000	12.000	97.141489	20.3511419	203.294526	152.483856	10.43541413	326.106692	35	19.3739612	8.36307223	261.346007
6	11:55:48	4.13	97.350	29.490	39543.000	12.000	97.403779	20.4060916	203.843438	152.895575	10.46359060	326.987206	35	19.3739612	8.38565320	262.051663
6	11:56:03	4.38	97.530	29.470	39561.000	12.000	97.579113	20.4428242	204.210373	153.170799	10.48242590	327.575809	35	19.3739612	8.40074805	262.523377
6	11:56:18	4.63	96.210	29.620	39553.000	12.000	96.273317	20.1692599	201.477645	151.121079	10.34215086	323.192214	35	19.3739612	8.28832987	259.010308
6	11:56:33	4.88	97.330	29.490	39540.000	12.000	97.403779	20.4060916	203.843438	152.895575	10.46359060	326.987206	35	19.3739612	8.38565320	262.051663
6	11:56:48	5.13	96.700	29.570	39627.000	12.000	96.706229	20.2599549	202.383629	151.800625	10.38865637	324.645512	35	19.3739612	8.32559997	260.174999
6	11:57:03	5.38	97.320	29.490	39558.000	12.000	97.403779	20.4060916	203.843438	152.895575	10.46359060	326.987206	35	19.3739612	8.38565320	262.051663
6	11:57:18	5.63	97.220	29.510	39536.000	12.000	97.228824	20.3694386	203.477299	152.620947	10.44479611	326.399878	35	19.3739612	8.37059106	261.580971
6	11:57:33	5.88	97.050	29.530	39555.000	12.000	97.054248	20.3328650	203.111952	152.346914	10.42604231	325.813822	35	19.3739612	8.35556154	261.111298
6	11:57:48	6.13	96.370	29.600	39539.000	12.000	96.446201	20.2054791	201.839451	151.392457	10.36072291	323.772591	35	19.3739612	8.30321374	259.475430
6	11:58:03	6.38	96.840	29.550	39581.000	12.000	96.880050	20.2963705	202.747396	152.073473	10.40732911	325.229035	35	19.3739612	8.34056454	260.642642
6	11:58:18	6.63	97.030	29.530	39581.000	12.000	97.054248	20.3328650	203.111952	152.346914	10.42604231	325.813822	35	19.3739612	8.35556154	261.111298
6	11:58:33	6.88	97.560	29.470	39608.000	12.000	97.579113	20.4428242	204.210373	153.170799	10.48242590	327.575809	35	19.3739612	8.40074805	262.523377
6	11:58:48	7.13	96.940	29.540	39567.000	12.000	96.967102	20.3146078	202.929575	152.210119	10.41668065	325.521270	35	19.3739612	8.34805898	260.876843
6	11:59:03	7.38	96.580	29.580	39629.000	12.000	96.619459	20.2417767	202.202040	151.664421	10.37933515	324.354223	35	19.3739612	8.31812983	259.941557
6	11:59:18	7.64	96.920	29.540	39594.000	12.000	96.967102	20.3146078	202.929575	152.210119	10.41668065	325.521270	35	19.3739612	8.34805898	260.876843
6	11:59:33	7.88	97.270	29.500	39564.000	12.000	97.316254	20.3877552	203.660269	152.758186	10.45418826	326.693383	35	19.3739612	8.37811805	261.816189
6	11:59:48	8.13	96.690	29.570	39587.000	12.000	96.706229	20.2599549	202.383629	151.800625	10.38865637	324.645512	35	19.3739612	8.32559997	260.174999
6	12:00:03	8.38	96.520	29.590	39591.000	12.000	96.532783	20.2236180	202.020647	151.528365	10.37002400	324.063250	35	19.3739612	8.31066775	259.708367
6	12:00:18	8.63	96.240	29.620	39592.000	12.000	96.273317	20.1692599	201.477645	151.121079	10.34215086	323.192214	35	19.3739612	8.28832987	259.010308
6	12:00:33	8.88	97.010	29.530	39659.000	12.000	97.054248	20.3328650	203.111952	152.346914	10.42604231	325.813822	35	19.3739612	8.35556154	261.111298
6	12:00:48	9.13	96.810	29.550	39603.000	12.000	96.880050	20.2963705	202.747396	152.073473	10.40732911	325.229035	35	19.3739612	8.34056454	260.642642
6	12:01:03	9.39	97.520	29.470	39587.000	12.000	97.579113	20.4428242	204.210373	153.170799	10.48242590	327.575809	35	19.3739612	8.40074805	262.523377
6	12:01:18	9.63	96.210	29.620	39587.000	12.000	96.273317	20.1692599	201.477645	151.121079	10.34215086	323.192214	35	19.3739612	8.28832987	259.010308
6	12:01:33	9.89	96.850	29.550	39636.000	12.000	96.880050	20.2963705	202.747396	152.073473	10.40732911	325.229035	35	19.3739612	8.34056454	260.642642
6	12:01:48	10.13	96.250	29.620	39639.000	12.000	96.273317	20.1692599	201.477645	151.121079	10.34215086	323.192214	35	19.3739612	8.28832987	259.010308
6	12:02:03	10.38	96.660	29.570	39607.000	12.000	96.706229	20.2599549	202.383629	151.800625	10.38865637	324.645512	35	19.3739612	8.32559997	260.174999
6	12:02:18	10.63	97.360	29.490	39618.000	12.000	97.403779	20.4060916	203.843438	152.895575	10.46359060	326.987206	35	19.3739612	8.38565320	262.051663
6	12:02:33	10.88	96.350	29.610	39623.000	12.000	96.359712	20.1873597	201.658450	151.256694	10.35143187	323.482246	35	19.3739612	8.29576779	259.242743
6	12:02:48	11.13	97.080	29.520	39693.000	12.000	97.141489	20.3511419	203.294526	152.483856	10.43541413	326.106692	35	19.3739612	8.36307223	261.346007
6	12:03:03	11.38	96.650	29.570	39660.000	12.000	96.706229	20.2599549	202.383629	151.800625	10.38865637	324.645512	35	19.3739612	8.32559997	260.174999
6	12:03:18	11.63	96.790	29.560	39604.000	12.000	96.793092	20.2781528	202.565414	151.936975	10.39798769	324.937115	35	19.3739612	8.33307821	260.408694
6	12:03:33	11.88	97.320	29.490	39667.000	12.000	97.403779	20.4060916	203.843438	152.895575	10.46359060	326.987206	35	19.3739612	8.38565320	262.051663
6	12:03:48	12.13	96.430	29.600	39709.000	12.000	96.446201	20.2054791	201.839451	151.392457	10.36072291	323.772591	35	19.3739612	8.30321374	259.475430
6	12:04:03	12.38	96.160	29.630	39647.000	12.000	96.187015	20.1511796	201.297035	150.985610	10.33287987	322.902496	35	19.3739612	8.28089998	258.778125
6	12:04:18	12.63	96.420	29.600	39640.000	12.000	96.446201	20.2054791	201.839451	151.392457	10.36072291	323.772591	35	19.3739612	8.30321374	259.475430
6	12:04:33	12.88	96.600	29.580	39674.000	12.000	96.619459	20.2417767	202.202040	151.664421	10.37933515	324.354223	35	19.3739612	8.31812983	259.941557
6	12:04:48	13.14	96.370	29.600	39677.000	12.000	96.446201	20.2054791	201.839451	151.392457	10.36072291	323.772591	35	19.3739612	8.30321374	259.475430
6	12:05:03	13.38	96.660	29.570	39646.000	12.000	96.706229	20.2599549	202.383629	151.800625	10.38865637	324.645512	35	19.3739612	8.32559997	260.174999
6	12:05:18	13.63	96.180	29.630	39692.000	12.000	96.187015	20.1511796	201.297035	150.985610	10.33287987	322.902496	35	19.3739612	8.28089998	258.778125
6	12:05:33	13.88	96.280	29.610	39685.000	12.000	96.359712	20.1873597	201.658450	151.256694	10.35143187	323.482246	35	19.3739612	8.29576779	259.242743
6	12:05:48	14.13	96.500	29.590	39723.000	12.000	96.532783	20.2236180	202.020647	151.528365	10.37002400	324.063250	35	19.3739612	8.31066775	259.708367
6	12:06:03	14.38	96.550	29.580	39677.000	12.000	96.619459	20.2417767	202.202040	151.664421	10.37933515	324.354223	35	19.3739612	8.31812983	259.941557
6	12:06:18	14.63	96.570	29.580	39718.000	12.000	96.619459	20.2417767	202.202040	151.664421	10.37933515	324.354223	35	19.3739612	8.31812983	259.941557
6	12:06:33	14.88	96.500	29.590	39709.000	12.000	96.532783	20.2236180	202.020647	151.528365	10.37002400	324.063250	35	19.3739612	8.31066775	259.708367
6	12:06:48	15.13	96.550	29.580	39728.000	12.000	96.619459	20.2417767	202.202040	151.664421	10.37933515	324.354223	35	19.3739612	8.31812983	259.941557
6	12:07:03	15.38	95.970	29.650	39693.000	12.000	96.014690	20.1150775	200.936399	150.715110	10.31436790	322.323997	35	19.3739612	8.26606426	258.314508
6	12:07:18	15.63	96.020	29.640	39744.000	12.000	96.100806	20.1331188	201.116620	150.850287	10.32361889	322.613090	35	19.3739612	8.27347812	258.546191
6	12:07:33	15.88	95.970	29.650	39728.000	12.000	96.014690	20.1150775	200.936399	150.715110	10.31436790	322.323997	35	19.3739612	8.26606426	258.314508
6	12:07:48	16.13	96.140	29.630	39721.000	12.000	96.187015	20.1511796	201.297035	150.985610	10.33287987	322.902496	35	19.3739612	8.28089998	258.778125
6	12:08:03	16.39	95.770	29.670	39725.000	12.000	95.842737	20.0790533	200.576541	150.445193	10.29589583	321.746745	35	19.3739612	8.25126051	257.851891
6	12:08:18	16.63	95.820	29.670	39801.000	12.000	95.842737	20.0790533	200.576541	150.445193	10.29589583	321.746745	35	19.3739612	8.25126051	257.851891
6	12:08:33	16.88	95.980	29.650	39782.000	12.000	96.014690	20.1150775	200.936399	150.715110	10.31436790	322.323997	35	19.3739612	8.26606426	258.314508
6	12:08:48	17.13	96.290	29.610	39820.000	12.000	96.359712	20.1873597	201.658450	151.256694	10.35143187	323.482246	35	19.3739612	8.29576779	259.242743
6	12:09:03	17.39	96.320	29.610	39776.000	12.000	96.359712	20.1873597	201.658450	151.256694	10.35143187	323.482246	35	19.3739612	8.29576779	259.242743
6	12:09:18	17.63	96.010	29.650	39777.000	12.000	96.014690	20.1150775	200.936399	150.715110	10.31436790	322.323997	35	19.3739612	8.26606426	258.314508
6	12:09:33	17.88	96.170	29.630	39769.000	12.000	96.187015	20.1511796	201.297035	150.985610	10.33287987	322.902496	35	19.3739612	8.28089998	258.778125
6	12:09:48	18.14	96.310	29.610	39769.000	12.000	96.359712	20.1873597	201.658450	151.256694	10.35143187	323.482246	35	19.3739612	8.29576779	259.242743
6	12:10:03	18.38	96.230	29.620	39808.000	12.000	96.273317	20.1692599	201.477645	151.121079	10.34215086	323.192214	35	19.3739612	8.28832987	259.010308
6	12:10:18	18.64	96.110	29.630	39783.000	12.000	96.187015	20.1511796	201.297035	150.985610	10.33287987	322.902496	35	19.3739612	8.28089998	258.778125
6	12:10:33	18.88	96.300	29.610	39820.000	12.000	96.359712	20.1873597	201.658450	151.256694	10.35143187	323.482246	35	19.3739612	8.29576779	259.242743
6	12:10:48	19.13	95.550	29.700	39829.000	12.000	95.585501	20.0251625	200.038207	150.041408	10.26826233	320.883198	35	19.3739612	8.22911467	257.159833
6	12:11:03	19.38	96.400	29.600	39816.000	12.000	96.446201	20.2054791	201.839451	151.392457	10.36072291	323.772591	35	19.3739612	8.30321374	259.475430
