Chamber	Time/hh:mm:ss	Logtime/min	Oxy/% air sat.	Phase/°	Amp	Temp/°C	% air-sat.	% oxygen	pO2 (hPa)	pO2 (Torr)	cO2 [mg/L]	cO2 [µmol/L]	Salinity	chlorinity	SalCorcO2 [mg/L]	SalCorcO2 [µmol/L]
10	10:43:10	0.00	96.020	29.050	44224.000	15.000	96.103075	20.1335943	200.510575	150.395715	9.65497818	301.718068	35	19.3739612	7.79398274	243.561961
10	10:43:16	0.10	96.340	29.020	44231.000	15.000	96.365042	20.1884764	201.057145	150.805677	9.68129663	302.540520	35	19.3739612	7.81522832	244.225885
10	10:43:31	0.35	96.390	29.010	44238.000	15.000	96.452557	20.2068107	201.239737	150.942633	9.69008878	302.815274	35	19.3739612	7.82232578	244.447681
10	10:43:46	0.60	96.140	29.040	44267.000	15.000	96.190302	20.1518682	200.692564	150.532219	9.66374134	301.991917	35	19.3739612	7.80105681	243.783025
10	10:44:01	0.85	96.400	29.010	44227.000	15.000	96.452557	20.2068107	201.239737	150.942633	9.69008878	302.815274	35	19.3739612	7.82232578	244.447681
10	10:44:16	1.10	96.330	29.020	44248.000	15.000	96.365042	20.1884764	201.057145	150.805677	9.68129663	302.540520	35	19.3739612	7.81522832	244.225885
10	10:44:31	1.35	96.230	29.030	44259.000	15.000	96.277624	20.1701622	200.874755	150.668873	9.67251416	302.266067	35	19.3739612	7.80813866	244.004333
10	10:44:46	1.60	95.910	29.070	44275.000	15.000	95.928911	20.0971068	200.147195	150.123157	9.63748073	301.171273	35	19.3739612	7.77985793	243.120560
10	10:45:01	1.85	96.150	29.040	44276.000	15.000	96.190302	20.1518682	200.692564	150.532219	9.66374134	301.991917	35	19.3739612	7.80105681	243.783025
10	10:45:16	2.10	96.230	29.030	44291.000	15.000	96.277624	20.1701622	200.874755	150.668873	9.67251416	302.266067	35	19.3739612	7.80813866	244.004333
10	10:45:31	2.35	96.320	29.020	44253.000	15.000	96.365042	20.1884764	201.057145	150.805677	9.68129663	302.540520	35	19.3739612	7.81522832	244.225885
10	10:45:46	2.60	96.190	29.040	44261.000	15.000	96.190302	20.1518682	200.692564	150.532219	9.66374134	301.991917	35	19.3739612	7.80105681	243.783025
10	10:46:01	2.85	96.290	29.020	44276.000	15.000	96.365042	20.1884764	201.057145	150.805677	9.68129663	302.540520	35	19.3739612	7.81522832	244.225885
10	10:46:16	3.10	96.050	29.050	44263.000	15.000	96.103075	20.1335943	200.510575	150.395715	9.65497818	301.718068	35	19.3739612	7.79398274	243.561961
10	10:46:31	3.35	96.260	29.030	44259.000	15.000	96.277624	20.1701622	200.874755	150.668873	9.67251416	302.266067	35	19.3739612	7.80813866	244.004333
10	10:46:46	3.60	96.360	29.020	44277.000	15.000	96.365042	20.1884764	201.057145	150.805677	9.68129663	302.540520	35	19.3739612	7.81522832	244.225885
10	10:47:01	3.85	96.120	29.040	44259.000	15.000	96.190302	20.1518682	200.692564	150.532219	9.66374134	301.991917	35	19.3739612	7.80105681	243.783025
10	10:47:16	4.10	96.260	29.030	44230.000	15.000	96.277624	20.1701622	200.874755	150.668873	9.67251416	302.266067	35	19.3739612	7.80813866	244.004333
10	10:47:31	4.35	96.730	28.970	44266.000	15.000	96.803582	20.2803504	201.972119	151.491966	9.72535442	303.917326	35	19.3739612	7.85079397	245.337312
10	10:47:46	4.60	96.020	29.050	44308.000	15.000	96.103075	20.1335943	200.510575	150.395715	9.65497818	301.718068	35	19.3739612	7.79398274	243.561961
10	10:48:01	4.85	95.960	29.060	44297.000	15.000	96.015945	20.1153405	200.328785	150.259361	9.64622464	301.444520	35	19.3739612	7.78691645	243.341139
10	10:48:16	5.10	96.000	29.060	44340.000	15.000	96.015945	20.1153405	200.328785	150.259361	9.64622464	301.444520	35	19.3739612	7.78691645	243.341139
10	10:48:31	5.35	95.790	29.080	44294.000	15.000	95.841972	20.0788930	199.965805	149.987102	9.62874643	300.898326	35	19.3739612	7.77280716	242.900224
10	10:48:46	5.60	95.740	29.090	44314.000	15.000	95.755128	20.0606993	199.784613	149.851197	9.62002172	300.625679	35	19.3739612	7.76576413	242.680129
10	10:49:01	5.85	95.920	29.070	44318.000	15.000	95.928911	20.0971068	200.147195	150.123157	9.63748073	301.171273	35	19.3739612	7.77985793	243.120560
10	10:49:16	6.10	95.980	29.060	44337.000	15.000	96.015945	20.1153405	200.328785	150.259361	9.64622464	301.444520	35	19.3739612	7.78691645	243.341139
10	10:49:31	6.35	96.230	29.030	44344.000	15.000	96.277624	20.1701622	200.874755	150.668873	9.67251416	302.266067	35	19.3739612	7.80813866	244.004333
10	10:49:46	6.60	96.220	29.030	44326.000	15.000	96.277624	20.1701622	200.874755	150.668873	9.67251416	302.266067	35	19.3739612	7.80813866	244.004333
10	10:50:01	6.85	95.990	29.060	44305.000	15.000	96.015945	20.1153405	200.328785	150.259361	9.64622464	301.444520	35	19.3739612	7.78691645	243.341139
10	10:50:16	7.10	95.980	29.060	44322.000	15.000	96.015945	20.1153405	200.328785	150.259361	9.64622464	301.444520	35	19.3739612	7.78691645	243.341139
10	10:50:31	7.35	95.610	29.100	44323.000	15.000	95.668380	20.0425256	199.603621	149.715442	9.61130659	300.353331	35	19.3739612	7.75872884	242.460276
10	10:50:46	7.60	95.830	29.080	44332.000	15.000	95.841972	20.0788930	199.965805	149.987102	9.62874643	300.898326	35	19.3739612	7.77280716	242.900224
10	10:51:01	7.85	96.360	29.020	44320.000	15.000	96.365042	20.1884764	201.057145	150.805677	9.68129663	302.540520	35	19.3739612	7.81522832	244.225885
10	10:51:16	8.10	96.010	29.060	44357.000	15.000	96.015945	20.1153405	200.328785	150.259361	9.64622464	301.444520	35	19.3739612	7.78691645	243.341139
10	10:51:31	8.35	96.210	29.030	44394.000	15.000	96.277624	20.1701622	200.874755	150.668873	9.67251416	302.266067	35	19.3739612	7.80813866	244.004333
10	10:51:46	8.60	95.260	29.140	44359.000	15.000	95.322339	19.9700299	198.881636	149.173907	9.57654160	299.266925	35	19.3739612	7.73066480	241.583275
10	10:52:01	8.85	95.650	29.100	44419.000	15.000	95.668380	20.0425256	199.603621	149.715442	9.61130659	300.353331	35	19.3739612	7.75872884	242.460276
10	10:52:16	9.10	95.650	29.100	44443.000	15.000	95.668380	20.0425256	199.603621	149.715442	9.61130659	300.353331	35	19.3739612	7.75872884	242.460276
10	10:52:31	9.35	95.400	29.130	44412.000	15.000	95.408707	19.9881240	199.061836	149.309068	9.58521855	299.538080	35	19.3739612	7.73766927	241.802165
10	10:52:46	9.60	95.270	29.140	44395.000	15.000	95.322339	19.9700299	198.881636	149.173907	9.57654160	299.266925	35	19.3739612	7.73066480	241.583275
10	10:53:01	9.85	95.460	29.120	44482.000	15.000	95.495169	20.0062380	199.242233	149.444377	9.59390502	299.809532	35	19.3739612	7.74468142	242.021294
10	10:53:16	10.10	96.030	29.050	44466.000	15.000	96.103075	20.1335943	200.510575	150.395715	9.65497818	301.718068	35	19.3739612	7.79398274	243.561961
10	10:53:31	10.35	95.200	29.150	44449.000	15.000	95.236065	19.9519557	198.701635	149.038894	9.56787417	298.996068	35	19.3739612	7.72366802	241.364625
10	10:53:46	10.60	95.840	29.080	44464.000	15.000	95.841972	20.0788930	199.965805	149.987102	9.62874643	300.898326	35	19.3739612	7.77280716	242.900224
10	10:54:01	10.85	95.210	29.150	44451.000	15.000	95.236065	19.9519557	198.701635	149.038894	9.56787417	298.996068	35	19.3739612	7.72366802	241.364625
10	10:54:16	11.10	95.310	29.140	44433.000	15.000	95.322339	19.9700299	198.881636	149.173907	9.57654160	299.266925	35	19.3739612	7.73066480	241.583275
10	10:54:31	11.35	95.460	29.120	44431.000	15.000	95.495169	20.0062380	199.242233	149.444377	9.59390502	299.809532	35	19.3739612	7.74468142	242.021294
10	10:54:46	11.60	95.350	29.130	44498.000	15.000	95.408707	19.9881240	199.061836	149.309068	9.58521855	299.538080	35	19.3739612	7.73766927	241.802165
10	10:55:01	11.85	95.580	29.110	44442.000	15.000	95.581727	20.0243719	199.422828	149.579835	9.60260103	300.081282	35	19.3739612	7.75170128	242.240665
10	10:55:16	12.10	95.480	29.120	44480.000	15.000	95.495169	20.0062380	199.242233	149.444377	9.59390502	299.809532	35	19.3739612	7.74468142	242.021294
10	10:55:31	12.35	95.140	29.160	44405.000	15.000	95.149887	19.9339012	198.521830	148.904030	9.55921624	298.725507	35	19.3739612	7.71667890	241.146216
10	10:55:46	12.60	95.270	29.140	44514.000	15.000	95.322339	19.9700299	198.881636	149.173907	9.57654160	299.266925	35	19.3739612	7.73066480	241.583275
10	10:56:01	12.85	95.940	29.060	44455.000	15.000	96.015945	20.1153405	200.328785	150.259361	9.64622464	301.444520	35	19.3739612	7.78691645	243.341139
10	10:56:16	13.10	95.570	29.110	44537.000	15.000	95.581727	20.0243719	199.422828	149.579835	9.60260103	300.081282	35	19.3739612	7.75170128	242.240665
10	10:56:31	13.35	95.140	29.160	44537.000	15.000	95.149887	19.9339012	198.521830	148.904030	9.55921624	298.725507	35	19.3739612	7.71667890	241.146216
10	10:56:46	13.60	95.330	29.130	44516.000	15.000	95.408707	19.9881240	199.061836	149.309068	9.58521855	299.538080	35	19.3739612	7.73766927	241.802165
10	10:57:01	13.85	94.950	29.180	44568.000	15.000	94.977812	19.8978517	198.162812	148.634743	9.54192881	298.185275	35	19.3739612	7.70272362	240.710113
10	10:57:16	14.10	95.310	29.140	44536.000	15.000	95.322339	19.9700299	198.881636	149.173907	9.57654160	299.266925	35	19.3739612	7.73066480	241.583275
10	10:57:31	14.35	95.300	29.140	44553.000	15.000	95.322339	19.9700299	198.881636	149.173907	9.57654160	299.266925	35	19.3739612	7.73066480	241.583275
10	10:57:46	14.60	94.980	29.170	44597.000	15.000	95.063802	19.9158666	198.342223	148.769313	9.55056779	298.455243	35	19.3739612	7.70969744	240.928045
10	10:58:01	14.85	95.120	29.160	44560.000	15.000	95.149887	19.9339012	198.521830	148.904030	9.55921624	298.725507	35	19.3739612	7.71667890	241.146216
10	10:58:16	15.10	94.740	29.200	44593.000	15.000	94.806114	19.8618810	197.804580	148.366046	9.52467922	297.646226	35	19.3739612	7.68879889	240.274965
10	10:58:31	15.35	94.640	29.210	44622.000	15.000	94.720406	19.8439251	197.625758	148.231918	9.51606859	297.377143	35	19.3739612	7.68184795	240.057748
10	10:58:46	15.60	94.740	29.200	44602.000	15.000	94.806114	19.8618810	197.804580	148.366046	9.52467922	297.646226	35	19.3739612	7.68879889	240.274965
10	10:59:01	15.85	94.620	29.220	44609.000	15.000	94.634792	19.8259890	197.447131	148.097937	9.50746737	297.108355	35	19.3739612	7.67490461	239.840769
10	10:59:16	16.10	94.970	29.180	44631.000	15.000	94.977812	19.8978517	198.162812	148.634743	9.54192881	298.185275	35	19.3739612	7.70272362	240.710113
10	10:59:31	16.35	94.770	29.200	44602.000	15.000	94.806114	19.8618810	197.804580	148.366046	9.52467922	297.646226	35	19.3739612	7.68879889	240.274965
10	10:59:46	16.60	94.630	29.220	44635.000	15.000	94.634792	19.8259890	197.447131	148.097937	9.50746737	297.108355	35	19.3739612	7.67490461	239.840769
10	11:00:01	16.85	94.580	29.220	44646.000	15.000	94.634792	19.8259890	197.447131	148.097937	9.50746737	297.108355	35	19.3739612	7.67490461	239.840769
10	11:00:17	17.10	94.370	29.250	44610.000	15.000	94.378511	19.7722980	196.912423	147.696871	9.48172009	296.303753	35	19.3739612	7.65412012	239.191254
10	11:00:31	17.35	94.940	29.180	44647.000	15.000	94.977812	19.8978517	198.162812	148.634743	9.54192881	298.185275	35	19.3739612	7.70272362	240.710113
10	11:00:46	17.60	94.260	29.260	44680.000	15.000	94.293270	19.7544401	196.734576	147.563475	9.47315641	296.036138	35	19.3739612	7.64720709	238.975221
10	11:01:01	17.85	94.260	29.260	44644.000	15.000	94.293270	19.7544401	196.734576	147.563475	9.47315641	296.036138	35	19.3739612	7.64720709	238.975221
10	11:01:17	18.10	94.690	29.210	44714.000	15.000	94.720406	19.8439251	197.625758	148.231918	9.51606859	297.377143	35	19.3739612	7.68184795	240.057748
10	11:01:31	18.35	94.420	29.240	44699.000	15.000	94.463844	19.7901754	197.090464	147.830414	9.49029313	296.571660	35	19.3739612	7.66104071	239.407522
10	11:01:47	18.60	94.190	29.270	44717.000	15.000	94.208123	19.7366017	196.556923	147.430224	9.46460208	295.768815	35	19.3739612	7.64030161	238.759425
10	11:02:01	18.85	94.600	29.220	44728.000	15.000	94.634792	19.8259890	197.447131	148.097937	9.50746737	297.108355	35	19.3739612	7.67490461	239.840769
10	11:02:16	19.10	94.310	29.250	44718.000	15.000	94.378511	19.7722980	196.912423	147.696871	9.48172009	296.303753	35	19.3739612	7.65412012	239.191254
10	11:02:31	19.35	94.080	29.280	44743.000	15.000	94.123068	19.7187828	196.379464	147.297118	9.45605710	295.501784	35	19.3739612	7.63340367	238.543865
10	11:02:46	19.60	94.400	29.240	44747.000	15.000	94.463844	19.7901754	197.090464	147.830414	9.49029313	296.571660	35	19.3739612	7.66104071	239.407522
10	11:03:02	19.85	94.260	29.260	44759.000	15.000	94.293270	19.7544401	196.734576	147.563475	9.47315641	296.036138	35	19.3739612	7.64720709	238.975221
10	11:03:16	20.10	94.080	29.280	44777.000	15.000	94.123068	19.7187828	196.379464	147.297118	9.45605710	295.501784	35	19.3739612	7.63340367	238.543865
