Chamber	Time/hh:mm:ss	Logtime/min	Oxy/% air sat.	Phase/°	Amp	Temp/°C	% air-sat.	% oxygen	pO2 (hPa)	pO2 (Torr)	cO2 [mg/L]	cO2 [µmol/L]	Salinity	chlorinity	SalCorcO2 [mg/L]	SalCorcO2 [µmol/L]
4	11:51:44	0.00	94.800	29.790	38222.000	12.000	94.818761	19.8645304	198.433598	148.837850	10.18589535	318.309230	35	19.3739612	8.16310474	255.097023
4	11:51:59	0.25	94.920	29.770	38228.000	12.000	94.988507	19.9000922	198.788836	149.104301	10.20413028	318.879071	35	19.3739612	8.17771844	255.553701
4	11:52:14	0.50	95.440	29.710	38248.000	12.000	95.499940	20.0072375	199.859148	149.907103	10.25907099	320.595968	35	19.3739612	8.22174862	256.929644
4	11:52:29	0.75	94.680	29.800	38251.000	12.000	94.734025	19.8467782	198.256265	148.704838	10.17679257	318.024768	35	19.3739612	8.15580965	254.869052
4	11:52:44	1.00	94.790	29.790	38241.000	12.000	94.818761	19.8645304	198.433598	148.837850	10.18589535	318.309230	35	19.3739612	8.16310474	255.097023
4	11:52:59	1.25	94.760	29.790	38235.000	12.000	94.818761	19.8645304	198.433598	148.837850	10.18589535	318.309230	35	19.3739612	8.16310474	255.097023
4	11:53:14	1.50	94.900	29.780	38234.000	12.000	94.903588	19.8823017	198.611122	148.971004	10.19500792	318.593997	35	19.3739612	8.17040766	255.325239
4	11:53:29	1.75	94.630	29.810	38273.000	12.000	94.649379	19.8290450	198.079122	148.571970	10.16769956	317.740611	35	19.3739612	8.14852240	254.641325
4	11:53:44	2.00	94.710	29.800	38231.000	12.000	94.734025	19.8467782	198.256265	148.704838	10.17679257	318.024768	35	19.3739612	8.15580965	254.869052
4	11:53:59	2.25	94.650	29.800	38247.000	12.000	94.734025	19.8467782	198.256265	148.704838	10.17679257	318.024768	35	19.3739612	8.15580965	254.869052
4	11:54:14	2.50	94.550	29.820	38268.000	12.000	94.564825	19.8113308	197.902169	148.439244	10.15861631	317.456760	35	19.3739612	8.14124297	254.413843
4	11:54:29	2.75	94.610	29.810	38253.000	12.000	94.649379	19.8290450	198.079122	148.571970	10.16769956	317.740611	35	19.3739612	8.14852240	254.641325
4	11:54:44	3.00	94.540	29.820	38277.000	12.000	94.564825	19.8113308	197.902169	148.439244	10.15861631	317.456760	35	19.3739612	8.14124297	254.413843
4	11:54:59	3.25	94.620	29.810	38259.000	12.000	94.649379	19.8290450	198.079122	148.571970	10.16769956	317.740611	35	19.3739612	8.14852240	254.641325
4	11:55:14	3.50	94.520	29.820	38248.000	12.000	94.564825	19.8113308	197.902169	148.439244	10.15861631	317.456760	35	19.3739612	8.14124297	254.413843
4	11:55:29	3.75	94.420	29.830	38285.000	12.000	94.480361	19.7936357	197.725406	148.306661	10.14954280	317.173212	35	19.3739612	8.13397134	254.186605
4	11:55:44	4.00	94.370	29.840	38272.000	12.000	94.395988	19.7759595	197.548833	148.174219	10.14047902	316.889969	35	19.3739612	8.12670752	253.959610
4	11:55:59	4.25	94.480	29.820	38270.000	12.000	94.564825	19.8113308	197.902169	148.439244	10.15861631	317.456760	35	19.3739612	8.14124297	254.413843
4	11:56:14	4.50	94.520	29.820	38259.000	12.000	94.564825	19.8113308	197.902169	148.439244	10.15861631	317.456760	35	19.3739612	8.14124297	254.413843
4	11:56:29	4.75	94.620	29.810	38276.000	12.000	94.649379	19.8290450	198.079122	148.571970	10.16769956	317.740611	35	19.3739612	8.14852240	254.641325
4	11:56:44	5.00	94.330	29.840	38304.000	12.000	94.395988	19.7759595	197.548833	148.174219	10.14047902	316.889969	35	19.3739612	8.12670752	253.959610
4	11:56:59	5.25	94.730	29.800	38291.000	12.000	94.734025	19.8467782	198.256265	148.704838	10.17679257	318.024768	35	19.3739612	8.15580965	254.869052
4	11:57:14	5.50	94.730	29.800	38277.000	12.000	94.734025	19.8467782	198.256265	148.704838	10.17679257	318.024768	35	19.3739612	8.15580965	254.869052
4	11:57:29	5.75	94.510	29.820	38287.000	12.000	94.564825	19.8113308	197.902169	148.439244	10.15861631	317.456760	35	19.3739612	8.14124297	254.413843
4	11:57:44	6.00	94.870	29.780	38284.000	12.000	94.903588	19.8823017	198.611122	148.971004	10.19500792	318.593997	35	19.3739612	8.17040766	255.325239
4	11:57:59	6.25	94.670	29.800	38290.000	12.000	94.734025	19.8467782	198.256265	148.704838	10.17679257	318.024768	35	19.3739612	8.15580965	254.869052
4	11:58:14	6.50	94.580	29.810	38300.000	12.000	94.649379	19.8290450	198.079122	148.571970	10.16769956	317.740611	35	19.3739612	8.14852240	254.641325
4	11:58:29	6.75	94.470	29.830	38299.000	12.000	94.480361	19.7936357	197.725406	148.306661	10.14954280	317.173212	35	19.3739612	8.13397134	254.186605
4	11:58:44	7.00	94.500	29.820	38274.000	12.000	94.564825	19.8113308	197.902169	148.439244	10.15861631	317.456760	35	19.3739612	8.14124297	254.413843
4	11:58:59	7.25	94.490	29.820	38311.000	12.000	94.564825	19.8113308	197.902169	148.439244	10.15861631	317.456760	35	19.3739612	8.14124297	254.413843
4	11:59:14	7.50	94.260	29.850	38306.000	12.000	94.311705	19.7583023	197.372449	148.041920	10.13142496	316.607030	35	19.3739612	8.11945148	253.732859
4	11:59:29	7.75	94.710	29.800	38306.000	12.000	94.734025	19.8467782	198.256265	148.704838	10.17679257	318.024768	35	19.3739612	8.15580965	254.869052
4	11:59:44	8.00	94.720	29.800	38325.000	12.000	94.734025	19.8467782	198.256265	148.704838	10.17679257	318.024768	35	19.3739612	8.15580965	254.869052
4	11:59:59	8.25	94.400	29.830	38338.000	12.000	94.480361	19.7936357	197.725406	148.306661	10.14954280	317.173212	35	19.3739612	8.13397134	254.186605
4	12:00:14	8.50	94.300	29.850	38329.000	12.000	94.311705	19.7583023	197.372449	148.041920	10.13142496	316.607030	35	19.3739612	8.11945148	253.732859
4	12:00:29	8.75	94.570	29.810	38328.000	12.000	94.649379	19.8290450	198.079122	148.571970	10.16769956	317.740611	35	19.3739612	8.14852240	254.641325
4	12:00:44	9.00	94.100	29.870	38348.000	12.000	94.143411	19.7230445	197.020247	147.777746	10.11334593	316.042060	35	19.3739612	8.10496272	253.280085
4	12:00:59	9.25	94.380	29.840	38333.000	12.000	94.395988	19.7759595	197.548833	148.174219	10.14047902	316.889969	35	19.3739612	8.12670752	253.959610
4	12:01:14	9.50	94.590	29.810	38361.000	12.000	94.649379	19.8290450	198.079122	148.571970	10.16769956	317.740611	35	19.3739612	8.14852240	254.641325
4	12:01:29	9.75	94.460	29.830	38338.000	12.000	94.480361	19.7936357	197.725406	148.306661	10.14954280	317.173212	35	19.3739612	8.13397134	254.186605
4	12:01:44	10.00	94.400	29.830	38370.000	12.000	94.480361	19.7936357	197.725406	148.306661	10.14954280	317.173212	35	19.3739612	8.13397134	254.186605
4	12:01:59	10.25	94.400	29.830	38361.000	12.000	94.480361	19.7936357	197.725406	148.306661	10.14954280	317.173212	35	19.3739612	8.13397134	254.186605
4	12:02:14	10.50	93.930	29.890	38348.000	12.000	93.975476	19.6878623	196.668800	147.514138	10.09530560	315.478300	35	19.3739612	8.09050497	252.828280
4	12:02:29	10.75	94.140	29.870	38367.000	12.000	94.143411	19.7230445	197.020247	147.777746	10.11334593	316.042060	35	19.3739612	8.10496272	253.280085
4	12:02:44	11.00	94.350	29.840	38340.000	12.000	94.395988	19.7759595	197.548833	148.174219	10.14047902	316.889969	35	19.3739612	8.12670752	253.959610
4	12:02:59	11.25	94.260	29.850	38385.000	12.000	94.311705	19.7583023	197.372449	148.041920	10.13142496	316.607030	35	19.3739612	8.11945148	253.732859
4	12:03:14	11.50	94.120	29.870	38395.000	12.000	94.143411	19.7230445	197.020247	147.777746	10.11334593	316.042060	35	19.3739612	8.10496272	253.280085
4	12:03:29	11.75	94.000	29.880	38401.000	12.000	94.059399	19.7054440	196.844429	147.645872	10.10432093	315.760029	35	19.3739612	8.09772997	253.054062
4	12:03:44	12.00	93.900	29.890	38446.000	12.000	93.975476	19.6878623	196.668800	147.514138	10.09530560	315.478300	35	19.3739612	8.09050497	252.828280
4	12:03:59	12.25	94.210	29.860	38412.000	12.000	94.227513	19.7406640	197.196253	147.909762	10.12238060	316.324394	35	19.3739612	8.11220321	253.506350
4	12:04:14	12.50	94.570	29.810	38437.000	12.000	94.649379	19.8290450	198.079122	148.571970	10.16769956	317.740611	35	19.3739612	8.14852240	254.641325
4	12:04:29	12.75	94.460	29.830	38411.000	12.000	94.480361	19.7936357	197.725406	148.306661	10.14954280	317.173212	35	19.3739612	8.13397134	254.186605
4	12:04:44	13.00	93.790	29.910	38453.000	12.000	93.807901	19.6527553	196.318104	147.251095	10.07730387	314.915746	35	19.3739612	8.07607816	252.377443
4	12:04:59	13.25	93.840	29.900	38399.000	12.000	93.891644	19.6702994	196.493358	147.382546	10.08629992	315.196872	35	19.3739612	8.08328771	252.602741
4	12:05:14	13.50	94.120	29.870	38453.000	12.000	94.143411	19.7230445	197.020247	147.777746	10.11334593	316.042060	35	19.3739612	8.10496272	253.280085
4	12:05:29	13.75	94.290	29.850	38437.000	12.000	94.311705	19.7583023	197.372449	148.041920	10.13142496	316.607030	35	19.3739612	8.11945148	253.732859
4	12:05:44	14.00	94.030	29.880	38455.000	12.000	94.059399	19.7054440	196.844429	147.645872	10.10432093	315.760029	35	19.3739612	8.09772997	253.054062
4	12:05:59	14.25	94.340	29.840	38482.000	12.000	94.395988	19.7759595	197.548833	148.174219	10.14047902	316.889969	35	19.3739612	8.12670752	253.959610
4	12:06:14	14.50	93.700	29.920	38436.000	12.000	93.724248	19.6352300	196.143038	147.119784	10.06831745	314.634920	35	19.3739612	8.06887633	252.152385
4	12:06:29	14.75	93.740	29.910	38469.000	12.000	93.807901	19.6527553	196.318104	147.251095	10.07730387	314.915746	35	19.3739612	8.07607816	252.377443
4	12:06:44	15.00	94.050	29.880	38494.000	12.000	94.059399	19.7054440	196.844429	147.645872	10.10432093	315.760029	35	19.3739612	8.09772997	253.054062
4	12:06:59	15.25	93.780	29.910	38482.000	12.000	93.807901	19.6527553	196.318104	147.251095	10.07730387	314.915746	35	19.3739612	8.07607816	252.377443
4	12:07:14	15.50	94.080	29.870	38484.000	12.000	94.143411	19.7230445	197.020247	147.777746	10.11334593	316.042060	35	19.3739612	8.10496272	253.280085
4	12:07:29	15.75	93.770	29.910	38487.000	12.000	93.807901	19.6527553	196.318104	147.251095	10.07730387	314.915746	35	19.3739612	8.07607816	252.377443
4	12:07:44	16.00	93.940	29.890	38489.000	12.000	93.975476	19.6878623	196.668800	147.514138	10.09530560	315.478300	35	19.3739612	8.09050497	252.828280
4	12:07:59	16.25	94.110	29.870	38454.000	12.000	94.143411	19.7230445	197.020247	147.777746	10.11334593	316.042060	35	19.3739612	8.10496272	253.280085
4	12:08:14	16.50	94.120	29.870	38482.000	12.000	94.143411	19.7230445	197.020247	147.777746	10.11334593	316.042060	35	19.3739612	8.10496272	253.280085
4	12:08:29	16.75	93.590	29.930	38480.000	12.000	93.640685	19.6177234	195.968159	146.988613	10.05934064	314.354395	35	19.3739612	8.06168220	251.927569
4	12:08:44	17.00	93.840	29.900	38494.000	12.000	93.891644	19.6702994	196.493358	147.382546	10.08629992	315.196872	35	19.3739612	8.08328771	252.602741
4	12:08:59	17.25	93.770	29.910	38498.000	12.000	93.807901	19.6527553	196.318104	147.251095	10.07730387	314.915746	35	19.3739612	8.07607816	252.377443
4	12:09:14	17.50	93.790	29.910	38519.000	12.000	93.807901	19.6527553	196.318104	147.251095	10.07730387	314.915746	35	19.3739612	8.07607816	252.377443
4	12:09:29	17.75	93.650	29.920	38518.000	12.000	93.724248	19.6352300	196.143038	147.119784	10.06831745	314.634920	35	19.3739612	8.06887633	252.152385
4	12:09:44	18.00	93.350	29.960	38538.000	12.000	93.390529	19.5653159	195.444641	146.595942	10.03246771	313.514616	35	19.3739612	8.04014590	251.254559
4	12:09:59	18.25	93.710	29.920	38543.000	12.000	93.724248	19.6352300	196.143038	147.119784	10.06831745	314.634920	35	19.3739612	8.06887633	252.152385
4	12:10:14	18.50	93.490	29.940	38539.000	12.000	93.557210	19.6002356	195.793466	146.857583	10.05037342	314.074169	35	19.3739612	8.05449575	251.702992
4	12:10:29	18.75	93.540	29.940	38554.000	12.000	93.557210	19.6002356	195.793466	146.857583	10.05037342	314.074169	35	19.3739612	8.05449575	251.702992
4	12:10:44	19.00	93.460	29.950	38575.000	12.000	93.473825	19.5827664	195.618961	146.726692	10.04141578	313.794243	35	19.3739612	8.04731699	251.478656
4	12:10:59	19.25	93.480	29.940	38569.000	12.000	93.557210	19.6002356	195.793466	146.857583	10.05037342	314.074169	35	19.3739612	8.05449575	251.702992
4	12:11:14	19.50	93.640	29.930	38571.000	12.000	93.640685	19.6177234	195.968159	146.988613	10.05934064	314.354395	35	19.3739612	8.06168220	251.927569
