Chamber	Time/hh:mm:ss	Logtime/min	Oxy/% air sat.	Phase/°	Amp	Temp/°C	% air-sat.	% oxygen	pO2 (hPa)	pO2 (Torr)	cO2 [mg/L]	cO2 [µmol/L]	Salinity	chlorinity	SalCorcO2 [mg/L]	SalCorcO2 [µmol/L]
9	13:35:34	0.00	96.400	30.210	36936.000	9.000	96.434266	20.2029788	202.329543	151.760057	11.11826456	347.445767	35	19.3739612	8.84502202	276.406938
9	13:35:44	0.16	96.540	30.190	36948.000	9.000	96.605517	20.2388558	202.688845	152.029557	11.13800867	348.062771	35	19.3739612	8.86072925	276.897789
9	13:35:59	0.41	96.660	30.180	36968.000	9.000	96.691279	20.2568228	202.868783	152.164521	11.14789645	348.371764	35	19.3739612	8.86859537	277.143605
9	13:36:14	0.66	96.820	30.160	36943.000	9.000	96.863075	20.2928142	203.229230	152.434880	11.16770351	348.990735	35	19.3739612	8.88435268	277.636021
9	13:36:29	0.91	96.590	30.190	36957.000	9.000	96.605517	20.2388558	202.688845	152.029557	11.13800867	348.062771	35	19.3739612	8.86072925	276.897789
9	13:36:44	1.16	96.560	30.190	36976.000	9.000	96.605517	20.2388558	202.688845	152.029557	11.13800867	348.062771	35	19.3739612	8.86072925	276.897789
9	13:36:59	1.41	96.610	30.180	36943.000	9.000	96.691279	20.2568228	202.868783	152.164521	11.14789645	348.371764	35	19.3739612	8.86859537	277.143605
9	13:37:14	1.66	96.760	30.170	36953.000	9.000	96.777131	20.2748090	203.048911	152.299629	11.15779472	348.681085	35	19.3739612	8.87646985	277.389683
9	13:37:29	1.91	96.560	30.190	36961.000	9.000	96.605517	20.2388558	202.688845	152.029557	11.13800867	348.062771	35	19.3739612	8.86072925	276.897789
9	13:37:44	2.16	96.690	30.170	37007.000	9.000	96.777131	20.2748090	203.048911	152.299629	11.15779472	348.681085	35	19.3739612	8.87646985	277.389683
9	13:37:59	2.41	96.960	30.140	36975.000	9.000	97.035237	20.3288821	203.590444	152.705813	11.18755268	349.611021	35	19.3739612	8.90014348	278.129484
9	13:38:14	2.66	96.500	30.200	36991.000	9.000	96.519846	20.2209078	202.509099	151.894735	11.12813138	347.754106	35	19.3739612	8.85287147	276.652234
9	13:38:29	2.91	96.700	30.170	36959.000	9.000	96.777131	20.2748090	203.048911	152.299629	11.15779472	348.681085	35	19.3739612	8.87646985	277.389683
9	13:38:44	3.16	96.500	30.200	36981.000	9.000	96.519846	20.2209078	202.509099	151.894735	11.12813138	347.754106	35	19.3739612	8.85287147	276.652234
9	13:38:59	3.41	96.600	30.190	36984.000	9.000	96.605517	20.2388558	202.688845	152.029557	11.13800867	348.062771	35	19.3739612	8.86072925	276.897789
9	13:39:14	3.66	96.520	30.190	36952.000	9.000	96.605517	20.2388558	202.688845	152.029557	11.13800867	348.062771	35	19.3739612	8.86072925	276.897789
9	13:39:28	3.91	96.810	30.160	36981.000	9.000	96.863075	20.2928142	203.229230	152.434880	11.16770351	348.990735	35	19.3739612	8.88435268	277.636021
9	13:39:44	4.16	96.570	30.190	36989.000	9.000	96.605517	20.2388558	202.688845	152.029557	11.13800867	348.062771	35	19.3739612	8.86072925	276.897789
9	13:39:59	4.41	96.500	30.200	36988.000	9.000	96.519846	20.2209078	202.509099	151.894735	11.12813138	347.754106	35	19.3739612	8.85287147	276.652234
9	13:40:14	4.66	96.380	30.210	36963.000	9.000	96.434266	20.2029788	202.329543	151.760057	11.11826456	347.445767	35	19.3739612	8.84502202	276.406938
9	13:40:29	4.91	96.440	30.200	36965.000	9.000	96.519846	20.2209078	202.509099	151.894735	11.12813138	347.754106	35	19.3739612	8.85287147	276.652234
9	13:40:44	5.16	96.740	30.170	36961.000	9.000	96.777131	20.2748090	203.048911	152.299629	11.15779472	348.681085	35	19.3739612	8.87646985	277.389683
9	13:40:59	5.41	96.700	30.170	36962.000	9.000	96.777131	20.2748090	203.048911	152.299629	11.15779472	348.681085	35	19.3739612	8.87646985	277.389683
9	13:41:14	5.66	96.690	30.180	36961.000	9.000	96.691279	20.2568228	202.868783	152.164521	11.14789645	348.371764	35	19.3739612	8.86859537	277.143605
9	13:41:29	5.91	96.620	30.180	36970.000	9.000	96.691279	20.2568228	202.868783	152.164521	11.14789645	348.371764	35	19.3739612	8.86859537	277.143605
9	13:41:44	6.16	96.200	30.230	37001.000	9.000	96.263378	20.1671778	201.971002	151.491128	11.09856226	346.830071	35	19.3739612	8.82934806	275.917127
9	13:41:59	6.41	96.570	30.190	36982.000	9.000	96.605517	20.2388558	202.688845	152.029557	11.13800867	348.062771	35	19.3739612	8.86072925	276.897789
9	13:42:14	6.66	96.610	30.180	36963.000	9.000	96.691279	20.2568228	202.868783	152.164521	11.14789645	348.371764	35	19.3739612	8.86859537	277.143605
9	13:42:29	6.91	96.230	30.230	36980.000	9.000	96.263378	20.1671778	201.971002	151.491128	11.09856226	346.830071	35	19.3739612	8.82934806	275.917127
9	13:42:44	7.16	96.040	30.250	36983.000	9.000	96.092852	20.1314525	201.613219	151.222768	11.07890166	346.215677	35	19.3739612	8.81370727	275.428352
9	13:42:59	7.41	96.550	30.190	36973.000	9.000	96.605517	20.2388558	202.688845	152.029557	11.13800867	348.062771	35	19.3739612	8.86072925	276.897789
9	13:43:14	7.66	96.440	30.200	36950.000	9.000	96.519846	20.2209078	202.509099	151.894735	11.12813138	347.754106	35	19.3739612	8.85287147	276.652234
9	13:43:29	7.91	96.160	30.240	37018.000	9.000	96.178070	20.1493057	201.792016	151.356877	11.08872675	346.522711	35	19.3739612	8.82152353	275.672610
9	13:43:44	8.16	96.480	30.200	37000.000	9.000	96.519846	20.2209078	202.509099	151.894735	11.12813138	347.754106	35	19.3739612	8.85287147	276.652234
9	13:43:59	8.41	96.160	30.240	36980.000	9.000	96.178070	20.1493057	201.792016	151.356877	11.08872675	346.522711	35	19.3739612	8.82152353	275.672610
9	13:44:14	8.66	96.580	30.190	37013.000	9.000	96.605517	20.2388558	202.688845	152.029557	11.13800867	348.062771	35	19.3739612	8.86072925	276.897789
9	13:44:29	8.91	96.570	30.190	37020.000	9.000	96.605517	20.2388558	202.688845	152.029557	11.13800867	348.062771	35	19.3739612	8.86072925	276.897789
9	13:44:44	9.16	96.490	30.200	36969.000	9.000	96.519846	20.2209078	202.509099	151.894735	11.12813138	347.754106	35	19.3739612	8.85287147	276.652234
9	13:44:59	9.41	96.260	30.230	36994.000	9.000	96.263378	20.1671778	201.971002	151.491128	11.09856226	346.830071	35	19.3739612	8.82934806	275.917127
9	13:45:14	9.66	96.150	30.240	36996.000	9.000	96.178070	20.1493057	201.792016	151.356877	11.08872675	346.522711	35	19.3739612	8.82152353	275.672610
9	13:45:29	9.91	96.600	30.190	37003.000	9.000	96.605517	20.2388558	202.688845	152.029557	11.13800867	348.062771	35	19.3739612	8.86072925	276.897789
9	13:45:44	10.16	96.540	30.190	37045.000	9.000	96.605517	20.2388558	202.688845	152.029557	11.13800867	348.062771	35	19.3739612	8.86072925	276.897789
9	13:45:59	10.41	96.130	30.240	37038.000	9.000	96.178070	20.1493057	201.792016	151.356877	11.08872675	346.522711	35	19.3739612	8.82152353	275.672610
9	13:46:14	10.66	96.080	30.250	37044.000	9.000	96.092852	20.1314525	201.613219	151.222768	11.07890166	346.215677	35	19.3739612	8.81370727	275.428352
9	13:46:29	10.91	96.400	30.210	37025.000	9.000	96.434266	20.2029788	202.329543	151.760057	11.11826456	347.445767	35	19.3739612	8.84502202	276.406938
9	13:46:44	11.16	96.340	30.220	37020.000	9.000	96.348777	20.1850688	202.150177	151.625521	11.10840819	347.137756	35	19.3739612	8.83718089	276.161903
9	13:46:59	11.41	96.280	30.220	37021.000	9.000	96.348777	20.1850688	202.150177	151.625521	11.10840819	347.137756	35	19.3739612	8.83718089	276.161903
9	13:47:14	11.66	96.670	30.180	37025.000	9.000	96.691279	20.2568228	202.868783	152.164521	11.14789645	348.371764	35	19.3739612	8.86859537	277.143605
9	13:47:29	11.91	96.510	30.200	37053.000	9.000	96.519846	20.2209078	202.509099	151.894735	11.12813138	347.754106	35	19.3739612	8.85287147	276.652234
9	13:47:44	12.16	95.960	30.260	37033.000	9.000	96.007724	20.1136183	201.434612	151.088802	11.06908697	345.908968	35	19.3739612	8.80589929	275.184353
9	13:47:59	12.41	96.740	30.170	37019.000	9.000	96.777131	20.2748090	203.048911	152.299629	11.15779472	348.681085	35	19.3739612	8.87646985	277.389683
9	13:48:14	12.66	96.400	30.210	37081.000	9.000	96.434266	20.2029788	202.329543	151.760057	11.11826456	347.445767	35	19.3739612	8.84502202	276.406938
9	13:48:29	12.91	95.730	30.290	37027.000	9.000	95.752881	20.0602286	200.899923	150.687751	11.03970512	344.990785	35	19.3739612	8.78252486	274.453902
9	13:48:44	13.16	96.400	30.210	37022.000	9.000	96.434266	20.2029788	202.329543	151.760057	11.11826456	347.445767	35	19.3739612	8.84502202	276.406938
9	13:48:59	13.41	96.460	30.200	37061.000	9.000	96.519846	20.2209078	202.509099	151.894735	11.12813138	347.754106	35	19.3739612	8.85287147	276.652234
9	13:49:14	13.66	95.670	30.290	37006.000	9.000	95.752881	20.0602286	200.899923	150.687751	11.03970512	344.990785	35	19.3739612	8.78252486	274.453902
9	13:49:29	13.91	95.820	30.280	37019.000	9.000	95.837739	20.0780063	201.077964	150.821293	11.04948871	345.296522	35	19.3739612	8.79030810	274.697128
9	13:49:44	14.16	96.340	30.220	36981.000	9.000	96.348777	20.1850688	202.150177	151.625521	11.10840819	347.137756	35	19.3739612	8.83718089	276.161903
9	13:49:59	14.41	96.060	30.250	37068.000	9.000	96.092852	20.1314525	201.613219	151.222768	11.07890166	346.215677	35	19.3739612	8.81370727	275.428352
9	13:50:14	14.66	95.900	30.270	37055.000	9.000	95.922687	20.0958029	201.256194	150.954977	11.05928265	345.602583	35	19.3739612	8.79809957	274.940612
9	13:50:29	14.91	96.300	30.220	37059.000	9.000	96.348777	20.1850688	202.150177	151.625521	11.10840819	347.137756	35	19.3739612	8.83718089	276.161903
9	13:50:44	15.16	95.790	30.280	37053.000	9.000	95.837739	20.0780063	201.077964	150.821293	11.04948871	345.296522	35	19.3739612	8.79030810	274.697128
9	13:50:59	15.41	95.970	30.260	37009.000	9.000	96.007724	20.1136183	201.434612	151.088802	11.06908697	345.908968	35	19.3739612	8.80589929	275.184353
9	13:51:14	15.66	96.140	30.240	37069.000	9.000	96.178070	20.1493057	201.792016	151.356877	11.08872675	346.522711	35	19.3739612	8.82152353	275.672610
9	13:51:29	15.91	96.640	30.180	37015.000	9.000	96.691279	20.2568228	202.868783	152.164521	11.14789645	348.371764	35	19.3739612	8.86859537	277.143605
9	13:51:44	16.16	96.350	30.210	37057.000	9.000	96.434266	20.2029788	202.329543	151.760057	11.11826456	347.445767	35	19.3739612	8.84502202	276.406938
9	13:51:59	16.41	96.340	30.220	37056.000	9.000	96.348777	20.1850688	202.150177	151.625521	11.10840819	347.137756	35	19.3739612	8.83718089	276.161903
9	13:52:14	16.66	96.520	30.190	37056.000	9.000	96.605517	20.2388558	202.688845	152.029557	11.13800867	348.062771	35	19.3739612	8.86072925	276.897789
9	13:52:29	16.91	95.820	30.280	37074.000	9.000	95.837739	20.0780063	201.077964	150.821293	11.04948871	345.296522	35	19.3739612	8.79030810	274.697128
9	13:52:44	17.16	95.900	30.270	37055.000	9.000	95.922687	20.0958029	201.256194	150.954977	11.05928265	345.602583	35	19.3739612	8.79809957	274.940612
9	13:52:59	17.41	95.940	30.260	37046.000	9.000	96.007724	20.1136183	201.434612	151.088802	11.06908697	345.908968	35	19.3739612	8.80589929	275.184353
9	13:53:14	17.66	95.950	30.260	37049.000	9.000	96.007724	20.1136183	201.434612	151.088802	11.06908697	345.908968	35	19.3739612	8.80589929	275.184353
9	13:53:29	17.91	95.860	30.270	37055.000	9.000	95.922687	20.0958029	201.256194	150.954977	11.05928265	345.602583	35	19.3739612	8.79809957	274.940612
9	13:53:44	18.16	95.990	30.260	37062.000	9.000	96.007724	20.1136183	201.434612	151.088802	11.06908697	345.908968	35	19.3739612	8.80589929	275.184353
9	13:53:59	18.41	96.160	30.240	37059.000	9.000	96.178070	20.1493057	201.792016	151.356877	11.08872675	346.522711	35	19.3739612	8.82152353	275.672610
9	13:54:14	18.66	96.180	30.230	37069.000	9.000	96.263378	20.1671778	201.971002	151.491128	11.09856226	346.830071	35	19.3739612	8.82934806	275.917127
9	13:54:29	18.91	96.620	30.180	37045.000	9.000	96.691279	20.2568228	202.868783	152.164521	11.14789645	348.371764	35	19.3739612	8.86859537	277.143605
9	13:54:44	19.16	95.930	30.260	37078.000	9.000	96.007724	20.1136183	201.434612	151.088802	11.06908697	345.908968	35	19.3739612	8.80589929	275.184353
9	13:54:59	19.41	96.100	30.240	37083.000	9.000	96.178070	20.1493057	201.792016	151.356877	11.08872675	346.522711	35	19.3739612	8.82152353	275.672610
9	13:55:14	19.66	95.990	30.260	37075.000	9.000	96.007724	20.1136183	201.434612	151.088802	11.06908697	345.908968	35	19.3739612	8.80589929	275.184353
9	13:55:29	19.91	95.960	30.260	37026.000	9.000	96.007724	20.1136183	201.434612	151.088802	11.06908697	345.908968	35	19.3739612	8.80589929	275.184353
