Chamber	Time/hh:mm:ss	Logtime/min	Oxy/% air sat.	Phase/°	Amp	Temp/°C	% air-sat.	% oxygen	pO2 (hPa)	pO2 (Torr)	cO2 [mg/L]	cO2 [µmol/L]	Salinity	chlorinity	SalCorcO2 [mg/L]	SalCorcO2 [µmol/L]
4	12:24:59	0.00	95.560	29.700	38198.000	12.000	95.585501	20.0251625	200.038207	150.041408	10.26826233	320.883198	35	19.3739612	8.22911467	257.159833
4	12:25:14	0.25	94.970	29.770	38200.000	12.000	94.988507	19.9000922	198.788836	149.104301	10.20413028	318.879071	35	19.3739612	8.17771844	255.553701
4	12:25:29	0.50	95.410	29.720	38200.000	12.000	95.414472	19.9893319	199.680283	149.772943	10.24988955	320.309048	35	19.3739612	8.21439050	256.699703
4	12:25:44	0.75	94.650	29.800	38178.000	12.000	94.734025	19.8467782	198.256265	148.704838	10.17679257	318.024768	35	19.3739612	8.15580965	254.869052
4	12:25:59	1.00	94.740	29.790	38208.000	12.000	94.818761	19.8645304	198.433598	148.837850	10.18589535	318.309230	35	19.3739612	8.16310474	255.097023
4	12:26:14	1.25	95.380	29.720	38259.000	12.000	95.414472	19.9893319	199.680283	149.772943	10.24988955	320.309048	35	19.3739612	8.21439050	256.699703
4	12:26:29	1.50	94.700	29.800	38257.000	12.000	94.734025	19.8467782	198.256265	148.704838	10.17679257	318.024768	35	19.3739612	8.15580965	254.869052
4	12:26:44	1.75	95.300	29.730	38194.000	12.000	95.329096	19.9714455	199.501609	149.638926	10.24071799	320.022437	35	19.3739612	8.20704029	256.470009
4	12:26:59	2.00	94.920	29.770	38222.000	12.000	94.988507	19.9000922	198.788836	149.104301	10.20413028	318.879071	35	19.3739612	8.17771844	255.553701
4	12:27:14	2.25	95.580	29.700	38267.000	12.000	95.585501	20.0251625	200.038207	150.041408	10.26826233	320.883198	35	19.3739612	8.22911467	257.159833
4	12:27:29	2.50	94.580	29.810	38263.000	12.000	94.649379	19.8290450	198.079122	148.571970	10.16769956	317.740611	35	19.3739612	8.14852240	254.641325
4	12:27:44	2.75	94.760	29.790	38235.000	12.000	94.818761	19.8645304	198.433598	148.837850	10.18589535	318.309230	35	19.3739612	8.16310474	255.097023
4	12:27:59	3.00	94.150	29.860	38255.000	12.000	94.227513	19.7406640	197.196253	147.909762	10.12238060	316.324394	35	19.3739612	8.11220321	253.506350
4	12:28:14	3.25	94.890	29.780	38253.000	12.000	94.903588	19.8823017	198.611122	148.971004	10.19500792	318.593997	35	19.3739612	8.17040766	255.325239
4	12:28:29	3.50	94.640	29.810	38216.000	12.000	94.649379	19.8290450	198.079122	148.571970	10.16769956	317.740611	35	19.3739612	8.14852240	254.641325
4	12:28:44	3.75	95.200	29.740	38253.000	12.000	95.243811	19.9535784	199.323129	149.505054	10.23155630	319.736134	35	19.3739612	8.19969800	256.240562
4	12:28:59	4.00	95.450	29.710	38242.000	12.000	95.499940	20.0072375	199.859148	149.907103	10.25907099	320.595968	35	19.3739612	8.22174862	256.929644
4	12:29:14	4.25	94.750	29.790	38221.000	12.000	94.818761	19.8645304	198.433598	148.837850	10.18589535	318.309230	35	19.3739612	8.16310474	255.097023
4	12:29:29	4.50	94.920	29.770	38292.000	12.000	94.988507	19.9000922	198.788836	149.104301	10.20413028	318.879071	35	19.3739612	8.17771844	255.553701
4	12:29:44	4.75	95.050	29.760	38279.000	12.000	95.073517	19.9179017	198.966742	149.237742	10.21326246	319.164452	35	19.3739612	8.18503708	255.782409
4	12:29:59	5.00	95.390	29.720	38265.000	12.000	95.414472	19.9893319	199.680283	149.772943	10.24988955	320.309048	35	19.3739612	8.21439050	256.699703
4	12:30:14	5.25	94.920	29.770	38305.000	12.000	94.988507	19.9000922	198.788836	149.104301	10.20413028	318.879071	35	19.3739612	8.17771844	255.553701
4	12:30:29	5.50	94.750	29.790	38266.000	12.000	94.818761	19.8645304	198.433598	148.837850	10.18589535	318.309230	35	19.3739612	8.16310474	255.097023
4	12:30:44	5.75	94.790	29.790	38296.000	12.000	94.818761	19.8645304	198.433598	148.837850	10.18589535	318.309230	35	19.3739612	8.16310474	255.097023
4	12:30:59	6.00	95.350	29.720	38273.000	12.000	95.414472	19.9893319	199.680283	149.772943	10.24988955	320.309048	35	19.3739612	8.21439050	256.699703
4	12:31:14	6.25	94.820	29.780	38285.000	12.000	94.903588	19.8823017	198.611122	148.971004	10.19500792	318.593997	35	19.3739612	8.17040766	255.325239
4	12:31:29	6.50	95.080	29.750	38336.000	12.000	95.158618	19.9357305	199.144840	149.371326	10.22240446	319.450139	35	19.3739612	8.19236360	256.011362
4	12:31:44	6.75	95.280	29.730	38278.000	12.000	95.329096	19.9714455	199.501609	149.638926	10.24071799	320.022437	35	19.3739612	8.20704029	256.470009
4	12:31:59	7.00	94.390	29.840	38259.000	12.000	94.395988	19.7759595	197.548833	148.174219	10.14047902	316.889969	35	19.3739612	8.12670752	253.959610
4	12:32:14	7.25	94.420	29.830	38280.000	12.000	94.480361	19.7936357	197.725406	148.306661	10.14954280	317.173212	35	19.3739612	8.13397134	254.186605
4	12:32:29	7.50	94.620	29.810	38328.000	12.000	94.649379	19.8290450	198.079122	148.571970	10.16769956	317.740611	35	19.3739612	8.14852240	254.641325
4	12:32:44	7.75	94.550	29.820	38340.000	12.000	94.564825	19.8113308	197.902169	148.439244	10.15861631	317.456760	35	19.3739612	8.14124297	254.413843
4	12:32:59	8.00	94.980	29.770	38290.000	12.000	94.988507	19.9000922	198.788836	149.104301	10.20413028	318.879071	35	19.3739612	8.17771844	255.553701
4	12:33:14	8.25	94.920	29.770	38345.000	12.000	94.988507	19.9000922	198.788836	149.104301	10.20413028	318.879071	35	19.3739612	8.17771844	255.553701
4	12:33:29	8.50	94.850	29.780	38354.000	12.000	94.903588	19.8823017	198.611122	148.971004	10.19500792	318.593997	35	19.3739612	8.17040766	255.325239
4	12:33:44	8.75	94.250	29.850	38337.000	12.000	94.311705	19.7583023	197.372449	148.041920	10.13142496	316.607030	35	19.3739612	8.11945148	253.732859
4	12:33:59	9.00	94.950	29.770	38349.000	12.000	94.988507	19.9000922	198.788836	149.104301	10.20413028	318.879071	35	19.3739612	8.17771844	255.553701
4	12:34:14	9.25	94.150	29.860	38304.000	12.000	94.227513	19.7406640	197.196253	147.909762	10.12238060	316.324394	35	19.3739612	8.11220321	253.506350
4	12:34:29	9.50	94.570	29.810	38316.000	12.000	94.649379	19.8290450	198.079122	148.571970	10.16769956	317.740611	35	19.3739612	8.14852240	254.641325
4	12:34:44	9.75	94.640	29.810	38331.000	12.000	94.649379	19.8290450	198.079122	148.571970	10.16769956	317.740611	35	19.3739612	8.14852240	254.641325
4	12:34:59	10.00	94.270	29.850	38335.000	12.000	94.311705	19.7583023	197.372449	148.041920	10.13142496	316.607030	35	19.3739612	8.11945148	253.732859
4	12:35:14	10.25	95.400	29.720	38305.000	12.000	95.414472	19.9893319	199.680283	149.772943	10.24988955	320.309048	35	19.3739612	8.21439050	256.699703
4	12:35:29	10.50	94.060	29.870	38331.000	12.000	94.143411	19.7230445	197.020247	147.777746	10.11334593	316.042060	35	19.3739612	8.10496272	253.280085
4	12:35:44	10.75	94.820	29.780	38323.000	12.000	94.903588	19.8823017	198.611122	148.971004	10.19500792	318.593997	35	19.3739612	8.17040766	255.325239
4	12:35:59	11.00	94.430	29.830	38292.000	12.000	94.480361	19.7936357	197.725406	148.306661	10.14954280	317.173212	35	19.3739612	8.13397134	254.186605
4	12:36:14	11.25	94.980	29.770	38316.000	12.000	94.988507	19.9000922	198.788836	149.104301	10.20413028	318.879071	35	19.3739612	8.17771844	255.553701
4	12:36:29	11.50	93.820	29.900	38362.000	12.000	93.891644	19.6702994	196.493358	147.382546	10.08629992	315.196872	35	19.3739612	8.08328771	252.602741
4	12:36:44	11.75	94.700	29.800	38360.000	12.000	94.734025	19.8467782	198.256265	148.704838	10.17679257	318.024768	35	19.3739612	8.15580965	254.869052
4	12:36:59	12.00	94.690	29.800	38377.000	12.000	94.734025	19.8467782	198.256265	148.704838	10.17679257	318.024768	35	19.3739612	8.15580965	254.869052
4	12:37:14	12.25	94.490	29.820	38294.000	12.000	94.564825	19.8113308	197.902169	148.439244	10.15861631	317.456760	35	19.3739612	8.14124297	254.413843
4	12:37:29	12.50	94.520	29.820	38320.000	12.000	94.564825	19.8113308	197.902169	148.439244	10.15861631	317.456760	35	19.3739612	8.14124297	254.413843
4	12:37:44	12.75	94.900	29.780	38264.000	12.000	94.903588	19.8823017	198.611122	148.971004	10.19500792	318.593997	35	19.3739612	8.17040766	255.325239
4	12:37:59	13.00	94.980	29.770	38308.000	12.000	94.988507	19.9000922	198.788836	149.104301	10.20413028	318.879071	35	19.3739612	8.17771844	255.553701
4	12:38:14	13.25	93.940	29.890	38317.000	12.000	93.975476	19.6878623	196.668800	147.514138	10.09530560	315.478300	35	19.3739612	8.09050497	252.828280
4	12:38:29	13.50	94.480	29.830	38294.000	12.000	94.480361	19.7936357	197.725406	148.306661	10.14954280	317.173212	35	19.3739612	8.13397134	254.186605
4	12:38:44	13.75	95.330	29.720	38342.000	12.000	95.414472	19.9893319	199.680283	149.772943	10.24988955	320.309048	35	19.3739612	8.21439050	256.699703
4	12:38:59	14.00	94.120	29.870	38343.000	12.000	94.143411	19.7230445	197.020247	147.777746	10.11334593	316.042060	35	19.3739612	8.10496272	253.280085
4	12:39:14	14.25	94.260	29.850	38354.000	12.000	94.311705	19.7583023	197.372449	148.041920	10.13142496	316.607030	35	19.3739612	8.11945148	253.732859
4	12:39:29	14.50	94.930	29.770	38365.000	12.000	94.988507	19.9000922	198.788836	149.104301	10.20413028	318.879071	35	19.3739612	8.17771844	255.553701
4	12:39:44	14.75	94.310	29.850	38374.000	12.000	94.311705	19.7583023	197.372449	148.041920	10.13142496	316.607030	35	19.3739612	8.11945148	253.732859
4	12:39:59	15.00	94.160	29.860	38326.000	12.000	94.227513	19.7406640	197.196253	147.909762	10.12238060	316.324394	35	19.3739612	8.11220321	253.506350
4	12:40:14	15.25	94.010	29.880	38418.000	12.000	94.059399	19.7054440	196.844429	147.645872	10.10432093	315.760029	35	19.3739612	8.09772997	253.054062
4	12:40:29	15.50	94.390	29.840	38400.000	12.000	94.395988	19.7759595	197.548833	148.174219	10.14047902	316.889969	35	19.3739612	8.12670752	253.959610
4	12:40:44	15.75	94.350	29.840	38391.000	12.000	94.395988	19.7759595	197.548833	148.174219	10.14047902	316.889969	35	19.3739612	8.12670752	253.959610
4	12:40:59	16.00	94.700	29.800	38361.000	12.000	94.734025	19.8467782	198.256265	148.704838	10.17679257	318.024768	35	19.3739612	8.15580965	254.869052
4	12:41:14	16.25	94.090	29.870	38379.000	12.000	94.143411	19.7230445	197.020247	147.777746	10.11334593	316.042060	35	19.3739612	8.10496272	253.280085
4	12:41:29	16.50	93.800	29.910	38400.000	12.000	93.807901	19.6527553	196.318104	147.251095	10.07730387	314.915746	35	19.3739612	8.07607816	252.377443
4	12:41:44	16.75	94.460	29.830	38388.000	12.000	94.480361	19.7936357	197.725406	148.306661	10.14954280	317.173212	35	19.3739612	8.13397134	254.186605
4	12:41:59	17.00	93.840	29.900	38351.000	12.000	93.891644	19.6702994	196.493358	147.382546	10.08629992	315.196872	35	19.3739612	8.08328771	252.602741
4	12:42:14	17.25	94.420	29.830	38370.000	12.000	94.480361	19.7936357	197.725406	148.306661	10.14954280	317.173212	35	19.3739612	8.13397134	254.186605
4	12:42:29	17.50	94.310	29.850	38369.000	12.000	94.311705	19.7583023	197.372449	148.041920	10.13142496	316.607030	35	19.3739612	8.11945148	253.732859
4	12:42:44	17.75	94.040	29.880	38404.000	12.000	94.059399	19.7054440	196.844429	147.645872	10.10432093	315.760029	35	19.3739612	8.09772997	253.054062
4	12:42:59	18.00	94.280	29.850	38350.000	12.000	94.311705	19.7583023	197.372449	148.041920	10.13142496	316.607030	35	19.3739612	8.11945148	253.732859
4	12:43:14	18.25	94.360	29.840	38428.000	12.000	94.395988	19.7759595	197.548833	148.174219	10.14047902	316.889969	35	19.3739612	8.12670752	253.959610
4	12:43:29	18.50	94.100	29.870	38456.000	12.000	94.143411	19.7230445	197.020247	147.777746	10.11334593	316.042060	35	19.3739612	8.10496272	253.280085
4	12:43:44	18.75	94.210	29.860	38447.000	12.000	94.227513	19.7406640	197.196253	147.909762	10.12238060	316.324394	35	19.3739612	8.11220321	253.506350
4	12:43:59	19.00	93.670	29.920	38425.000	12.000	93.724248	19.6352300	196.143038	147.119784	10.06831745	314.634920	35	19.3739612	8.06887633	252.152385
4	12:44:14	19.25	94.560	29.820	38432.000	12.000	94.564825	19.8113308	197.902169	148.439244	10.15861631	317.456760	35	19.3739612	8.14124297	254.413843
