Chamber	Time/hh:mm:ss	Logtime/min	Oxy/% air sat.	Phase/°	Amp	Temp/°C	% air-sat.	% oxygen	pO2 (hPa)	pO2 (Torr)	cO2 [mg/L]	cO2 [µmol/L]	Salinity	chlorinity	SalCorcO2 [mg/L]	SalCorcO2 [µmol/L]
3	16:05:12	0.00	95.060	31.000	29614.000	6.000	95.083213	19.9199332	199.919746	149.952555	11.80914750	369.035859	35	19.3739612	9.33074811	291.585878
3	16:05:19	0.11	95.190	30.980	29572.000	6.000	95.249747	19.9548220	200.269895	150.215190	11.82983064	369.682208	35	19.3739612	9.34709046	292.096577
3	16:05:34	0.36	94.520	31.060	29622.000	6.000	94.585673	19.8156985	198.873629	149.167901	11.74735396	367.104811	35	19.3739612	9.28192325	290.060102
3	16:05:49	0.61	94.940	31.010	29631.000	6.000	95.000075	19.9025158	199.744942	149.821441	11.79882195	368.713186	35	19.3739612	9.32258960	291.330925
3	16:06:04	0.86	94.800	31.030	29610.000	6.000	94.834058	19.8677351	199.395877	149.559620	11.77820285	368.068839	35	19.3739612	9.30629785	290.821808
3	16:06:19	1.11	95.170	30.980	29621.000	6.000	95.249747	19.9548220	200.269895	150.215190	11.82983064	369.682208	35	19.3739612	9.34709046	292.096577
3	16:06:34	1.36	95.220	30.980	29563.000	6.000	95.249747	19.9548220	200.269895	150.215190	11.82983064	369.682208	35	19.3739612	9.34709046	292.096577
3	16:06:49	1.61	94.760	31.030	29566.000	6.000	94.834058	19.8677351	199.395877	149.559620	11.77820285	368.068839	35	19.3739612	9.30629785	290.821808
3	16:07:04	1.86	95.590	30.930	29564.000	6.000	95.667592	20.0423606	201.148447	150.874160	11.88172622	371.303944	35	19.3739612	9.38809465	293.377958
3	16:07:19	2.11	95.000	31.010	29623.000	6.000	95.000075	19.9025158	199.744942	149.821441	11.79882195	368.713186	35	19.3739612	9.32258960	291.330925
3	16:07:34	2.36	95.540	30.940	29587.000	6.000	95.583850	20.0248166	200.972373	150.742093	11.87132560	370.978925	35	19.3739612	9.37987682	293.121151
3	16:07:49	2.61	94.860	31.020	29667.000	6.000	94.917024	19.8851164	199.570319	149.690463	11.78850708	368.390846	35	19.3739612	9.31443952	291.076235
3	16:08:04	2.86	95.140	30.990	29637.000	6.000	95.166437	19.9373685	200.094730	150.083805	11.81948372	369.358866	35	19.3739612	9.33891506	291.841096
3	16:08:19	3.11	95.300	30.970	29642.000	6.000	95.333143	19.9722935	200.445242	150.346711	11.84018828	370.005884	35	19.3739612	9.35527433	292.352323
3	16:08:34	3.36	94.710	31.040	29602.000	6.000	94.751177	19.8503716	199.221614	149.428912	11.76790927	367.747165	35	19.3739612	9.29816460	290.567644
3	16:08:49	3.61	95.050	31.000	29610.000	6.000	95.083213	19.9199332	199.919746	149.952555	11.80914750	369.035859	35	19.3739612	9.33074811	291.585878
3	16:09:04	3.86	95.620	30.930	29612.000	6.000	95.667592	20.0423606	201.148447	150.874160	11.88172622	371.303944	35	19.3739612	9.38809465	293.377958
3	16:09:19	4.11	94.700	31.040	29647.000	6.000	94.751177	19.8503716	199.221614	149.428912	11.76790927	367.747165	35	19.3739612	9.29816460	290.567644
3	16:09:34	4.36	94.570	31.060	29623.000	6.000	94.585673	19.8156985	198.873629	149.167901	11.74735396	367.104811	35	19.3739612	9.28192325	290.060102
3	16:09:49	4.61	94.900	31.020	29605.000	6.000	94.917024	19.8851164	199.570319	149.690463	11.78850708	368.390846	35	19.3739612	9.31443952	291.076235
3	16:10:04	4.86	94.780	31.030	29596.000	6.000	94.834058	19.8677351	199.395877	149.559620	11.77820285	368.068839	35	19.3739612	9.30629785	290.821808
3	16:10:19	5.11	95.230	30.980	29641.000	6.000	95.249747	19.9548220	200.269895	150.215190	11.82983064	369.682208	35	19.3739612	9.34709046	292.096577
3	16:10:34	5.36	94.470	31.070	29636.000	6.000	94.503049	19.7983887	198.699905	149.037597	11.73709221	366.784131	35	19.3739612	9.27381515	289.806723
3	16:10:49	5.61	95.150	30.990	29636.000	6.000	95.166437	19.9373685	200.094730	150.083805	11.81948372	369.358866	35	19.3739612	9.33891506	291.841096
3	16:11:04	5.86	94.910	31.020	29612.000	6.000	94.917024	19.8851164	199.570319	149.690463	11.78850708	368.390846	35	19.3739612	9.31443952	291.076235
3	16:11:19	6.11	94.850	31.020	29609.000	6.000	94.917024	19.8851164	199.570319	149.690463	11.78850708	368.390846	35	19.3739612	9.31443952	291.076235
3	16:11:34	6.36	94.910	31.020	29639.000	6.000	94.917024	19.8851164	199.570319	149.690463	11.78850708	368.390846	35	19.3739612	9.31443952	291.076235
3	16:11:49	6.61	94.960	31.010	29623.000	6.000	95.000075	19.9025158	199.744942	149.821441	11.79882195	368.713186	35	19.3739612	9.32258960	291.330925
3	16:12:04	6.86	95.220	30.980	29606.000	6.000	95.249747	19.9548220	200.269895	150.215190	11.82983064	369.682208	35	19.3739612	9.34709046	292.096577
3	16:12:19	7.11	95.910	30.900	29635.000	6.000	95.919341	20.0951018	201.677767	151.271184	11.91299286	372.281027	35	19.3739612	9.41279933	294.149979
3	16:12:34	7.36	95.270	30.970	29610.000	6.000	95.333143	19.9722935	200.445242	150.346711	11.84018828	370.005884	35	19.3739612	9.35527433	292.352323
3	16:12:49	7.61	95.050	31.000	29604.000	6.000	95.083213	19.9199332	199.919746	149.952555	11.80914750	369.035859	35	19.3739612	9.33074811	291.585878
3	16:13:04	7.86	94.790	31.030	29649.000	6.000	94.834058	19.8677351	199.395877	149.559620	11.77820285	368.068839	35	19.3739612	9.30629785	290.821808
3	16:13:19	8.11	95.380	30.960	29636.000	6.000	95.416625	19.9897830	200.620770	150.478369	11.85055664	370.329895	35	19.3739612	9.36346667	292.608333
3	16:13:34	8.36	95.430	30.950	29654.000	6.000	95.500194	20.0072907	200.796481	150.610162	11.86093574	370.654242	35	19.3739612	9.37166749	292.864609
3	16:13:49	8.61	94.950	31.010	29633.000	6.000	95.000075	19.9025158	199.744942	149.821441	11.79882195	368.713186	35	19.3739612	9.32258960	291.330925
3	16:14:04	8.86	95.550	30.940	29665.000	6.000	95.583850	20.0248166	200.972373	150.742093	11.87132560	370.978925	35	19.3739612	9.37987682	293.121151
3	16:14:19	9.11	94.750	31.030	29643.000	6.000	94.834058	19.8677351	199.395877	149.559620	11.77820285	368.068839	35	19.3739612	9.30629785	290.821808
3	16:14:34	9.36	95.420	30.950	29622.000	6.000	95.500194	20.0072907	200.796481	150.610162	11.86093574	370.654242	35	19.3739612	9.37166749	292.864609
3	16:14:49	9.61	94.800	31.030	29628.000	6.000	94.834058	19.8677351	199.395877	149.559620	11.77820285	368.068839	35	19.3739612	9.30629785	290.821808
3	16:15:04	9.86	94.860	31.020	29665.000	6.000	94.917024	19.8851164	199.570319	149.690463	11.78850708	368.390846	35	19.3739612	9.31443952	291.076235
3	16:15:19	10.11	95.040	31.000	29629.000	6.000	95.083213	19.9199332	199.919746	149.952555	11.80914750	369.035859	35	19.3739612	9.33074811	291.585878
3	16:15:34	10.36	94.550	31.060	29630.000	6.000	94.585673	19.8156985	198.873629	149.167901	11.74735396	367.104811	35	19.3739612	9.28192325	290.060102
3	16:15:49	10.61	94.880	31.020	29650.000	6.000	94.917024	19.8851164	199.570319	149.690463	11.78850708	368.390846	35	19.3739612	9.31443952	291.076235
3	16:16:04	10.86	95.240	30.980	29629.000	6.000	95.249747	19.9548220	200.269895	150.215190	11.82983064	369.682208	35	19.3739612	9.34709046	292.096577
3	16:16:19	11.11	94.570	31.060	29604.000	6.000	94.585673	19.8156985	198.873629	149.167901	11.74735396	367.104811	35	19.3739612	9.28192325	290.060102
3	16:16:34	11.36	95.560	30.940	29619.000	6.000	95.583850	20.0248166	200.972373	150.742093	11.87132560	370.978925	35	19.3739612	9.37987682	293.121151
3	16:16:49	11.61	95.080	31.000	29636.000	6.000	95.083213	19.9199332	199.919746	149.952555	11.80914750	369.035859	35	19.3739612	9.33074811	291.585878
3	16:17:04	11.86	95.180	30.980	29597.000	6.000	95.249747	19.9548220	200.269895	150.215190	11.82983064	369.682208	35	19.3739612	9.34709046	292.096577
3	16:17:19	12.11	95.170	30.980	29633.000	6.000	95.249747	19.9548220	200.269895	150.215190	11.82983064	369.682208	35	19.3739612	9.34709046	292.096577
3	16:17:34	12.36	94.610	31.050	29645.000	6.000	94.668382	19.8330261	199.047532	149.298339	11.75762631	367.425822	35	19.3739612	9.29003973	290.313742
3	16:17:49	12.61	95.110	30.990	29650.000	6.000	95.166437	19.9373685	200.094730	150.083805	11.81948372	369.358866	35	19.3739612	9.33891506	291.841096
3	16:18:04	12.86	94.860	31.020	29631.000	6.000	94.917024	19.8851164	199.570319	149.690463	11.78850708	368.390846	35	19.3739612	9.31443952	291.076235
3	16:18:19	13.11	95.320	30.970	29611.000	6.000	95.333143	19.9722935	200.445242	150.346711	11.84018828	370.005884	35	19.3739612	9.35527433	292.352323
3	16:18:34	13.36	94.750	31.040	29615.000	6.000	94.751177	19.8503716	199.221614	149.428912	11.76790927	367.747165	35	19.3739612	9.29816460	290.567644
3	16:18:49	13.61	94.840	31.020	29686.000	6.000	94.917024	19.8851164	199.570319	149.690463	11.78850708	368.390846	35	19.3739612	9.31443952	291.076235
3	16:19:04	13.86	94.940	31.010	29631.000	6.000	95.000075	19.9025158	199.744942	149.821441	11.79882195	368.713186	35	19.3739612	9.32258960	291.330925
3	16:19:19	14.11	94.510	31.060	29644.000	6.000	94.585673	19.8156985	198.873629	149.167901	11.74735396	367.104811	35	19.3739612	9.28192325	290.060102
3	16:19:34	14.36	94.560	31.060	29649.000	6.000	94.585673	19.8156985	198.873629	149.167901	11.74735396	367.104811	35	19.3739612	9.28192325	290.060102
3	16:19:49	14.61	94.850	31.020	29657.000	6.000	94.917024	19.8851164	199.570319	149.690463	11.78850708	368.390846	35	19.3739612	9.31443952	291.076235
3	16:20:04	14.86	95.450	30.950	29686.000	6.000	95.500194	20.0072907	200.796481	150.610162	11.86093574	370.654242	35	19.3739612	9.37166749	292.864609
3	16:20:19	15.11	94.670	31.040	29618.000	6.000	94.751177	19.8503716	199.221614	149.428912	11.76790927	367.747165	35	19.3739612	9.29816460	290.567644
3	16:20:34	15.36	94.410	31.080	29655.000	6.000	94.420510	19.7810968	198.526361	148.907428	11.72684104	366.463782	35	19.3739612	9.26571540	289.553606
3	16:20:49	15.61	95.770	30.910	29648.000	6.000	95.835337	20.0775032	201.501144	151.138705	11.90255984	371.954995	35	19.3739612	9.40455589	293.892372
3	16:21:04	15.86	94.560	31.060	29625.000	6.000	94.585673	19.8156985	198.873629	149.167901	11.74735396	367.104811	35	19.3739612	9.28192325	290.060102
3	16:21:19	16.11	95.000	31.010	29658.000	6.000	95.000075	19.9025158	199.744942	149.821441	11.79882195	368.713186	35	19.3739612	9.32258960	291.330925
3	16:21:34	16.36	95.600	30.930	29711.000	6.000	95.667592	20.0423606	201.148447	150.874160	11.88172622	371.303944	35	19.3739612	9.38809465	293.377958
3	16:21:49	16.61	94.700	31.040	29697.000	6.000	94.751177	19.8503716	199.221614	149.428912	11.76790927	367.747165	35	19.3739612	9.29816460	290.567644
3	16:22:04	16.86	94.750	31.030	29717.000	6.000	94.834058	19.8677351	199.395877	149.559620	11.77820285	368.068839	35	19.3739612	9.30629785	290.821808
3	16:22:19	17.11	94.360	31.080	29733.000	6.000	94.420510	19.7810968	198.526361	148.907428	11.72684104	366.463782	35	19.3739612	9.26571540	289.553606
3	16:22:34	17.36	95.110	30.990	29704.000	6.000	95.166437	19.9373685	200.094730	150.083805	11.81948372	369.358866	35	19.3739612	9.33891506	291.841096
3	16:22:49	17.61	94.590	31.050	29690.000	6.000	94.668382	19.8330261	199.047532	149.298339	11.75762631	367.425822	35	19.3739612	9.29003973	290.313742
3	16:23:04	17.86	94.850	31.020	29698.000	6.000	94.917024	19.8851164	199.570319	149.690463	11.78850708	368.390846	35	19.3739612	9.31443952	291.076235
3	16:23:19	18.11	95.460	30.950	29710.000	6.000	95.500194	20.0072907	200.796481	150.610162	11.86093574	370.654242	35	19.3739612	9.37166749	292.864609
3	16:23:34	18.36	95.040	31.000	29731.000	6.000	95.083213	19.9199332	199.919746	149.952555	11.80914750	369.035859	35	19.3739612	9.33074811	291.585878
3	16:23:49	18.61	94.860	31.020	29686.000	6.000	94.917024	19.8851164	199.570319	149.690463	11.78850708	368.390846	35	19.3739612	9.31443952	291.076235
3	16:24:04	18.86	95.430	30.950	29724.000	6.000	95.500194	20.0072907	200.796481	150.610162	11.86093574	370.654242	35	19.3739612	9.37166749	292.864609
3	16:24:19	19.11	94.840	31.020	29655.000	6.000	94.917024	19.8851164	199.570319	149.690463	11.78850708	368.390846	35	19.3739612	9.31443952	291.076235
3	16:24:34	19.36	94.260	31.090	29670.000	6.000	94.338056	19.7638227	198.352995	148.777393	11.71660043	366.143763	35	19.3739612	9.25762400	289.300750
3	16:24:49	19.61	95.050	31.000	29676.000	6.000	95.083213	19.9199332	199.919746	149.952555	11.80914750	369.035859	35	19.3739612	9.33074811	291.585878
3	16:25:04	19.86	94.600	31.050	29657.000	6.000	94.668382	19.8330261	199.047532	149.298339	11.75762631	367.425822	35	19.3739612	9.29003973	290.313742
3	16:25:19	20.11	94.820	31.030	29711.000	6.000	94.834058	19.8677351	199.395877	149.559620	11.77820285	368.068839	35	19.3739612	9.30629785	290.821808
3	16:25:34	20.36	94.610	31.050	29682.000	6.000	94.668382	19.8330261	199.047532	149.298339	11.75762631	367.425822	35	19.3739612	9.29003973	290.313742
3	16:25:49	20.61	94.740	31.040	29642.000	6.000	94.751177	19.8503716	199.221614	149.428912	11.76790927	367.747165	35	19.3739612	9.29816460	290.567644
