Chamber	Time/hh:mm:ss	Logtime/min	Oxy/% air sat.	Phase/°	Amp	Temp/°C	% air-sat.	% oxygen	pO2 (hPa)	pO2 (Torr)	cO2 [mg/L]	cO2 [µmol/L]	Salinity	chlorinity	SalCorcO2 [mg/L]	SalCorcO2 [µmol/L]
10	16:05:11	0.00	96.610	30.810	47458.000	6.000	96.679306	20.2543146	203.275653	152.469700	12.00737908	375.230596	35	19.3739612	9.48737660	296.480519
10	16:05:17	0.10	96.840	30.790	47454.000	6.000	96.849155	20.2898980	203.632774	152.737563	12.02847399	375.889812	35	19.3739612	9.50404430	297.001384
10	16:05:32	0.35	95.920	30.890	47521.000	6.000	96.003431	20.1127188	201.854574	151.403800	11.92343671	372.607397	35	19.3739612	9.42105131	294.407853
10	16:05:47	0.60	96.180	30.860	47505.000	6.000	96.256226	20.1656793	202.386095	151.802474	11.95483337	373.588543	35	19.3739612	9.44585872	295.183085
10	16:06:02	0.85	96.300	30.850	47457.000	6.000	96.340666	20.1833696	202.563637	151.935642	11.96532068	373.916271	35	19.3739612	9.45414505	295.442033
10	16:06:17	1.10	96.560	30.820	47502.000	6.000	96.594514	20.2365507	203.097372	152.335977	11.99684808	374.901502	35	19.3739612	9.47905575	296.220492
10	16:06:32	1.35	96.500	30.830	47537.000	6.000	96.509810	20.2188052	202.919275	152.202393	11.98632802	374.572751	35	19.3739612	9.47074355	295.960736
10	16:06:47	1.60	96.290	30.850	47483.000	6.000	96.340666	20.1833696	202.563637	151.935642	11.96532068	373.916271	35	19.3739612	9.45414505	295.442033
10	16:07:02	1.85	96.320	30.850	47481.000	6.000	96.340666	20.1833696	202.563637	151.935642	11.96532068	373.916271	35	19.3739612	9.45414505	295.442033
10	16:07:17	2.10	96.450	30.830	47493.000	6.000	96.509810	20.2188052	202.919275	152.202393	11.98632802	374.572751	35	19.3739612	9.47074355	295.960736
10	16:07:32	2.35	96.390	30.840	47495.000	6.000	96.425194	20.2010782	202.741364	152.068949	11.97581889	374.244340	35	19.3739612	9.46243999	295.701250
10	16:07:47	2.60	96.100	30.870	47530.000	6.000	96.171873	20.1480075	202.208737	151.669445	11.94435695	373.261155	35	19.3739612	9.43758100	294.924406
10	16:08:02	2.85	96.040	30.880	47510.000	6.000	96.087608	20.1303540	202.031564	151.536553	11.93389140	372.934106	35	19.3739612	9.42931187	294.665996
10	16:08:17	3.10	96.340	30.840	47539.000	6.000	96.425194	20.2010782	202.741364	152.068949	11.97581889	374.244340	35	19.3739612	9.46243999	295.701250
10	16:08:32	3.35	96.290	30.850	47469.000	6.000	96.340666	20.1833696	202.563637	151.935642	11.96532068	373.916271	35	19.3739612	9.45414505	295.442033
10	16:08:47	3.60	95.960	30.890	47502.000	6.000	96.003431	20.1127188	201.854574	151.403800	11.92343671	372.607397	35	19.3739612	9.42105131	294.407853
10	16:09:02	3.85	95.900	30.900	47468.000	6.000	95.919341	20.0951018	201.677767	151.271184	11.91299286	372.281027	35	19.3739612	9.41279933	294.149979
10	16:09:17	4.10	96.110	30.870	47508.000	6.000	96.171873	20.1480075	202.208737	151.669445	11.94435695	373.261155	35	19.3739612	9.43758100	294.924406
10	16:09:32	4.35	96.200	30.860	47505.000	6.000	96.256226	20.1656793	202.386095	151.802474	11.95483337	373.588543	35	19.3739612	9.44585872	295.183085
10	16:09:47	4.60	96.810	30.790	47475.000	6.000	96.849155	20.2898980	203.632774	152.737563	12.02847399	375.889812	35	19.3739612	9.50404430	297.001384
10	16:10:02	4.85	95.890	30.900	47502.000	6.000	95.919341	20.0951018	201.677767	151.271184	11.91299286	372.281027	35	19.3739612	9.41279933	294.149979
10	16:10:17	5.10	96.040	30.880	47485.000	6.000	96.087608	20.1303540	202.031564	151.536553	11.93389140	372.934106	35	19.3739612	9.42931187	294.665996
10	16:10:32	5.35	96.140	30.870	47524.000	6.000	96.171873	20.1480075	202.208737	151.669445	11.94435695	373.261155	35	19.3739612	9.43758100	294.924406
10	16:10:47	5.60	96.540	30.820	47558.000	6.000	96.594514	20.2365507	203.097372	152.335977	11.99684808	374.901502	35	19.3739612	9.47905575	296.220492
10	16:11:02	5.85	96.180	30.860	47520.000	6.000	96.256226	20.1656793	202.386095	151.802474	11.95483337	373.588543	35	19.3739612	9.44585872	295.183085
10	16:11:17	6.10	96.330	30.850	47489.000	6.000	96.340666	20.1833696	202.563637	151.935642	11.96532068	373.916271	35	19.3739612	9.45414505	295.442033
10	16:11:32	6.35	96.080	30.880	47532.000	6.000	96.087608	20.1303540	202.031564	151.536553	11.93389140	372.934106	35	19.3739612	9.42931187	294.665996
10	16:11:47	6.60	96.260	30.850	47532.000	6.000	96.340666	20.1833696	202.563637	151.935642	11.96532068	373.916271	35	19.3739612	9.45414505	295.442033
10	16:12:02	6.85	96.030	30.880	47502.000	6.000	96.087608	20.1303540	202.031564	151.536553	11.93389140	372.934106	35	19.3739612	9.42931187	294.665996
10	16:12:17	7.10	96.470	30.830	47540.000	6.000	96.509810	20.2188052	202.919275	152.202393	11.98632802	374.572751	35	19.3739612	9.47074355	295.960736
10	16:12:32	7.35	95.700	30.920	47537.000	6.000	95.751421	20.0599228	201.324705	151.006364	11.89213763	371.629301	35	19.3739612	9.39632101	293.635031
10	16:12:47	7.60	96.430	30.830	47529.000	6.000	96.509810	20.2188052	202.919275	152.202393	11.98632802	374.572751	35	19.3739612	9.47074355	295.960736
10	16:13:02	7.85	96.240	30.860	47534.000	6.000	96.256226	20.1656793	202.386095	151.802474	11.95483337	373.588543	35	19.3739612	9.44585872	295.183085
10	16:13:17	8.10	96.390	30.840	47538.000	6.000	96.425194	20.2010782	202.741364	152.068949	11.97581889	374.244340	35	19.3739612	9.46243999	295.701250
10	16:13:32	8.35	95.610	30.930	47568.000	6.000	95.667592	20.0423606	201.148447	150.874160	11.88172622	371.303944	35	19.3739612	9.38809465	293.377958
10	16:13:47	8.60	96.400	30.840	47516.000	6.000	96.425194	20.2010782	202.741364	152.068949	11.97581889	374.244340	35	19.3739612	9.46243999	295.701250
10	16:14:02	8.85	95.940	30.890	47539.000	6.000	96.003431	20.1127188	201.854574	151.403800	11.92343671	372.607397	35	19.3739612	9.42105131	294.407853
10	16:14:17	9.10	95.650	30.930	47580.000	6.000	95.667592	20.0423606	201.148447	150.874160	11.88172622	371.303944	35	19.3739612	9.38809465	293.377958
10	16:14:32	9.35	96.190	30.860	47553.000	6.000	96.256226	20.1656793	202.386095	151.802474	11.95483337	373.588543	35	19.3739612	9.44585872	295.183085
10	16:14:47	9.60	95.850	30.900	47552.000	6.000	95.919341	20.0951018	201.677767	151.271184	11.91299286	372.281027	35	19.3739612	9.41279933	294.149979
10	16:15:02	9.85	95.660	30.930	47554.000	6.000	95.667592	20.0423606	201.148447	150.874160	11.88172622	371.303944	35	19.3739612	9.38809465	293.377958
10	16:15:17	10.10	95.860	30.900	47568.000	6.000	95.919341	20.0951018	201.677767	151.271184	11.91299286	372.281027	35	19.3739612	9.41279933	294.149979
10	16:15:32	10.35	95.990	30.890	47586.000	6.000	96.003431	20.1127188	201.854574	151.403800	11.92343671	372.607397	35	19.3739612	9.42105131	294.407853
10	16:15:47	10.60	96.040	30.880	47559.000	6.000	96.087608	20.1303540	202.031564	151.536553	11.93389140	372.934106	35	19.3739612	9.42931187	294.665996
10	16:16:02	10.85	96.160	30.870	47569.000	6.000	96.171873	20.1480075	202.208737	151.669445	11.94435695	373.261155	35	19.3739612	9.43758100	294.924406
10	16:16:17	11.10	95.870	30.900	47561.000	6.000	95.919341	20.0951018	201.677767	151.271184	11.91299286	372.281027	35	19.3739612	9.41279933	294.149979
10	16:16:32	11.35	96.040	30.880	47535.000	6.000	96.087608	20.1303540	202.031564	151.536553	11.93389140	372.934106	35	19.3739612	9.42931187	294.665996
10	16:16:47	11.60	96.070	30.880	47530.000	6.000	96.087608	20.1303540	202.031564	151.536553	11.93389140	372.934106	35	19.3739612	9.42931187	294.665996
10	16:17:02	11.85	96.100	30.870	47561.000	6.000	96.171873	20.1480075	202.208737	151.669445	11.94435695	373.261155	35	19.3739612	9.43758100	294.924406
10	16:17:17	12.10	96.380	30.840	47596.000	6.000	96.425194	20.2010782	202.741364	152.068949	11.97581889	374.244340	35	19.3739612	9.46243999	295.701250
10	16:17:32	12.35	96.340	30.850	47577.000	6.000	96.340666	20.1833696	202.563637	151.935642	11.96532068	373.916271	35	19.3739612	9.45414505	295.442033
10	16:17:47	12.60	96.100	30.870	47598.000	6.000	96.171873	20.1480075	202.208737	151.669445	11.94435695	373.261155	35	19.3739612	9.43758100	294.924406
10	16:18:02	12.85	95.630	30.930	47559.000	6.000	95.667592	20.0423606	201.148447	150.874160	11.88172622	371.303944	35	19.3739612	9.38809465	293.377958
10	16:18:17	13.10	95.710	30.920	47617.000	6.000	95.751421	20.0599228	201.324705	151.006364	11.89213763	371.629301	35	19.3739612	9.39632101	293.635031
10	16:18:32	13.35	95.810	30.910	47589.000	6.000	95.835337	20.0775032	201.501144	151.138705	11.90255984	371.954995	35	19.3739612	9.40455589	293.892372
10	16:18:47	13.60	95.980	30.890	47580.000	6.000	96.003431	20.1127188	201.854574	151.403800	11.92343671	372.607397	35	19.3739612	9.42105131	294.407853
10	16:19:02	13.85	95.850	30.900	47626.000	6.000	95.919341	20.0951018	201.677767	151.271184	11.91299286	372.281027	35	19.3739612	9.41279933	294.149979
10	16:19:17	14.10	95.120	30.990	47582.000	6.000	95.166437	19.9373685	200.094730	150.083805	11.81948372	369.358866	35	19.3739612	9.33891506	291.841096
10	16:19:32	14.35	95.700	30.920	47600.000	6.000	95.751421	20.0599228	201.324705	151.006364	11.89213763	371.629301	35	19.3739612	9.39632101	293.635031
10	16:19:47	14.60	95.430	30.950	47634.000	6.000	95.500194	20.0072907	200.796481	150.610162	11.86093574	370.654242	35	19.3739612	9.37166749	292.864609
10	16:20:02	14.85	95.860	30.900	47609.000	6.000	95.919341	20.0951018	201.677767	151.271184	11.91299286	372.281027	35	19.3739612	9.41279933	294.149979
10	16:20:17	15.10	95.550	30.940	47619.000	6.000	95.583850	20.0248166	200.972373	150.742093	11.87132560	370.978925	35	19.3739612	9.37987682	293.121151
10	16:20:32	15.35	95.680	30.920	47610.000	6.000	95.751421	20.0599228	201.324705	151.006364	11.89213763	371.629301	35	19.3739612	9.39632101	293.635031
10	16:20:47	15.60	95.920	30.890	47597.000	6.000	96.003431	20.1127188	201.854574	151.403800	11.92343671	372.607397	35	19.3739612	9.42105131	294.407853
10	16:21:02	15.85	95.700	30.920	47638.000	6.000	95.751421	20.0599228	201.324705	151.006364	11.89213763	371.629301	35	19.3739612	9.39632101	293.635031
10	16:21:17	16.10	95.390	30.960	47638.000	6.000	95.416625	19.9897830	200.620770	150.478369	11.85055664	370.329895	35	19.3739612	9.36346667	292.608333
10	16:21:32	16.35	95.710	30.920	47675.000	6.000	95.751421	20.0599228	201.324705	151.006364	11.89213763	371.629301	35	19.3739612	9.39632101	293.635031
10	16:21:47	16.60	95.740	30.920	47642.000	6.000	95.751421	20.0599228	201.324705	151.006364	11.89213763	371.629301	35	19.3739612	9.39632101	293.635031
10	16:22:02	16.85	95.690	30.920	47627.000	6.000	95.751421	20.0599228	201.324705	151.006364	11.89213763	371.629301	35	19.3739612	9.39632101	293.635031
10	16:22:17	17.10	95.970	30.890	47652.000	6.000	96.003431	20.1127188	201.854574	151.403800	11.92343671	372.607397	35	19.3739612	9.42105131	294.407853
10	16:22:32	17.35	95.680	30.920	47654.000	6.000	95.751421	20.0599228	201.324705	151.006364	11.89213763	371.629301	35	19.3739612	9.39632101	293.635031
10	16:22:47	17.60	95.550	30.940	47635.000	6.000	95.583850	20.0248166	200.972373	150.742093	11.87132560	370.978925	35	19.3739612	9.37987682	293.121151
10	16:23:02	17.85	95.500	30.950	47659.000	6.000	95.500194	20.0072907	200.796481	150.610162	11.86093574	370.654242	35	19.3739612	9.37166749	292.864609
10	16:23:17	18.10	95.740	30.920	47701.000	6.000	95.751421	20.0599228	201.324705	151.006364	11.89213763	371.629301	35	19.3739612	9.39632101	293.635031
10	16:23:32	18.35	95.130	30.990	47659.000	6.000	95.166437	19.9373685	200.094730	150.083805	11.81948372	369.358866	35	19.3739612	9.33891506	291.841096
10	16:23:47	18.60	95.690	30.920	47618.000	6.000	95.751421	20.0599228	201.324705	151.006364	11.89213763	371.629301	35	19.3739612	9.39632101	293.635031
10	16:24:02	18.85	95.720	30.920	47686.000	6.000	95.751421	20.0599228	201.324705	151.006364	11.89213763	371.629301	35	19.3739612	9.39632101	293.635031
10	16:24:17	19.10	95.870	30.900	47650.000	6.000	95.919341	20.0951018	201.677767	151.271184	11.91299286	372.281027	35	19.3739612	9.41279933	294.149979
10	16:24:32	19.35	95.880	30.900	47628.000	6.000	95.919341	20.0951018	201.677767	151.271184	11.91299286	372.281027	35	19.3739612	9.41279933	294.149979
10	16:24:47	19.60	95.210	30.980	47703.000	6.000	95.249747	19.9548220	200.269895	150.215190	11.82983064	369.682208	35	19.3739612	9.34709046	292.096577
10	16:25:02	19.85	95.860	30.900	47688.000	6.000	95.919341	20.0951018	201.677767	151.271184	11.91299286	372.281027	35	19.3739612	9.41279933	294.149979
10	16:25:17	20.10	95.660	30.930	47699.000	6.000	95.667592	20.0423606	201.148447	150.874160	11.88172622	371.303944	35	19.3739612	9.38809465	293.377958
10	16:25:32	20.35	95.510	30.940	47694.000	6.000	95.583850	20.0248166	200.972373	150.742093	11.87132560	370.978925	35	19.3739612	9.37987682	293.121151
10	16:25:47	20.60	95.340	30.960	47685.000	6.000	95.416625	19.9897830	200.620770	150.478369	11.85055664	370.329895	35	19.3739612	9.36346667	292.608333
