Chamber	Time/hh:mm:ss	Logtime/min	Oxy/% air sat.	Phase/°	Amp	Temp/°C	% air-sat.	% oxygen	pO2 (hPa)	pO2 (Torr)	cO2 [mg/L]	cO2 [µmol/L]	Salinity	chlorinity	SalCorcO2 [mg/L]	SalCorcO2 [µmol/L]
9	13:58:05	0.00	94.800	26.670	31582.000	29.000	94.804642	19.8615726	193.221354	144.928334	7.27893030	227.466572	35	19.3739612	5.89722791	184.288372
9	13:58:17	0.21	95.240	26.620	31611.000	29.000	95.259616	19.9568895	194.148635	145.623855	7.31386235	228.558198	35	19.3739612	5.92552908	185.172784
9	13:58:32	0.46	95.060	26.640	31600.000	29.000	95.077301	19.9186946	193.777060	145.345150	7.29986457	228.120768	35	19.3739612	5.91418839	184.818387
9	13:58:47	0.71	94.910	26.650	31604.000	29.000	94.986307	19.8996313	193.591604	145.206046	7.29287817	227.902443	35	19.3739612	5.90852817	184.641505
9	13:59:02	0.96	95.220	26.620	31579.000	29.000	95.259616	19.9568895	194.148635	145.623855	7.31386235	228.558198	35	19.3739612	5.92552908	185.172784
9	13:59:17	1.21	94.710	26.680	31586.000	29.000	94.713972	19.8425771	193.036559	144.789726	7.27196880	227.249025	35	19.3739612	5.89158786	184.112121
9	13:59:33	1.47	95.090	26.630	31596.000	29.000	95.168404	19.9377807	193.962737	145.484419	7.30685929	228.339353	35	19.3739612	5.91985536	184.995480
9	13:59:48	1.72	94.810	26.660	31670.000	29.000	94.895420	19.8805906	193.406369	145.067107	7.28590008	227.684378	35	19.3739612	5.90287468	184.464834
9	14:00:02	1.96	94.590	26.690	31667.000	29.000	94.623409	19.8236043	192.851983	144.651283	7.26501557	227.031737	35	19.3739612	5.88595451	183.936078
9	14:00:17	2.21	94.820	26.660	31643.000	29.000	94.895420	19.8805906	193.406369	145.067107	7.28590008	227.684378	35	19.3739612	5.90287468	184.464834
9	14:00:32	2.46	93.910	26.760	31645.000	29.000	93.992476	19.6914237	191.566078	143.686772	7.21657362	225.517926	35	19.3739612	5.84670792	182.709622
9	14:00:47	2.71	94.710	26.680	31640.000	29.000	94.713972	19.8425771	193.036559	144.789726	7.27196880	227.249025	35	19.3739612	5.89158786	184.112121
9	14:01:02	2.96	94.830	26.660	31688.000	29.000	94.895420	19.8805906	193.406369	145.067107	7.28590008	227.684378	35	19.3739612	5.90287468	184.464834
9	14:01:18	3.22	94.710	26.680	31623.000	29.000	94.713972	19.8425771	193.036559	144.789726	7.27196880	227.249025	35	19.3739612	5.89158786	184.112121
9	14:01:32	3.46	94.790	26.670	31670.000	29.000	94.804642	19.8615726	193.221354	144.928334	7.27893030	227.466572	35	19.3739612	5.89722791	184.288372
9	14:01:47	3.72	94.820	26.660	31697.000	29.000	94.895420	19.8805906	193.406369	145.067107	7.28590008	227.684378	35	19.3739612	5.90287468	184.464834
9	14:02:02	3.96	94.960	26.650	31684.000	29.000	94.986307	19.8996313	193.591604	145.206046	7.29287817	227.902443	35	19.3739612	5.90852817	184.641505
9	14:02:17	4.21	94.570	26.690	31672.000	29.000	94.623409	19.8236043	192.851983	144.651283	7.26501557	227.031737	35	19.3739612	5.88595451	183.936078
9	14:02:32	4.46	93.940	26.760	31708.000	29.000	93.992476	19.6914237	191.566078	143.686772	7.21657362	225.517926	35	19.3739612	5.84670792	182.709622
9	14:02:48	4.72	94.910	26.650	31655.000	29.000	94.986307	19.8996313	193.591604	145.206046	7.29287817	227.902443	35	19.3739612	5.90852817	184.641505
9	14:03:03	4.97	94.570	26.690	31722.000	29.000	94.623409	19.8236043	192.851983	144.651283	7.26501557	227.031737	35	19.3739612	5.88595451	183.936078
9	14:03:17	5.21	94.430	26.710	31745.000	29.000	94.442607	19.7857262	192.483490	144.374890	7.25113389	226.597934	35	19.3739612	5.87470788	183.584621
9	14:03:32	5.46	94.160	26.740	31704.000	29.000	94.172208	19.7290775	191.932389	143.961529	7.23037312	225.949160	35	19.3739612	5.85788796	183.058999
9	14:03:47	5.71	93.990	26.760	31718.000	29.000	93.992476	19.6914237	191.566078	143.686772	7.21657362	225.517926	35	19.3739612	5.84670792	182.709622
9	14:04:03	5.97	94.180	26.730	31740.000	29.000	94.262234	19.7479380	192.115872	144.099152	7.23728516	226.165161	35	19.3739612	5.86348795	183.233998
9	14:04:17	6.21	93.790	26.780	31762.000	29.000	93.813170	19.6538591	191.200634	143.412666	7.20280683	225.087713	35	19.3739612	5.83555437	182.361074
9	14:04:32	6.47	93.700	26.790	31728.000	29.000	93.723676	19.6351102	191.018237	143.275856	7.19593566	224.872990	35	19.3739612	5.82998750	182.187109
9	14:04:47	6.71	94.070	26.750	31776.000	29.000	94.082289	19.7102395	191.749125	143.824069	7.22346928	225.733415	35	19.3739612	5.85229462	182.884207
9	14:05:03	6.97	93.570	26.800	31781.000	29.000	93.634289	19.6163834	190.836056	143.139209	7.18907264	224.658520	35	19.3739612	5.82442723	182.013351
9	14:05:17	7.21	94.420	26.710	31777.000	29.000	94.442607	19.7857262	192.483490	144.374890	7.25113389	226.597934	35	19.3739612	5.87470788	183.584621
9	14:05:32	7.47	93.680	26.790	31778.000	29.000	93.723676	19.6351102	191.018237	143.275856	7.19593566	224.872990	35	19.3739612	5.82998750	182.187109
9	14:05:48	7.72	93.600	26.800	31760.000	29.000	93.634289	19.6163834	190.836056	143.139209	7.18907264	224.658520	35	19.3739612	5.82442723	182.013351
9	14:06:02	7.96	94.320	26.720	31756.000	29.000	94.352367	19.7668209	192.299572	144.236939	7.24420541	226.381419	35	19.3739612	5.86909458	183.409206
9	14:06:17	8.21	94.420	26.710	31808.000	29.000	94.442607	19.7857262	192.483490	144.374890	7.25113389	226.597934	35	19.3739612	5.87470788	183.584621
9	14:06:33	8.47	93.690	26.790	31761.000	29.000	93.723676	19.6351102	191.018237	143.275856	7.19593566	224.872990	35	19.3739612	5.82998750	182.187109
9	14:06:48	8.72	93.670	26.790	31782.000	29.000	93.723676	19.6351102	191.018237	143.275856	7.19593566	224.872990	35	19.3739612	5.82998750	182.187109
9	14:07:02	8.96	93.380	26.820	31804.000	29.000	93.455831	19.5789965	190.472341	142.866399	7.17537095	224.230342	35	19.3739612	5.81332643	181.666451
9	14:07:17	9.21	93.930	26.760	31829.000	29.000	93.992476	19.6914237	191.566078	143.686772	7.21657362	225.517926	35	19.3739612	5.84670792	182.709622
9	14:07:32	9.46	93.640	26.790	31796.000	29.000	93.723676	19.6351102	191.018237	143.275856	7.19593566	224.872990	35	19.3739612	5.82998750	182.187109
9	14:07:47	9.71	94.160	26.740	31789.000	29.000	94.172208	19.7290775	191.932389	143.961529	7.23037312	225.949160	35	19.3739612	5.85788796	183.058999
9	14:08:02	9.96	93.980	26.760	31845.000	29.000	93.992476	19.6914237	191.566078	143.686772	7.21657362	225.517926	35	19.3739612	5.84670792	182.709622
9	14:08:17	10.21	93.670	26.790	31826.000	29.000	93.723676	19.6351102	191.018237	143.275856	7.19593566	224.872990	35	19.3739612	5.82998750	182.187109
9	14:08:33	10.47	93.230	26.840	31854.000	29.000	93.277795	19.5416980	190.109486	142.594235	7.16170167	223.803177	35	19.3739612	5.80225188	181.320371
9	14:08:47	10.71	93.410	26.820	31854.000	29.000	93.455831	19.5789965	190.472341	142.866399	7.17537095	224.230342	35	19.3739612	5.81332643	181.666451
9	14:09:02	10.96	93.420	26.820	31825.000	29.000	93.455831	19.5789965	190.472341	142.866399	7.17537095	224.230342	35	19.3739612	5.81332643	181.666451
9	14:09:18	11.22	93.470	26.810	31848.000	29.000	93.545007	19.5976789	190.654091	143.002723	7.18221774	224.444304	35	19.3739612	5.81887354	181.839798
9	14:09:32	11.46	93.780	26.780	31865.000	29.000	93.813170	19.6538591	191.200634	143.412666	7.20280683	225.087713	35	19.3739612	5.83555437	182.361074
9	14:09:47	11.71	93.030	26.860	31889.000	29.000	93.100180	19.5044876	189.747488	142.322714	7.14806471	223.377022	35	19.3739612	5.79120351	180.975110
9	14:10:02	11.96	92.990	26.870	31859.000	29.000	93.011529	19.4859154	189.566810	142.187194	7.14125831	223.164322	35	19.3739612	5.78568912	180.802785
9	14:10:17	12.22	93.580	26.800	31864.000	29.000	93.634289	19.6163834	190.836056	143.139209	7.18907264	224.658520	35	19.3739612	5.82442723	182.013351
9	14:10:33	12.47	93.700	26.790	31881.000	29.000	93.723676	19.6351102	191.018237	143.275856	7.19593566	224.872990	35	19.3739612	5.82998750	182.187109
9	14:10:47	12.71	93.910	26.760	31894.000	29.000	93.992476	19.6914237	191.566078	143.686772	7.21657362	225.517926	35	19.3739612	5.84670792	182.709622
9	14:11:02	12.97	93.060	26.860	31936.000	29.000	93.100180	19.5044876	189.747488	142.322714	7.14806471	223.377022	35	19.3739612	5.79120351	180.975110
9	14:11:18	13.22	92.910	26.880	31906.000	29.000	92.922984	19.4673651	189.386346	142.051834	7.13445995	222.951874	35	19.3739612	5.78018124	180.630664
9	14:11:32	13.46	93.580	26.800	31958.000	29.000	93.634289	19.6163834	190.836056	143.139209	7.18907264	224.658520	35	19.3739612	5.82442723	182.013351
9	14:11:47	13.71	93.030	26.860	31941.000	29.000	93.100180	19.5044876	189.747488	142.322714	7.14806471	223.377022	35	19.3739612	5.79120351	180.975110
9	14:12:03	13.97	92.420	26.930	31919.000	29.000	92.481823	19.3749418	188.487215	141.377428	7.10058838	221.893387	35	19.3739612	5.75273924	179.773101
9	14:12:18	14.22	93.350	26.830	31931.000	29.000	93.366760	19.5603362	190.290806	142.730236	7.16853227	224.016633	35	19.3739612	5.80778588	181.493309
9	14:12:32	14.46	93.240	26.840	31956.000	29.000	93.277795	19.5416980	190.109486	142.594235	7.16170167	223.803177	35	19.3739612	5.80225188	181.320371
9	14:12:47	14.72	93.090	26.860	31906.000	29.000	93.100180	19.5044876	189.747488	142.322714	7.14806471	223.377022	35	19.3739612	5.79120351	180.975110
9	14:13:03	14.97	92.960	26.870	31992.000	29.000	93.011529	19.4859154	189.566810	142.187194	7.14125831	223.164322	35	19.3739612	5.78568912	180.802785
9	14:13:18	15.22	92.750	26.890	31977.000	29.000	92.834543	19.4488368	189.206095	141.916634	7.12766963	222.739676	35	19.3739612	5.77467987	180.458746
9	14:13:32	15.46	93.570	26.800	32027.000	29.000	93.634289	19.6163834	190.836056	143.139209	7.18907264	224.658520	35	19.3739612	5.82442723	182.013351
9	14:13:48	15.72	92.160	26.960	31962.000	29.000	92.218373	19.3197491	187.950278	140.974691	7.08036116	221.261286	35	19.3739612	5.73635160	179.260987
9	14:14:03	15.97	92.870	26.880	32005.000	29.000	92.922984	19.4673651	189.386346	142.051834	7.13445995	222.951874	35	19.3739612	5.78018124	180.630664
9	14:14:18	16.22	92.730	26.900	32015.000	29.000	92.746207	19.4303303	189.026056	141.781594	7.12088732	222.527729	35	19.3739612	5.76918499	180.287031
9	14:14:33	16.47	92.650	26.910	32022.000	29.000	92.657975	19.4118457	188.846231	141.646713	7.11411301	222.316032	35	19.3739612	5.76369660	180.115519
9	14:14:47	16.71	92.760	26.890	32022.000	29.000	92.834543	19.4488368	189.206095	141.916634	7.12766963	222.739676	35	19.3739612	5.77467987	180.458746
9	14:15:03	16.97	92.740	26.900	32043.000	29.000	92.746207	19.4303303	189.026056	141.781594	7.12088732	222.527729	35	19.3739612	5.76918499	180.287031
9	14:15:18	17.22	92.510	26.920	32049.000	29.000	92.569847	19.3933829	188.666617	141.511991	7.10734670	222.104585	35	19.3739612	5.75821469	179.944209
9	14:15:32	17.47	92.790	26.890	32053.000	29.000	92.834543	19.4488368	189.206095	141.916634	7.12766963	222.739676	35	19.3739612	5.77467987	180.458746
9	14:15:48	17.72	92.730	26.900	32043.000	29.000	92.746207	19.4303303	189.026056	141.781594	7.12088732	222.527729	35	19.3739612	5.76918499	180.287031
9	14:16:02	17.96	92.470	26.930	32094.000	29.000	92.481823	19.3749418	188.487215	141.377428	7.10058838	221.893387	35	19.3739612	5.75273924	179.773101
9	14:16:17	18.21	92.490	26.920	32044.000	29.000	92.569847	19.3933829	188.666617	141.511991	7.10734670	222.104585	35	19.3739612	5.75821469	179.944209
9	14:16:33	18.47	92.940	26.870	32080.000	29.000	93.011529	19.4859154	189.566810	142.187194	7.14125831	223.164322	35	19.3739612	5.78568912	180.802785
9	14:16:48	18.72	92.920	26.880	32037.000	29.000	92.922984	19.4673651	189.386346	142.051834	7.13445995	222.951874	35	19.3739612	5.78018124	180.630664
9	14:17:03	18.97	92.630	26.910	32058.000	29.000	92.657975	19.4118457	188.846231	141.646713	7.11411301	222.316032	35	19.3739612	5.76369660	180.115519
9	14:17:17	19.21	92.370	26.940	32092.000	29.000	92.393902	19.3565225	188.308025	141.243024	7.09383802	221.682438	35	19.3739612	5.74727025	179.602195
9	14:17:33	19.47	92.640	26.910	32118.000	29.000	92.657975	19.4118457	188.846231	141.646713	7.11411301	222.316032	35	19.3739612	5.76369660	180.115519
9	14:17:47	19.72	92.460	26.930	32125.000	29.000	92.481823	19.3749418	188.487215	141.377428	7.10058838	221.893387	35	19.3739612	5.75273924	179.773101
9	14:18:02	19.96	92.270	26.950	32115.000	29.000	92.306086	19.3381250	188.129046	141.108778	7.08709561	221.471738	35	19.3739612	5.74180771	179.431491
