Chamber	Time/hh:mm:ss	Logtime/min	Oxy/% air sat.	Phase/°	Amp	Temp/°C	% air-sat.	% oxygen	pO2 (hPa)	pO2 (Torr)	cO2 [mg/L]	cO2 [µmol/L]	Salinity	chlorinity	SalCorcO2 [mg/L]	SalCorcO2 [µmol/L]
6	11:39:15	0.00	97.290	26.900	35542.000	26.000	97.378682	20.4008340	199.785321	149.851728	7.87902408	246.219502	35	19.3739612	6.42856475	200.892648
6	11:39:19	0.08	96.130	27.030	35579.000	26.000	96.183579	20.1504598	197.333408	148.012637	7.78232687	243.197715	35	19.3739612	6.34966865	198.427145
6	11:39:34	0.33	97.210	26.910	35564.000	26.000	97.286100	20.3814380	199.595376	149.709257	7.87153314	245.985411	35	19.3739612	6.42245283	200.701651
6	11:39:49	0.57	96.370	27.000	35605.000	26.000	96.457751	20.2078989	197.895909	148.434548	7.80451047	243.890952	35	19.3739612	6.36776844	198.992764
6	11:40:04	0.83	96.650	26.970	35556.000	26.000	96.732893	20.2655410	198.460398	148.857951	7.82677248	244.586640	35	19.3739612	6.38593221	199.560382
6	11:40:19	1.08	96.980	26.940	35567.000	26.000	97.009008	20.3233871	199.026884	149.282852	7.84911325	245.284789	35	19.3739612	6.40416025	200.130008
6	11:40:34	1.33	96.360	27.010	35615.000	26.000	96.366253	20.1887300	197.708188	148.293746	7.79710724	243.659601	35	19.3739612	6.36172808	198.804003
6	11:40:49	1.58	96.400	27.000	35630.000	26.000	96.457751	20.2078989	197.895909	148.434548	7.80451047	243.890952	35	19.3739612	6.36776844	198.992764
6	11:41:04	1.83	95.810	27.070	35635.000	26.000	95.819516	20.0741886	196.586484	147.452397	7.75287010	242.277191	35	19.3739612	6.32563462	197.676082
6	11:41:19	2.08	96.130	27.030	35597.000	26.000	96.183579	20.1504598	197.333408	148.012637	7.78232687	243.197715	35	19.3739612	6.34966865	198.427145
6	11:41:34	2.33	95.980	27.050	35633.000	26.000	96.001334	20.1122794	196.959507	147.732188	7.76758119	242.736912	35	19.3739612	6.33763752	198.051173
6	11:41:49	2.57	96.220	27.020	35605.000	26.000	96.274862	20.1695837	197.520688	148.153109	7.78971271	243.428522	35	19.3739612	6.35569482	198.615463
6	11:42:04	2.83	96.150	27.030	35625.000	26.000	96.183579	20.1504598	197.333408	148.012637	7.78232687	243.197715	35	19.3739612	6.34966865	198.427145
6	11:42:19	3.07	95.910	27.050	35647.000	26.000	96.001334	20.1122794	196.959507	147.732188	7.76758119	242.736912	35	19.3739612	6.33763752	198.051173
6	11:42:34	3.32	96.090	27.040	35650.000	26.000	96.092403	20.1313584	197.146348	147.872330	7.77494970	242.967178	35	19.3739612	6.34364955	198.239048
6	11:42:49	3.58	96.520	26.990	35619.000	26.000	96.549357	20.2270903	198.083850	148.575517	7.81192241	244.122575	35	19.3739612	6.37381591	199.181747
6	11:43:04	3.83	96.500	26.990	35635.000	26.000	96.549357	20.2270903	198.083850	148.575517	7.81192241	244.122575	35	19.3739612	6.37381591	199.181747
6	11:43:19	4.08	96.750	26.960	35625.000	26.000	96.824823	20.2848003	198.649004	148.999418	7.83421063	244.819082	35	19.3739612	6.39200107	199.750033
6	11:43:34	4.33	96.540	26.990	35666.000	26.000	96.549357	20.2270903	198.083850	148.575517	7.81192241	244.122575	35	19.3739612	6.37381591	199.181747
6	11:43:49	4.58	95.540	27.100	35648.000	26.000	95.547588	20.0172198	196.028588	147.033939	7.73086811	241.589628	35	19.3739612	6.30768300	197.115094
6	11:44:04	4.83	95.330	27.120	35661.000	26.000	95.366834	19.9793517	195.657746	146.755784	7.71624305	241.132595	35	19.3739612	6.29575029	196.742196
6	11:44:19	5.08	96.440	27.000	35676.000	26.000	96.457751	20.2078989	197.895909	148.434548	7.80451047	243.890952	35	19.3739612	6.36776844	198.992764
6	11:44:34	5.33	96.030	27.040	35706.000	26.000	96.092403	20.1313584	197.146348	147.872330	7.77494970	242.967178	35	19.3739612	6.34364955	198.239048
6	11:44:49	5.58	96.160	27.030	35679.000	26.000	96.183579	20.1504598	197.333408	148.012637	7.78232687	243.197715	35	19.3739612	6.34966865	198.427145
6	11:45:04	5.83	96.200	27.020	35660.000	26.000	96.274862	20.1695837	197.520688	148.153109	7.78971271	243.428522	35	19.3739612	6.35569482	198.615463
6	11:45:19	6.08	96.200	27.020	35705.000	26.000	96.274862	20.1695837	197.520688	148.153109	7.78971271	243.428522	35	19.3739612	6.35569482	198.615463
6	11:45:34	6.33	95.810	27.070	35741.000	26.000	95.819516	20.0741886	196.586484	147.452397	7.75287010	242.277191	35	19.3739612	6.32563462	197.676082
6	11:45:49	6.58	95.810	27.070	35728.000	26.000	95.819516	20.0741886	196.586484	147.452397	7.75287010	242.277191	35	19.3739612	6.32563462	197.676082
6	11:46:04	6.82	95.060	27.150	35726.000	26.000	95.096495	19.9227157	195.103110	146.339772	7.69436962	240.449051	35	19.3739612	6.27790356	196.184486
6	11:46:19	7.08	95.420	27.110	35735.000	26.000	95.457158	19.9982746	195.843059	146.894780	7.72355129	241.360978	35	19.3739612	6.30171314	196.928536
6	11:46:34	7.32	96.050	27.040	35762.000	26.000	96.092403	20.1313584	197.146348	147.872330	7.77494970	242.967178	35	19.3739612	6.34364955	198.239048
6	11:46:49	7.58	95.230	27.130	35732.000	26.000	95.276615	19.9604509	195.472651	146.616951	7.70894337	240.904480	35	19.3739612	6.28979441	196.556075
6	11:47:04	7.82	95.020	27.150	35750.000	26.000	95.096495	19.9227157	195.103110	146.339772	7.69436962	240.449051	35	19.3739612	6.27790356	196.184486
6	11:47:19	8.08	95.780	27.070	35775.000	26.000	95.819516	20.0741886	196.586484	147.452397	7.75287010	242.277191	35	19.3739612	6.32563462	197.676082
6	11:47:34	8.32	95.590	27.090	35739.000	26.000	95.638125	20.0361871	196.214335	147.173261	7.73819350	241.818547	35	19.3739612	6.31365985	197.301870
6	11:47:49	8.57	95.150	27.140	35772.000	26.000	95.186503	19.9415723	195.287773	146.478280	7.70165223	240.676632	35	19.3739612	6.28384550	196.370172
6	11:48:04	8.83	95.370	27.110	35778.000	26.000	95.457158	19.9982746	195.843059	146.894780	7.72355129	241.360978	35	19.3739612	6.30171314	196.928536
6	11:48:19	9.08	95.510	27.100	35771.000	26.000	95.547588	20.0172198	196.028588	147.033939	7.73086811	241.589628	35	19.3739612	6.30768300	197.115094
6	11:48:34	9.33	95.660	27.080	35802.000	26.000	95.728767	20.0551767	196.400301	147.312747	7.74552750	242.047734	35	19.3739612	6.31964372	197.488866
6	11:48:49	9.57	95.520	27.100	35813.000	26.000	95.547588	20.0172198	196.028588	147.033939	7.73086811	241.589628	35	19.3739612	6.30768300	197.115094
6	11:49:04	9.83	95.060	27.150	35784.000	26.000	95.096495	19.9227157	195.103110	146.339772	7.69436962	240.449051	35	19.3739612	6.27790356	196.184486
6	11:49:19	10.08	95.220	27.130	35844.000	26.000	95.276615	19.9604509	195.472651	146.616951	7.70894337	240.904480	35	19.3739612	6.28979441	196.556075
6	11:49:34	10.32	95.300	27.120	35797.000	26.000	95.366834	19.9793517	195.657746	146.755784	7.71624305	241.132595	35	19.3739612	6.29575029	196.742196
6	11:49:49	10.58	95.270	27.130	35815.000	26.000	95.276615	19.9604509	195.472651	146.616951	7.70894337	240.904480	35	19.3739612	6.28979441	196.556075
6	11:50:04	10.82	95.450	27.110	35880.000	26.000	95.457158	19.9982746	195.843059	146.894780	7.72355129	241.360978	35	19.3739612	6.30171314	196.928536
6	11:50:19	11.08	95.480	27.100	35853.000	26.000	95.547588	20.0172198	196.028588	147.033939	7.73086811	241.589628	35	19.3739612	6.30768300	197.115094
6	11:50:34	11.33	95.610	27.090	35840.000	26.000	95.638125	20.0361871	196.214335	147.173261	7.73819350	241.818547	35	19.3739612	6.31365985	197.301870
6	11:50:49	11.58	94.880	27.170	35864.000	26.000	94.916796	19.8850688	194.734434	146.063241	7.67982996	239.994686	35	19.3739612	6.26604052	195.813766
6	11:51:04	11.83	94.800	27.180	35828.000	26.000	94.827104	19.8662783	194.550419	145.925218	7.67257288	239.767902	35	19.3739612	6.26011941	195.628731
6	11:51:19	12.08	95.160	27.140	35865.000	26.000	95.186503	19.9415723	195.287773	146.478280	7.70165223	240.676632	35	19.3739612	6.28384550	196.370172
6	11:51:34	12.33	95.110	27.140	35940.000	26.000	95.186503	19.9415723	195.287773	146.478280	7.70165223	240.676632	35	19.3739612	6.28384550	196.370172
6	11:51:49	12.58	95.290	27.120	35889.000	26.000	95.366834	19.9793517	195.657746	146.755784	7.71624305	241.132595	35	19.3739612	6.29575029	196.742196
6	11:52:04	12.83	95.270	27.130	35901.000	26.000	95.276615	19.9604509	195.472651	146.616951	7.70894337	240.904480	35	19.3739612	6.28979441	196.556075
6	11:52:19	13.08	95.230	27.130	35915.000	26.000	95.276615	19.9604509	195.472651	146.616951	7.70894337	240.904480	35	19.3739612	6.28979441	196.556075
6	11:52:34	13.33	94.890	27.170	35895.000	26.000	94.916796	19.8850688	194.734434	146.063241	7.67982996	239.994686	35	19.3739612	6.26604052	195.813766
6	11:52:49	13.58	94.750	27.180	35942.000	26.000	94.827104	19.8662783	194.550419	145.925218	7.67257288	239.767902	35	19.3739612	6.26011941	195.628731
6	11:53:04	13.83	94.330	27.230	35960.000	26.000	94.380214	19.7726548	193.633564	145.237518	7.63641445	238.637951	35	19.3739612	6.23061743	194.706795
6	11:53:19	14.07	94.850	27.170	35950.000	26.000	94.916796	19.8850688	194.734434	146.063241	7.67982996	239.994686	35	19.3739612	6.26604052	195.813766
6	11:53:34	14.33	94.630	27.200	35942.000	26.000	94.648035	19.8287632	194.183034	145.649656	7.65808415	239.315130	35	19.3739612	6.24829792	195.259310
6	11:53:49	14.58	94.620	27.200	35949.000	26.000	94.648035	19.8287632	194.183034	145.649656	7.65808415	239.315130	35	19.3739612	6.24829792	195.259310
6	11:54:04	14.83	95.170	27.140	35992.000	26.000	95.186503	19.9415723	195.287773	146.478280	7.70165223	240.676632	35	19.3739612	6.28384550	196.370172
6	11:54:19	15.08	94.370	27.230	35947.000	26.000	94.380214	19.7726548	193.633564	145.237518	7.63641445	238.637951	35	19.3739612	6.23061743	194.706795
6	11:54:34	15.33	94.840	27.170	35966.000	26.000	94.916796	19.8850688	194.734434	146.063241	7.67982996	239.994686	35	19.3739612	6.26604052	195.813766
6	11:54:49	15.58	93.970	27.270	35988.000	26.000	94.024575	19.6981486	192.903925	144.690242	7.60763934	237.738729	35	19.3739612	6.20713956	193.973111
6	11:55:04	15.83	94.600	27.200	35948.000	26.000	94.648035	19.8287632	194.183034	145.649656	7.65808415	239.315130	35	19.3739612	6.24829792	195.259310
6	11:55:19	16.08	94.100	27.260	35955.000	26.000	94.113330	19.7167425	193.086015	144.826822	7.61482053	237.963141	35	19.3739612	6.21299876	194.156211
6	11:55:34	16.33	94.430	27.220	36029.000	26.000	94.469383	19.7913358	193.816507	145.374737	7.64362924	238.863414	35	19.3739612	6.23650404	194.890751
6	11:55:49	16.58	93.500	27.320	36023.000	26.000	93.582354	19.6055032	191.996648	144.009727	7.57185868	236.620584	35	19.3739612	6.17794581	193.060807
6	11:56:04	16.82	94.000	27.270	36022.000	26.000	94.024575	19.6981486	192.903925	144.690242	7.60763934	237.738729	35	19.3739612	6.20713956	193.973111
6	11:56:19	17.08	94.060	27.260	36018.000	26.000	94.113330	19.7167425	193.086015	144.826822	7.61482053	237.963141	35	19.3739612	6.21299876	194.156211
6	11:56:34	17.32	94.180	27.250	36067.000	26.000	94.202187	19.7353582	193.268318	144.963561	7.62201010	238.187816	35	19.3739612	6.21886480	194.339525
6	11:56:49	17.58	94.210	27.240	36060.000	26.000	94.291148	19.7539956	193.450835	145.100459	7.62920807	238.412752	35	19.3739612	6.22473768	194.523053
6	11:57:04	17.83	94.000	27.270	36086.000	26.000	94.024575	19.6981486	192.903925	144.690242	7.60763934	237.738729	35	19.3739612	6.20713956	193.973111
6	11:57:19	18.08	94.460	27.220	36105.000	26.000	94.469383	19.7913358	193.816507	145.374737	7.64362924	238.863414	35	19.3739612	6.23650404	194.890751
6	11:57:34	18.33	94.220	27.240	36040.000	26.000	94.291148	19.7539956	193.450835	145.100459	7.62920807	238.412752	35	19.3739612	6.22473768	194.523053
6	11:57:49	18.58	94.660	27.190	36083.000	26.000	94.737517	19.8475098	194.366619	145.787356	7.66532428	239.541384	35	19.3739612	6.25420521	195.443913
6	11:58:04	18.83	93.980	27.270	36119.000	26.000	94.024575	19.6981486	192.903925	144.690242	7.60763934	237.738729	35	19.3739612	6.20713956	193.973111
6	11:58:19	19.08	93.940	27.270	36124.000	26.000	94.024575	19.6981486	192.903925	144.690242	7.60763934	237.738729	35	19.3739612	6.20713956	193.973111
6	11:58:34	19.32	94.120	27.250	36097.000	26.000	94.202187	19.7353582	193.268318	144.963561	7.62201010	238.187816	35	19.3739612	6.21886480	194.339525
6	11:58:49	19.58	93.420	27.330	36132.000	26.000	93.494218	19.5870388	191.815827	143.874099	7.56472752	236.397735	35	19.3739612	6.17212744	192.878982
6	11:59:04	19.83	93.640	27.310	36075.000	26.000	93.670592	19.6239891	192.177681	144.145513	7.57899814	236.843692	35	19.3739612	6.18377096	193.242843
6	11:59:19	20.08	93.190	27.360	36104.000	26.000	93.230426	19.5317743	191.274621	143.468161	7.54338377	235.730743	35	19.3739612	6.15471288	192.334778
6	11:59:34	20.32	93.980	27.270	36125.000	26.000	94.024575	19.6981486	192.903925	144.690242	7.60763934	237.738729	35	19.3739612	6.20713956	193.973111
6	11:59:49	20.58	93.950	27.270	36155.000	26.000	94.024575	19.6981486	192.903925	144.690242	7.60763934	237.738729	35	19.3739612	6.20713956	193.973111
6	12:00:04	20.83	94.060	27.260	36158.000	26.000	94.113330	19.7167425	193.086015	144.826822	7.61482053	237.963141	35	19.3739612	6.21299876	194.156211
