Chamber	Time/hh:mm:ss	Logtime/min	Oxy/% air sat.	Phase/°	Amp	Temp/°C	% air-sat.	% oxygen	pO2 (hPa)	pO2 (Torr)	cO2 [mg/L]	cO2 [µmol/L]	Salinity	chlorinity	SalCorcO2 [mg/L]	SalCorcO2 [µmol/L]
2	15:41:02	0.00	95.450	26.100	12918.000	32.000	95.472086	20.0014019	193.079312	144.821794	6.96989630	217.809260	35	19.3739612	5.56533376	173.916680
2	15:41:17	0.25	95.720	26.070	12914.000	32.000	95.750589	20.0597484	193.642547	145.244256	6.99022833	218.444635	35	19.3739612	5.58156851	174.424016
2	15:41:32	0.50	95.550	26.090	12898.000	32.000	95.564808	20.0208272	193.266829	144.962444	6.97666543	218.020795	35	19.3739612	5.57073878	174.085587
2	15:41:47	0.75	95.550	26.090	12878.000	32.000	95.564808	20.0208272	193.266829	144.962444	6.97666543	218.020795	35	19.3739612	5.57073878	174.085587
2	15:42:02	1.00	96.210	26.020	12897.000	32.000	96.217022	20.1574660	194.585843	145.951788	7.02428002	219.508751	35	19.3739612	5.60875815	175.273692
2	15:42:17	1.25	96.420	25.990	12884.000	32.000	96.498244	20.2163822	195.154578	146.378376	7.04481056	220.150330	35	19.3739612	5.62515142	175.785982
2	15:42:32	1.50	95.860	26.050	12895.000	32.000	95.936822	20.0987643	194.019178	145.526754	7.00382420	218.869506	35	19.3739612	5.59242456	174.763267
2	15:42:47	1.75	95.190	26.130	12882.000	32.000	95.194593	19.9432673	192.518121	144.400865	6.94963810	217.176191	35	19.3739612	5.54915796	173.411186
2	15:43:02	2.00	95.980	26.040	12917.000	32.000	96.030109	20.1183078	194.207837	145.668260	7.01063452	219.082329	35	19.3739612	5.59786248	174.933202
2	15:43:17	2.25	95.550	26.090	12913.000	32.000	95.564808	20.0208272	193.266829	144.962444	6.97666543	218.020795	35	19.3739612	5.57073878	174.085587
2	15:43:32	2.50	94.770	26.170	12861.000	32.000	94.826168	19.8660823	191.773032	143.842000	6.92274141	216.335669	35	19.3739612	5.52768145	172.740045
2	15:43:47	2.75	95.660	26.070	12872.000	32.000	95.750589	20.0597484	193.642547	145.244256	6.99022833	218.444635	35	19.3739612	5.58156851	174.424016
2	15:44:02	3.00	95.920	26.050	12879.000	32.000	95.936822	20.0987643	194.019178	145.526754	7.00382420	218.869506	35	19.3739612	5.59242456	174.763267
2	15:44:17	3.25	95.370	26.110	12905.000	32.000	95.379476	19.9820002	192.892021	144.681314	6.96313538	217.597981	35	19.3739612	5.55993529	173.747978
2	15:44:32	3.50	95.810	26.060	12919.000	32.000	95.843649	20.0792445	193.830749	145.385419	6.99702214	218.656942	35	19.3739612	5.58699324	174.593539
2	15:44:47	3.75	95.100	26.140	12899.000	32.000	95.102320	19.9239360	192.331510	144.260895	6.94290171	216.965678	35	19.3739612	5.54377908	173.243096
2	15:45:02	4.00	94.700	26.180	12861.000	32.000	94.734341	19.8468444	191.587323	143.702707	6.91603756	216.126174	35	19.3739612	5.52232855	172.572767
2	15:45:17	4.25	95.170	26.130	12966.000	32.000	95.194593	19.9432673	192.518121	144.400865	6.94963810	217.176191	35	19.3739612	5.54915796	173.411186
2	15:45:32	4.50	95.950	26.040	12882.000	32.000	96.030109	20.1183078	194.207837	145.668260	7.01063452	219.082329	35	19.3739612	5.59786248	174.933202
2	15:45:47	4.75	95.890	26.050	12867.000	32.000	95.936822	20.0987643	194.019178	145.526754	7.00382420	218.869506	35	19.3739612	5.59242456	174.763267
2	15:46:02	5.00	96.140	26.020	12874.000	32.000	96.217022	20.1574660	194.585843	145.951788	7.02428002	219.508751	35	19.3739612	5.60875815	175.273692
2	15:46:17	5.25	95.750	26.060	12892.000	32.000	95.843649	20.0792445	193.830749	145.385419	6.99702214	218.656942	35	19.3739612	5.58699324	174.593539
2	15:46:32	5.50	95.250	26.120	12886.000	32.000	95.286979	19.9626220	192.704958	144.541004	6.95638265	217.386958	35	19.3739612	5.55454336	173.579480
2	15:46:47	5.75	96.140	26.020	12874.000	32.000	96.217022	20.1574660	194.585843	145.951788	7.02428002	219.508751	35	19.3739612	5.60875815	175.273692
2	15:47:02	6.00	95.180	26.130	12908.000	32.000	95.194593	19.9432673	192.518121	144.400865	6.94963810	217.176191	35	19.3739612	5.54915796	173.411186
2	15:47:17	6.25	95.760	26.060	12894.000	32.000	95.843649	20.0792445	193.830749	145.385419	6.99702214	218.656942	35	19.3739612	5.58699324	174.593539
2	15:47:32	6.50	95.570	26.080	12860.000	32.000	95.657642	20.0402760	193.454574	145.103264	6.98344277	218.232586	35	19.3739612	5.57615036	174.254699
2	15:47:47	6.75	95.320	26.110	12866.000	32.000	95.379476	19.9820002	192.892021	144.681314	6.96313538	217.597981	35	19.3739612	5.55993529	173.747978
2	15:48:02	7.00	96.450	25.990	12892.000	32.000	96.498244	20.2163822	195.154578	146.378376	7.04481056	220.150330	35	19.3739612	5.62515142	175.785982
2	15:48:17	7.25	95.710	26.070	12805.000	32.000	95.750589	20.0597484	193.642547	145.244256	6.99022833	218.444635	35	19.3739612	5.58156851	174.424016
2	15:48:32	7.50	94.670	26.180	12878.000	32.000	94.734341	19.8468444	191.587323	143.702707	6.91603756	216.126174	35	19.3739612	5.52232855	172.572767
2	15:48:47	7.75	95.010	26.140	12841.000	32.000	95.102320	19.9239360	192.331510	144.260895	6.94290171	216.965678	35	19.3739612	5.54377908	173.243096
2	15:49:02	8.00	95.050	26.140	12877.000	32.000	95.102320	19.9239360	192.331510	144.260895	6.94290171	216.965678	35	19.3739612	5.54377908	173.243096
2	15:49:17	8.25	96.040	26.030	12849.000	32.000	96.123508	20.1378750	194.396725	145.809938	7.01745312	219.295410	35	19.3739612	5.60330701	175.103344
2	15:49:32	8.50	95.790	26.060	12831.000	32.000	95.843649	20.0792445	193.830749	145.385419	6.99702214	218.656942	35	19.3739612	5.58699324	174.593539
2	15:49:47	8.75	95.600	26.080	12871.000	32.000	95.657642	20.0402760	193.454574	145.103264	6.98344277	218.232586	35	19.3739612	5.57615036	174.254699
2	15:50:02	9.00	97.000	25.930	12865.000	32.000	97.063780	20.3348619	196.298297	147.236238	7.08609722	221.440538	35	19.3739612	5.65811805	176.816189
2	15:50:17	9.25	95.060	26.140	12886.000	32.000	95.102320	19.9239360	192.331510	144.260895	6.94290171	216.965678	35	19.3739612	5.54377908	173.243096
2	15:50:32	9.50	95.830	26.060	12852.000	32.000	95.843649	20.0792445	193.830749	145.385419	6.99702214	218.656942	35	19.3739612	5.58699324	174.593539
2	15:50:47	9.75	95.200	26.120	12859.000	32.000	95.286979	19.9626220	192.704958	144.541004	6.95638265	217.386958	35	19.3739612	5.55454336	173.579480
2	15:51:02	10.00	95.670	26.070	12852.000	32.000	95.750589	20.0597484	193.642547	145.244256	6.99022833	218.444635	35	19.3739612	5.58156851	174.424016
2	15:51:17	10.25	95.590	26.080	12867.000	32.000	95.657642	20.0402760	193.454574	145.103264	6.98344277	218.232586	35	19.3739612	5.57615036	174.254699
2	15:51:32	10.50	96.170	26.020	12830.000	32.000	96.217022	20.1574660	194.585843	145.951788	7.02428002	219.508751	35	19.3739612	5.60875815	175.273692
2	15:51:47	10.75	93.900	26.270	12845.000	32.000	93.912864	19.6747451	189.925999	142.456608	6.85606606	214.252064	35	19.3739612	5.47444241	171.076325
2	15:52:02	11.00	94.890	26.160	12880.000	32.000	94.918107	19.8853435	191.958966	143.981463	6.92945338	216.545418	35	19.3739612	5.53304083	172.907526
2	15:52:17	11.25	95.690	26.070	12821.000	32.000	95.750589	20.0597484	193.642547	145.244256	6.99022833	218.444635	35	19.3739612	5.58156851	174.424016
2	15:52:32	11.50	95.120	26.130	12857.000	32.000	95.194593	19.9432673	192.518121	144.400865	6.94963810	217.176191	35	19.3739612	5.54915796	173.411186
2	15:52:47	11.75	96.470	25.990	12836.000	32.000	96.498244	20.2163822	195.154578	146.378376	7.04481056	220.150330	35	19.3739612	5.62515142	175.785982
2	15:53:02	12.00	95.040	26.140	12836.000	32.000	95.102320	19.9239360	192.331510	144.260895	6.94290171	216.965678	35	19.3739612	5.54377908	173.243096
2	15:53:17	12.25	95.920	26.050	12866.000	32.000	95.936822	20.0987643	194.019178	145.526754	7.00382420	218.869506	35	19.3739612	5.59242456	174.763267
2	15:53:32	12.50	95.380	26.100	12835.000	32.000	95.472086	20.0014019	193.079312	144.821794	6.96989630	217.809260	35	19.3739612	5.56533376	173.916680
2	15:53:47	12.75	96.620	25.970	12828.000	32.000	96.686297	20.2557793	195.534890	146.663634	7.05853928	220.579352	35	19.3739612	5.63611354	176.128548
2	15:54:02	13.00	96.950	25.940	12799.000	32.000	96.969237	20.3150551	196.107096	147.092825	7.07919514	221.224848	35	19.3739612	5.65260687	176.643965
2	15:54:17	13.25	95.070	26.140	12844.000	32.000	95.102320	19.9239360	192.331510	144.260895	6.94290171	216.965678	35	19.3739612	5.54377908	173.243096
2	15:54:32	13.50	95.630	26.080	12834.000	32.000	95.657642	20.0402760	193.454574	145.103264	6.98344277	218.232586	35	19.3739612	5.57615036	174.254699
2	15:54:47	13.75	96.460	25.990	12825.000	32.000	96.498244	20.2163822	195.154578	146.378376	7.04481056	220.150330	35	19.3739612	5.62515142	175.785982
2	15:55:02	14.00	95.120	26.130	12824.000	32.000	95.194593	19.9432673	192.518121	144.400865	6.94963810	217.176191	35	19.3739612	5.54915796	173.411186
2	15:55:17	14.25	96.770	25.960	12843.000	32.000	96.780496	20.2755138	195.725393	146.806523	7.06541618	220.794256	35	19.3739612	5.64160462	176.300144
2	15:55:32	14.50	95.760	26.060	12827.000	32.000	95.843649	20.0792445	193.830749	145.385419	6.99702214	218.656942	35	19.3739612	5.58699324	174.593539
2	15:55:47	14.75	95.080	26.140	12835.000	32.000	95.102320	19.9239360	192.331510	144.260895	6.94290171	216.965678	35	19.3739612	5.54377908	173.243096
2	15:56:02	15.00	95.920	26.050	12815.000	32.000	95.936822	20.0987643	194.019178	145.526754	7.00382420	218.869506	35	19.3739612	5.59242456	174.763267
2	15:56:17	15.25	95.600	26.080	12798.000	32.000	95.657642	20.0402760	193.454574	145.103264	6.98344277	218.232586	35	19.3739612	5.57615036	174.254699
2	15:56:32	15.50	95.100	26.140	12854.000	32.000	95.102320	19.9239360	192.331510	144.260895	6.94290171	216.965678	35	19.3739612	5.54377908	173.243096
2	15:56:47	15.75	94.740	26.170	12856.000	32.000	94.826168	19.8660823	191.773032	143.842000	6.92274141	216.335669	35	19.3739612	5.52768145	172.740045
2	15:57:02	16.00	95.130	26.130	12832.000	32.000	95.194593	19.9432673	192.518121	144.400865	6.94963810	217.176191	35	19.3739612	5.54915796	173.411186
2	15:57:17	16.25	95.300	26.110	12805.000	32.000	95.379476	19.9820002	192.892021	144.681314	6.96313538	217.597981	35	19.3739612	5.55993529	173.747978
2	15:57:32	16.50	94.560	26.190	12820.000	32.000	94.642624	19.8276297	191.401838	143.563581	6.90934181	215.916932	35	19.3739612	5.51698212	172.405691
2	15:57:47	16.75	95.590	26.080	12835.000	32.000	95.657642	20.0402760	193.454574	145.103264	6.98344277	218.232586	35	19.3739612	5.57615036	174.254699
2	15:58:02	17.00	95.690	26.070	12849.000	32.000	95.750589	20.0597484	193.642547	145.244256	6.99022833	218.444635	35	19.3739612	5.58156851	174.424016
2	15:58:17	17.25	95.730	26.070	12839.000	32.000	95.750589	20.0597484	193.642547	145.244256	6.99022833	218.444635	35	19.3739612	5.58156851	174.424016
2	15:58:32	17.50	95.650	26.080	12876.000	32.000	95.657642	20.0402760	193.454574	145.103264	6.98344277	218.232586	35	19.3739612	5.57615036	174.254699
2	15:58:47	17.75	96.140	26.020	12818.000	32.000	96.217022	20.1574660	194.585843	145.951788	7.02428002	219.508751	35	19.3739612	5.60875815	175.273692
2	15:59:02	18.00	95.020	26.140	12819.000	32.000	95.102320	19.9239360	192.331510	144.260895	6.94290171	216.965678	35	19.3739612	5.54377908	173.243096
2	15:59:17	18.25	95.260	26.120	12835.000	32.000	95.286979	19.9626220	192.704958	144.541004	6.95638265	217.386958	35	19.3739612	5.55454336	173.579480
2	15:59:32	18.50	94.140	26.240	12880.000	32.000	94.185698	19.7319038	190.477768	142.870470	6.87598419	214.874506	35	19.3739612	5.49034667	171.573333
2	15:59:47	18.75	95.910	26.050	12832.000	32.000	95.936822	20.0987643	194.019178	145.526754	7.00382420	218.869506	35	19.3739612	5.59242456	174.763267
2	16:00:02	19.00	94.470	26.200	12847.000	32.000	94.551018	19.8084382	191.216577	143.424624	6.90265415	215.707942	35	19.3739612	5.51164214	172.238817
