Chamber	Time/hh:mm:ss	Logtime/min	Oxy/% air sat.	Phase/°	Amp	Temp/°C	% air-sat.	% oxygen	pO2 (hPa)	pO2 (Torr)	cO2 [mg/L]	cO2 [µmol/L]	Salinity	chlorinity	SalCorcO2 [mg/L]	SalCorcO2 [µmol/L]
2	9:53:26	0.00	97.550	27.580	16008.000	22.000	97.588161	20.4447197	201.685783	151.277196	8.50123761	265.663675	35	19.3739612	6.94313838	216.973074
2	9:53:36	0.18	96.710	27.670	15995.000	22.000	96.770130	20.2733423	199.995157	150.009118	8.42997618	263.436756	35	19.3739612	6.88493769	215.154303
2	9:53:51	0.42	96.780	27.660	16008.000	22.000	96.860604	20.2922966	200.182140	150.149368	8.43785770	263.683053	35	19.3739612	6.89137468	215.355459
2	9:54:06	0.68	96.350	27.710	16002.000	22.000	96.409272	20.1977425	199.249370	149.449731	8.39854061	262.454394	35	19.3739612	6.85926360	214.351987
2	9:54:21	0.92	95.030	27.860	15987.000	22.000	95.070712	19.9173142	196.482964	147.374750	8.28193407	258.810440	35	19.3739612	6.76402860	211.375894
2	9:54:36	1.17	97.000	27.640	15982.000	22.000	97.041865	20.3302708	200.556753	150.430351	8.45364796	264.176499	35	19.3739612	6.90427092	215.758466
2	9:54:51	1.42	96.580	27.690	15988.000	22.000	96.589494	20.2354989	199.621835	149.729103	8.41424033	262.945010	35	19.3739612	6.87208589	214.752684
2	9:55:06	1.67	95.770	27.780	15994.000	22.000	95.781746	20.0662758	197.952460	148.476966	8.34387468	260.746084	35	19.3739612	6.81461679	212.956775
2	9:55:21	1.92	96.510	27.690	16016.000	22.000	96.589494	20.2354989	199.621835	149.729103	8.41424033	262.945010	35	19.3739612	6.87208589	214.752684
2	9:55:36	2.17	95.920	27.760	15983.000	22.000	95.960525	20.1037300	198.321944	148.754102	8.35944874	261.232773	35	19.3739612	6.82733645	213.354264
2	9:55:51	2.42	96.220	27.730	15973.000	22.000	96.229464	20.1600728	198.877761	149.171000	8.38287693	261.964904	35	19.3739612	6.84647074	213.952211
2	9:56:06	2.67	97.080	27.630	15989.000	22.000	97.132652	20.3492907	200.744383	150.571086	8.46155674	264.423648	35	19.3739612	6.91073019	215.960318
2	9:56:21	2.92	96.650	27.680	15972.000	22.000	96.679760	20.2544097	199.808389	149.869030	8.42210373	263.190742	35	19.3739612	6.87850809	214.953378
2	9:56:36	3.17	96.130	27.740	15984.000	22.000	96.139715	20.1412703	198.692276	149.031874	8.37505857	261.720580	35	19.3739612	6.84008532	213.752666
2	9:56:51	3.42	96.550	27.690	16003.000	22.000	96.589494	20.2354989	199.621835	149.729103	8.41424033	262.945010	35	19.3739612	6.87208589	214.752684
2	9:57:06	3.67	96.300	27.720	15997.000	22.000	96.319317	20.1788968	199.063459	149.310286	8.39070427	262.209508	35	19.3739612	6.85286350	214.151984
2	9:57:21	3.92	95.200	27.840	15977.000	22.000	95.247861	19.9544268	196.849077	147.649358	8.29736609	259.292690	35	19.3739612	6.77663225	211.769758
2	9:57:36	4.17	96.270	27.720	15991.000	22.000	96.319317	20.1788968	199.063459	149.310286	8.39070427	262.209508	35	19.3739612	6.85286350	214.151984
2	9:57:51	4.42	96.180	27.730	15991.000	22.000	96.229464	20.1600728	198.877761	149.171000	8.38287693	261.964904	35	19.3739612	6.84647074	213.952211
2	9:58:06	4.67	95.610	27.790	15977.000	22.000	95.692510	20.0475809	197.768036	148.338636	8.33610103	260.503157	35	19.3739612	6.80826789	212.758372
2	9:58:21	4.92	95.740	27.780	15970.000	22.000	95.781746	20.0662758	197.952460	148.476966	8.34387468	260.746084	35	19.3739612	6.81461679	212.956775
2	9:58:36	5.18	96.340	27.710	15997.000	22.000	96.409272	20.1977425	199.249370	149.449731	8.39854061	262.454394	35	19.3739612	6.85926360	214.351987
2	9:58:51	5.42	96.320	27.710	15972.000	22.000	96.409272	20.1977425	199.249370	149.449731	8.39854061	262.454394	35	19.3739612	6.85926360	214.351987
2	9:59:06	5.67	95.970	27.750	15967.000	22.000	96.050069	20.1224894	198.507003	148.892908	8.36724917	261.476537	35	19.3739612	6.83370723	213.553351
2	9:59:21	5.92	96.460	27.700	15996.000	22.000	96.499331	20.2166099	199.435496	149.589337	8.40638596	262.699561	35	19.3739612	6.86567106	214.552221
2	9:59:36	6.17	95.920	27.760	15968.000	22.000	95.960525	20.1037300	198.321944	148.754102	8.35944874	261.232773	35	19.3739612	6.82733645	213.354264
2	9:59:51	6.42	95.760	27.780	15982.000	22.000	95.781746	20.0662758	197.952460	148.476966	8.34387468	260.746084	35	19.3739612	6.81461679	212.956775
2	10:00:06	6.67	96.530	27.690	15981.000	22.000	96.589494	20.2354989	199.621835	149.729103	8.41424033	262.945010	35	19.3739612	6.87208589	214.752684
2	10:00:21	6.92	95.740	27.780	15989.000	22.000	95.781746	20.0662758	197.952460	148.476966	8.34387468	260.746084	35	19.3739612	6.81461679	212.956775
2	10:00:36	7.17	96.490	27.700	15963.000	22.000	96.499331	20.2166099	199.435496	149.589337	8.40638596	262.699561	35	19.3739612	6.86567106	214.552221
2	10:00:51	7.42	96.270	27.720	15973.000	22.000	96.319317	20.1788968	199.063459	149.310286	8.39070427	262.209508	35	19.3739612	6.85286350	214.151984
2	10:01:06	7.67	96.710	27.670	15973.000	22.000	96.770130	20.2733423	199.995157	150.009118	8.42997618	263.436756	35	19.3739612	6.88493769	215.154303
2	10:01:21	7.92	96.380	27.710	15971.000	22.000	96.409272	20.1977425	199.249370	149.449731	8.39854061	262.454394	35	19.3739612	6.85926360	214.351987
2	10:01:36	8.17	96.370	27.710	15983.000	22.000	96.409272	20.1977425	199.249370	149.449731	8.39854061	262.454394	35	19.3739612	6.85926360	214.351987
2	10:01:51	8.42	96.120	27.740	15976.000	22.000	96.139715	20.1412703	198.692276	149.031874	8.37505857	261.720580	35	19.3739612	6.84008532	213.752666
2	10:02:06	8.67	96.470	27.700	15953.000	22.000	96.499331	20.2166099	199.435496	149.589337	8.40638596	262.699561	35	19.3739612	6.86567106	214.552221
2	10:02:21	8.92	96.010	27.750	15952.000	22.000	96.050069	20.1224894	198.507003	148.892908	8.36724917	261.476537	35	19.3739612	6.83370723	213.553351
2	10:02:36	9.17	95.170	27.840	15978.000	22.000	95.247861	19.9544268	196.849077	147.649358	8.29736609	259.292690	35	19.3739612	6.77663225	211.769758
2	10:02:51	9.42	96.280	27.720	15967.000	22.000	96.319317	20.1788968	199.063459	149.310286	8.39070427	262.209508	35	19.3739612	6.85286350	214.151984
2	10:03:06	9.67	96.680	27.670	15967.000	22.000	96.770130	20.2733423	199.995157	150.009118	8.42997618	263.436756	35	19.3739612	6.88493769	215.154303
2	10:03:21	9.92	95.460	27.810	15979.000	22.000	95.514345	20.0102552	197.399821	148.062451	8.32058043	260.018139	35	19.3739612	6.79559189	212.362247
2	10:03:36	10.17	96.000	27.750	15981.000	22.000	96.050069	20.1224894	198.507003	148.892908	8.36724917	261.476537	35	19.3739612	6.83370723	213.553351
2	10:03:51	10.43	95.320	27.830	15967.000	22.000	95.336587	19.9730150	197.032448	147.786898	8.30509535	259.534230	35	19.3739612	6.78294490	211.967028
2	10:04:06	10.67	95.580	27.800	15966.000	22.000	95.603376	20.0289074	197.583823	148.200464	8.32833629	260.260509	35	19.3739612	6.80192626	212.560196
2	10:04:21	10.92	96.110	27.740	15948.000	22.000	96.139715	20.1412703	198.692276	149.031874	8.37505857	261.720580	35	19.3739612	6.84008532	213.752666
2	10:04:36	11.17	95.630	27.790	15968.000	22.000	95.692510	20.0475809	197.768036	148.338636	8.33610103	260.503157	35	19.3739612	6.80826789	212.758372
2	10:04:51	11.43	96.100	27.740	15948.000	22.000	96.139715	20.1412703	198.692276	149.031874	8.37505857	261.720580	35	19.3739612	6.84008532	213.752666
2	10:05:06	11.67	96.250	27.720	15958.000	22.000	96.319317	20.1788968	199.063459	149.310286	8.39070427	262.209508	35	19.3739612	6.85286350	214.151984
2	10:05:21	11.92	96.030	27.750	15972.000	22.000	96.050069	20.1224894	198.507003	148.892908	8.36724917	261.476537	35	19.3739612	6.83370723	213.553351
2	10:05:36	12.17	95.590	27.800	15956.000	22.000	95.603376	20.0289074	197.583823	148.200464	8.32833629	260.260509	35	19.3739612	6.80192626	212.560196
2	10:05:51	12.42	95.520	27.800	15959.000	22.000	95.603376	20.0289074	197.583823	148.200464	8.32833629	260.260509	35	19.3739612	6.80192626	212.560196
2	10:06:06	12.67	95.390	27.820	15968.000	22.000	95.425415	19.9916244	197.216030	147.924596	8.31283346	259.776046	35	19.3739612	6.78926478	212.164524
2	10:06:21	12.92	95.960	27.760	15975.000	22.000	95.960525	20.1037300	198.321944	148.754102	8.35944874	261.232773	35	19.3739612	6.82733645	213.354264
2	10:06:36	13.17	96.130	27.740	15970.000	22.000	96.139715	20.1412703	198.692276	149.031874	8.37505857	261.720580	35	19.3739612	6.84008532	213.752666
2	10:06:51	13.42	96.090	27.740	15950.000	22.000	96.139715	20.1412703	198.692276	149.031874	8.37505857	261.720580	35	19.3739612	6.84008532	213.752666
2	10:07:06	13.67	96.390	27.710	15949.000	22.000	96.409272	20.1977425	199.249370	149.449731	8.39854061	262.454394	35	19.3739612	6.85926360	214.351987
2	10:07:21	13.92	96.290	27.720	15960.000	22.000	96.319317	20.1788968	199.063459	149.310286	8.39070427	262.209508	35	19.3739612	6.85286350	214.151984
2	10:07:36	14.17	96.150	27.730	15953.000	22.000	96.229464	20.1600728	198.877761	149.171000	8.38287693	261.964904	35	19.3739612	6.84647074	213.952211
2	10:07:51	14.42	96.060	27.740	15949.000	22.000	96.139715	20.1412703	198.692276	149.031874	8.37505857	261.720580	35	19.3739612	6.84008532	213.752666
2	10:08:06	14.67	96.080	27.740	15945.000	22.000	96.139715	20.1412703	198.692276	149.031874	8.37505857	261.720580	35	19.3739612	6.84008532	213.752666
2	10:08:21	14.92	95.940	27.760	15973.000	22.000	95.960525	20.1037300	198.321944	148.754102	8.35944874	261.232773	35	19.3739612	6.82733645	213.354264
2	10:08:36	15.17	95.730	27.780	15944.000	22.000	95.781746	20.0662758	197.952460	148.476966	8.34387468	260.746084	35	19.3739612	6.81461679	212.956775
2	10:08:51	15.42	95.540	27.800	15971.000	22.000	95.603376	20.0289074	197.583823	148.200464	8.32833629	260.260509	35	19.3739612	6.80192626	212.560196
2	10:09:06	15.67	96.440	27.700	15949.000	22.000	96.499331	20.2166099	199.435496	149.589337	8.40638596	262.699561	35	19.3739612	6.86567106	214.552221
2	10:09:21	15.93	96.690	27.670	15927.000	22.000	96.770130	20.2733423	199.995157	150.009118	8.42997618	263.436756	35	19.3739612	6.88493769	215.154303
2	10:09:36	16.17	95.150	27.850	15909.000	22.000	95.159236	19.9358599	196.665916	147.511975	8.28964567	259.051427	35	19.3739612	6.77032682	211.572713
2	10:09:51	16.42	95.330	27.830	15934.000	22.000	95.336587	19.9730150	197.032448	147.786898	8.30509535	259.534230	35	19.3739612	6.78294490	211.967028
2	10:10:06	16.67	95.910	27.760	15937.000	22.000	95.960525	20.1037300	198.321944	148.754102	8.35944874	261.232773	35	19.3739612	6.82733645	213.354264
2	10:10:21	16.92	95.490	27.810	15938.000	22.000	95.514345	20.0102552	197.399821	148.062451	8.32058043	260.018139	35	19.3739612	6.79559189	212.362247
2	10:10:36	17.18	95.870	27.770	15920.000	22.000	95.871084	20.0849922	198.137096	148.615454	8.35165724	260.989289	35	19.3739612	6.82097297	213.155405
2	10:10:51	17.42	96.430	27.700	15933.000	22.000	96.499331	20.2166099	199.435496	149.589337	8.40638596	262.699561	35	19.3739612	6.86567106	214.552221
2	10:11:06	17.67	95.330	27.830	15937.000	22.000	95.336587	19.9730150	197.032448	147.786898	8.30509535	259.534230	35	19.3739612	6.78294490	211.967028
2	10:11:21	17.92	95.960	27.760	15928.000	22.000	95.960525	20.1037300	198.321944	148.754102	8.35944874	261.232773	35	19.3739612	6.82733645	213.354264
2	10:11:36	18.17	96.130	27.740	15930.000	22.000	96.139715	20.1412703	198.692276	149.031874	8.37505857	261.720580	35	19.3739612	6.84008532	213.752666
2	10:11:51	18.42	96.320	27.710	15899.000	22.000	96.409272	20.1977425	199.249370	149.449731	8.39854061	262.454394	35	19.3739612	6.85926360	214.351987
2	10:12:06	18.68	95.170	27.840	15927.000	22.000	95.247861	19.9544268	196.849077	147.649358	8.29736609	259.292690	35	19.3739612	6.77663225	211.769758
2	10:12:21	18.92	95.860	27.770	15958.000	22.000	95.871084	20.0849922	198.137096	148.615454	8.35165724	260.989289	35	19.3739612	6.82097297	213.155405
2	10:12:36	19.17	96.110	27.740	15918.000	22.000	96.139715	20.1412703	198.692276	149.031874	8.37505857	261.720580	35	19.3739612	6.84008532	213.752666
2	10:12:51	19.42	95.440	27.810	15930.000	22.000	95.514345	20.0102552	197.399821	148.062451	8.32058043	260.018139	35	19.3739612	6.79559189	212.362247
2	10:13:06	19.67	95.790	27.770	15922.000	22.000	95.871084	20.0849922	198.137096	148.615454	8.35165724	260.989289	35	19.3739612	6.82097297	213.155405
2	10:13:21	19.92	95.480	27.810	15921.000	22.000	95.514345	20.0102552	197.399821	148.062451	8.32058043	260.018139	35	19.3739612	6.79559189	212.362247
2	10:13:36	20.17	95.050	27.860	15920.000	22.000	95.070712	19.9173142	196.482964	147.374750	8.28193407	258.810440	35	19.3739612	6.76402860	211.375894
