Chamber	Time/hh:mm:ss	Logtime/min	Oxy/% air sat.	Phase/°	Amp	Temp/°C	% air-sat.	% oxygen	pO2 (hPa)	pO2 (Torr)	cO2 [mg/L]	cO2 [µmol/L]	Salinity	chlorinity	SalCorcO2 [mg/L]	SalCorcO2 [µmol/L]
9	8:12:50	0.00	96.170	28.470	34835.000	18.000	96.179665	20.1496398	199.946168	149.972374	9.06932392	283.416372	35	19.3739612	7.36786102	230.245657
9	8:12:52	0.03	96.480	28.430	34808.000	18.000	96.533688	20.2238076	200.682140	150.524400	9.10270674	284.459586	35	19.3739612	7.39498101	231.093157
9	8:13:00	0.16	96.080	28.480	34813.000	18.000	96.091407	20.1311498	199.762690	149.834754	9.06100158	283.156299	35	19.3739612	7.36110001	230.034375
9	8:13:15	0.41	96.330	28.450	34841.000	18.000	96.356478	20.1866821	200.313741	150.248077	9.08599661	283.937394	35	19.3739612	7.38140581	230.668932
9	8:13:30	0.66	96.410	28.440	34840.000	18.000	96.445033	20.2052345	200.497837	150.386161	9.09434699	284.198343	35	19.3739612	7.38818961	230.880925
9	8:13:45	0.91	96.290	28.450	34832.000	18.000	96.356478	20.1866821	200.313741	150.248077	9.08599661	283.937394	35	19.3739612	7.38140581	230.668932
9	8:14:00	1.16	96.380	28.440	34839.000	18.000	96.445033	20.2052345	200.497837	150.386161	9.09434699	284.198343	35	19.3739612	7.38818961	230.880925
9	8:14:15	1.41	96.220	28.460	34850.000	18.000	96.268022	20.1681506	200.129852	150.110148	9.07765559	283.676737	35	19.3739612	7.37462962	230.457176
9	8:14:30	1.66	96.610	28.420	34857.000	18.000	96.622442	20.2424016	200.866649	150.662793	9.11107588	284.721121	35	19.3739612	7.40178005	231.305627
9	8:14:45	1.91	96.010	28.480	34867.000	18.000	96.091407	20.1311498	199.762690	149.834754	9.06100158	283.156299	35	19.3739612	7.36110001	230.034375
9	8:15:00	2.16	96.300	28.450	34859.000	18.000	96.356478	20.1866821	200.313741	150.248077	9.08599661	283.937394	35	19.3739612	7.38140581	230.668932
9	8:15:15	2.41	96.190	28.460	34876.000	18.000	96.268022	20.1681506	200.129852	150.110148	9.07765559	283.676737	35	19.3739612	7.37462962	230.457176
9	8:15:30	2.66	96.280	28.450	34863.000	18.000	96.356478	20.1866821	200.313741	150.248077	9.08599661	283.937394	35	19.3739612	7.38140581	230.668932
9	8:15:45	2.91	95.730	28.520	34882.000	18.000	95.739362	20.0573964	199.030831	149.285812	9.02780529	282.118915	35	19.3739612	7.33413155	229.191611
9	8:16:00	3.16	96.080	28.480	34876.000	18.000	96.091407	20.1311498	199.762690	149.834754	9.06100158	283.156299	35	19.3739612	7.36110001	230.034375
9	8:16:15	3.41	96.080	28.480	34876.000	18.000	96.091407	20.1311498	199.762690	149.834754	9.06100158	283.156299	35	19.3739612	7.36110001	230.034375
9	8:16:30	3.66	96.200	28.460	34897.000	18.000	96.268022	20.1681506	200.129852	150.110148	9.07765559	283.676737	35	19.3739612	7.37462962	230.457176
9	8:16:45	3.91	95.970	28.490	34889.000	18.000	96.003248	20.1126805	199.579418	149.697288	9.05268856	282.896518	35	19.3739612	7.35434657	229.823330
9	8:17:00	4.16	96.150	28.470	34925.000	18.000	96.179665	20.1496398	199.946168	149.972374	9.06932392	283.416372	35	19.3739612	7.36786102	230.245657
9	8:17:15	4.41	95.660	28.520	34922.000	18.000	95.739362	20.0573964	199.030831	149.285812	9.02780529	282.118915	35	19.3739612	7.33413155	229.191611
9	8:17:30	4.66	95.620	28.530	34920.000	18.000	95.651597	20.0390096	198.848377	149.148961	9.01952941	281.860294	35	19.3739612	7.32740829	228.981509
9	8:17:45	4.91	95.880	28.500	34934.000	18.000	95.915188	20.0942318	199.396351	149.559976	9.04438485	282.637026	35	19.3739612	7.34760068	229.612521
9	8:18:00	5.16	95.650	28.530	34923.000	18.000	95.651597	20.0390096	198.848377	149.148961	9.01952941	281.860294	35	19.3739612	7.32740829	228.981509
9	8:18:15	5.41	95.620	28.530	34922.000	18.000	95.651597	20.0390096	198.848377	149.148961	9.01952941	281.860294	35	19.3739612	7.32740829	228.981509
9	8:18:30	5.66	95.610	28.530	34940.000	18.000	95.651597	20.0390096	198.848377	149.148961	9.01952941	281.860294	35	19.3739612	7.32740829	228.981509
9	8:18:45	5.91	95.720	28.520	34950.000	18.000	95.739362	20.0573964	199.030831	149.285812	9.02780529	282.118915	35	19.3739612	7.33413155	229.191611
9	8:19:00	6.16	95.610	28.530	34955.000	18.000	95.651597	20.0390096	198.848377	149.148961	9.01952941	281.860294	35	19.3739612	7.32740829	228.981509
9	8:19:15	6.41	95.740	28.510	34941.000	18.000	95.827226	20.0758038	199.213488	149.422817	9.03609043	282.377826	35	19.3739612	7.34086235	229.401948
9	8:19:30	6.66	95.680	28.520	34929.000	18.000	95.739362	20.0573964	199.030831	149.285812	9.02780529	282.118915	35	19.3739612	7.33413155	229.191611
9	8:19:45	6.91	95.320	28.560	34949.000	18.000	95.388890	19.9839724	198.302240	148.739323	8.99475726	281.086164	35	19.3739612	7.30728354	228.352611
9	8:20:00	7.16	95.230	28.570	34967.000	18.000	95.301516	19.9656677	198.120601	148.603082	8.98651832	280.828697	35	19.3739612	7.30059028	228.143446
9	8:20:15	7.41	95.330	28.560	34978.000	18.000	95.388890	19.9839724	198.302240	148.739323	8.99475726	281.086164	35	19.3739612	7.30728354	228.352611
9	8:20:30	7.66	95.230	28.570	34972.000	18.000	95.301516	19.9656677	198.120601	148.603082	8.98651832	280.828697	35	19.3739612	7.30059028	228.143446
9	8:20:45	7.91	95.350	28.560	35006.000	18.000	95.388890	19.9839724	198.302240	148.739323	8.99475726	281.086164	35	19.3739612	7.30728354	228.352611
9	8:21:00	8.16	95.250	28.570	35015.000	18.000	95.301516	19.9656677	198.120601	148.603082	8.98651832	280.828697	35	19.3739612	7.30059028	228.143446
9	8:21:15	8.41	95.510	28.540	34997.000	18.000	95.563930	20.0206434	198.666128	149.012262	9.01126279	281.601962	35	19.3739612	7.32069254	228.771642
9	8:21:30	8.66	95.640	28.530	35011.000	18.000	95.651597	20.0390096	198.848377	149.148961	9.01952941	281.860294	35	19.3739612	7.32740829	228.981509
9	8:21:45	8.91	95.280	28.570	35033.000	18.000	95.301516	19.9656677	198.120601	148.603082	8.98651832	280.828697	35	19.3739612	7.30059028	228.143446
9	8:22:00	9.16	95.390	28.550	35014.000	18.000	95.476361	20.0022976	198.484082	148.875716	9.00300541	281.343919	35	19.3739612	7.31398429	228.562009
9	8:22:15	9.41	95.240	28.570	35044.000	18.000	95.301516	19.9656677	198.120601	148.603082	8.98651832	280.828697	35	19.3739612	7.30059028	228.143446
9	8:22:30	9.66	95.130	28.580	35010.000	18.000	95.214240	19.9473834	197.939164	148.466993	8.97828857	280.571518	35	19.3739612	7.29390449	227.934515
9	8:22:45	9.91	95.440	28.550	35045.000	18.000	95.476361	20.0022976	198.484082	148.875716	9.00300541	281.343919	35	19.3739612	7.31398429	228.562009
9	8:23:00	10.16	95.190	28.580	35048.000	18.000	95.214240	19.9473834	197.939164	148.466993	8.97828857	280.571518	35	19.3739612	7.29390449	227.934515
9	8:23:15	10.41	95.100	28.590	35056.000	18.000	95.127062	19.9291195	197.757930	148.331056	8.97006802	280.314626	35	19.3739612	7.28722616	227.725818
9	8:23:30	10.66	95.120	28.590	35067.000	18.000	95.127062	19.9291195	197.757930	148.331056	8.97006802	280.314626	35	19.3739612	7.28722616	227.725818
9	8:23:45	10.91	95.030	28.600	35065.000	18.000	95.039981	19.9108759	197.576899	148.195271	8.96185664	280.058020	35	19.3739612	7.28055529	227.517353
9	8:24:00	11.16	95.480	28.540	35056.000	18.000	95.563930	20.0206434	198.666128	149.012262	9.01126279	281.601962	35	19.3739612	7.32069254	228.771642
9	8:24:15	11.41	95.050	28.590	35065.000	18.000	95.127062	19.9291195	197.757930	148.331056	8.97006802	280.314626	35	19.3739612	7.28722616	227.725818
9	8:24:30	11.66	95.030	28.600	35081.000	18.000	95.039981	19.9108759	197.576899	148.195271	8.96185664	280.058020	35	19.3739612	7.28055529	227.517353
9	8:24:45	11.91	94.580	28.650	35105.000	18.000	94.606029	19.8199631	196.674764	147.518612	8.92093688	278.779278	35	19.3739612	7.24731234	226.478511
9	8:25:00	12.16	94.860	28.620	35095.000	18.000	94.866109	19.8744499	197.215441	147.924154	8.94546135	279.545667	35	19.3739612	7.26723586	227.101121
9	8:25:15	12.41	94.950	28.610	35093.000	18.000	94.952997	19.8926528	197.396069	148.059637	8.95365442	279.801701	35	19.3739612	7.27389186	227.309121
9	8:25:30	12.66	94.920	28.610	35113.000	18.000	94.952997	19.8926528	197.396069	148.059637	8.95365442	279.801701	35	19.3739612	7.27389186	227.309121
9	8:25:45	12.91	94.820	28.620	35130.000	18.000	94.866109	19.8744499	197.215441	147.924154	8.94546135	279.545667	35	19.3739612	7.26723586	227.101121
9	8:26:00	13.16	94.680	28.640	35112.000	18.000	94.692626	19.8381051	196.854789	147.653642	8.92910259	279.034456	35	19.3739612	7.25394611	226.685816
9	8:26:15	13.41	94.650	28.640	35138.000	18.000	94.692626	19.8381051	196.854789	147.653642	8.92910259	279.034456	35	19.3739612	7.25394611	226.685816
9	8:26:30	13.66	95.080	28.590	35135.000	18.000	95.127062	19.9291195	197.757930	148.331056	8.97006802	280.314626	35	19.3739612	7.28722616	227.725818
9	8:26:45	13.91	94.930	28.610	35155.000	18.000	94.952997	19.8926528	197.396069	148.059637	8.95365442	279.801701	35	19.3739612	7.27389186	227.309121
9	8:27:00	14.16	94.780	28.620	35170.000	18.000	94.866109	19.8744499	197.215441	147.924154	8.94546135	279.545667	35	19.3739612	7.26723586	227.101121
9	8:27:15	14.41	94.490	28.660	35170.000	18.000	94.519529	19.8018412	196.494940	147.383733	8.91278027	278.524383	35	19.3739612	7.24068596	226.271436
9	8:27:30	14.66	94.710	28.630	35192.000	18.000	94.779319	19.8562674	197.035015	147.788823	8.93727741	279.289919	35	19.3739612	7.26058728	226.893352
9	8:27:45	14.91	94.950	28.610	35165.000	18.000	94.952997	19.8926528	197.396069	148.059637	8.95365442	279.801701	35	19.3739612	7.27389186	227.309121
9	8:28:00	15.16	94.640	28.640	35178.000	18.000	94.692626	19.8381051	196.854789	147.653642	8.92910259	279.034456	35	19.3739612	7.25394611	226.685816
9	8:28:15	15.41	94.340	28.680	35214.000	18.000	94.346816	19.7656580	196.135892	147.114424	8.89649427	278.015446	35	19.3739612	7.22745532	225.857979
9	8:28:30	15.66	94.580	28.650	35215.000	18.000	94.606029	19.8199631	196.674764	147.518612	8.92093688	278.779278	35	19.3739612	7.24731234	226.478511
9	8:28:45	15.91	94.330	28.680	35218.000	18.000	94.346816	19.7656580	196.135892	147.114424	8.89649427	278.015446	35	19.3739612	7.22745532	225.857979
9	8:29:00	16.16	94.500	28.660	35206.000	18.000	94.519529	19.8018412	196.494940	147.383733	8.91278027	278.524383	35	19.3739612	7.24068596	226.271436
9	8:29:15	16.41	94.660	28.640	35224.000	18.000	94.692626	19.8381051	196.854789	147.653642	8.92910259	279.034456	35	19.3739612	7.25394611	226.685816
9	8:29:30	16.66	95.190	28.580	35229.000	18.000	95.214240	19.9473834	197.939164	148.466993	8.97828857	280.571518	35	19.3739612	7.29390449	227.934515
9	8:29:45	16.91	94.430	28.670	35239.000	18.000	94.433124	19.7837396	196.315316	147.249003	8.90463274	278.269773	35	19.3739612	7.23406696	226.064592
9	8:30:00	17.16	94.490	28.660	35245.000	18.000	94.519529	19.8018412	196.494940	147.383733	8.91278027	278.524383	35	19.3739612	7.24068596	226.271436
9	8:30:15	17.41	94.200	28.690	35226.000	18.000	94.260605	19.7475967	195.956668	146.979994	8.88836487	277.761402	35	19.3739612	7.22085104	225.651595
9	8:30:30	17.66	94.040	28.710	35237.000	18.000	94.088468	19.7115341	195.598817	146.711583	8.87213317	277.254162	35	19.3739612	7.20766452	225.239516
9	8:30:45	17.91	94.190	28.690	35242.000	18.000	94.260605	19.7475967	195.956668	146.979994	8.88836487	277.761402	35	19.3739612	7.22085104	225.651595
9	8:31:00	18.16	94.190	28.690	35232.000	18.000	94.260605	19.7475967	195.956668	146.979994	8.88836487	277.761402	35	19.3739612	7.22085104	225.651595
9	8:31:15	18.41	94.030	28.710	35265.000	18.000	94.088468	19.7115341	195.598817	146.711583	8.87213317	277.254162	35	19.3739612	7.20766452	225.239516
9	8:31:30	18.66	94.450	28.660	35250.000	18.000	94.519529	19.8018412	196.494940	147.383733	8.91278027	278.524383	35	19.3739612	7.24068596	226.271436
9	8:31:45	18.91	94.140	28.700	35248.000	18.000	94.174489	19.7295554	195.777643	146.845714	8.88024450	277.507641	35	19.3739612	7.21425411	225.445441
9	8:32:00	19.16	93.720	28.750	35227.000	18.000	93.745342	19.6396492	194.885499	146.176549	8.83977789	276.243059	35	19.3739612	7.18137929	224.418103
