Chamber	Time/hh:mm:ss	Logtime/min	Oxy/% air sat.	Phase/°	Amp	Temp/°C	% air-sat.	% oxygen	pO2 (hPa)	pO2 (Torr)	cO2 [mg/L]	cO2 [µmol/L]	Salinity	chlorinity	SalCorcO2 [mg/L]	SalCorcO2 [µmol/L]
8	9:53:30	0.00	95.430	27.810	28851.000	22.000	95.514345	20.0102552	197.399821	148.062451	8.32058043	260.018139	35	19.3739612	6.79559189	212.362247
8	9:53:33	0.04	95.380	27.820	28832.000	22.000	95.425415	19.9916244	197.216030	147.924596	8.31283346	259.776046	35	19.3739612	6.78926478	212.164524
8	9:53:48	0.29	95.380	27.820	28864.000	22.000	95.425415	19.9916244	197.216030	147.924596	8.31283346	259.776046	35	19.3739612	6.78926478	212.164524
8	9:54:03	0.55	95.060	27.860	28839.000	22.000	95.070712	19.9173142	196.482964	147.374750	8.28193407	258.810440	35	19.3739612	6.76402860	211.375894
8	9:54:18	0.79	93.480	28.040	28870.000	22.000	93.494445	19.5870862	193.225287	144.931285	8.14462007	254.519377	35	19.3739612	6.65188139	207.871293
8	9:54:33	1.04	94.690	27.900	28811.000	22.000	94.717628	19.8433430	195.753243	146.827413	8.25117570	257.849241	35	19.3739612	6.73890760	210.590862
8	9:54:48	1.29	95.080	27.850	28864.000	22.000	95.159236	19.9358599	196.665916	147.511975	8.28964567	259.051427	35	19.3739612	6.77032682	211.572713
8	9:55:03	1.55	95.260	27.830	28859.000	22.000	95.336587	19.9730150	197.032448	147.786898	8.30509535	259.534230	35	19.3739612	6.78294490	211.967028
8	9:55:18	1.79	94.730	27.890	28887.000	22.000	94.805748	19.8618041	195.935361	146.964013	8.25885212	258.089129	35	19.3739612	6.74517709	210.786784
8	9:55:33	2.05	95.100	27.850	28883.000	22.000	95.159236	19.9358599	196.665916	147.511975	8.28964567	259.051427	35	19.3739612	6.77032682	211.572713
8	9:55:48	2.30	95.480	27.810	28896.000	22.000	95.514345	20.0102552	197.399821	148.062451	8.32058043	260.018139	35	19.3739612	6.79559189	212.362247
8	9:56:03	2.55	95.210	27.840	28866.000	22.000	95.247861	19.9544268	196.849077	147.649358	8.29736609	259.292690	35	19.3739612	6.77663225	211.769758
8	9:56:18	2.80	95.430	27.810	28861.000	22.000	95.514345	20.0102552	197.399821	148.062451	8.32058043	260.018139	35	19.3739612	6.79559189	212.362247
8	9:56:33	3.05	95.300	27.830	28888.000	22.000	95.336587	19.9730150	197.032448	147.786898	8.30509535	259.534230	35	19.3739612	6.78294490	211.967028
8	9:56:48	3.29	95.240	27.840	28857.000	22.000	95.247861	19.9544268	196.849077	147.649358	8.29736609	259.292690	35	19.3739612	6.77663225	211.769758
8	9:57:03	3.55	95.330	27.830	28887.000	22.000	95.336587	19.9730150	197.032448	147.786898	8.30509535	259.534230	35	19.3739612	6.78294490	211.967028
8	9:57:18	3.79	95.000	27.860	28906.000	22.000	95.070712	19.9173142	196.482964	147.374750	8.28193407	258.810440	35	19.3739612	6.76402860	211.375894
8	9:57:33	4.04	94.770	27.890	28884.000	22.000	94.805748	19.8618041	195.935361	146.964013	8.25885212	258.089129	35	19.3739612	6.74517709	210.786784
8	9:57:48	4.30	94.720	27.890	28891.000	22.000	94.805748	19.8618041	195.935361	146.964013	8.25885212	258.089129	35	19.3739612	6.74517709	210.786784
8	9:58:03	4.54	95.040	27.860	28926.000	22.000	95.070712	19.9173142	196.482964	147.374750	8.28193407	258.810440	35	19.3739612	6.76402860	211.375894
8	9:58:18	4.80	95.110	27.850	28907.000	22.000	95.159236	19.9358599	196.665916	147.511975	8.28964567	259.051427	35	19.3739612	6.77032682	211.572713
8	9:58:33	5.04	94.850	27.880	28902.000	22.000	94.893968	19.8802863	196.117687	147.100769	8.26653731	258.329291	35	19.3739612	6.75145375	210.982930
8	9:58:48	5.29	94.940	27.870	28951.000	22.000	94.982290	19.8987897	196.300221	147.237681	8.27423129	258.569728	35	19.3739612	6.75773758	211.179299
8	9:59:03	5.54	94.830	27.880	28920.000	22.000	94.893968	19.8802863	196.117687	147.100769	8.26653731	258.329291	35	19.3739612	6.75145375	210.982930
8	9:59:18	5.80	94.940	27.870	28920.000	22.000	94.982290	19.8987897	196.300221	147.237681	8.27423129	258.569728	35	19.3739612	6.75773758	211.179299
8	9:59:33	6.05	94.570	27.910	28944.000	22.000	94.629609	19.8249030	195.571334	146.690969	8.24350805	257.609626	35	19.3739612	6.73264526	210.395164
8	9:59:48	6.29	95.100	27.850	28973.000	22.000	95.159236	19.9358599	196.665916	147.511975	8.28964567	259.051427	35	19.3739612	6.77032682	211.572713
8	10:00:03	6.55	95.030	27.860	28941.000	22.000	95.070712	19.9173142	196.482964	147.374750	8.28193407	258.810440	35	19.3739612	6.76402860	211.375894
8	10:00:18	6.79	95.060	27.860	28964.000	22.000	95.070712	19.9173142	196.482964	147.374750	8.28193407	258.810440	35	19.3739612	6.76402860	211.375894
8	10:00:33	7.04	94.830	27.880	28930.000	22.000	94.893968	19.8802863	196.117687	147.100769	8.26653731	258.329291	35	19.3739612	6.75145375	210.982930
8	10:00:48	7.29	94.650	27.900	28955.000	22.000	94.717628	19.8433430	195.753243	146.827413	8.25117570	257.849241	35	19.3739612	6.73890760	210.590862
8	10:01:03	7.55	94.950	27.870	28938.000	22.000	94.982290	19.8987897	196.300221	147.237681	8.27423129	258.569728	35	19.3739612	6.75773758	211.179299
8	10:01:18	7.80	94.500	27.920	28962.000	22.000	94.541690	19.8064840	195.389632	146.554681	8.23584914	257.370286	35	19.3739612	6.72639007	210.199690
8	10:01:33	8.05	95.000	27.860	28934.000	22.000	95.070712	19.9173142	196.482964	147.374750	8.28193407	258.810440	35	19.3739612	6.76402860	211.375894
8	10:01:48	8.29	94.770	27.890	28957.000	22.000	94.805748	19.8618041	195.935361	146.964013	8.25885212	258.089129	35	19.3739612	6.74517709	210.786784
8	10:02:03	8.54	94.760	27.890	28962.000	22.000	94.805748	19.8618041	195.935361	146.964013	8.25885212	258.089129	35	19.3739612	6.74517709	210.786784
8	10:02:18	8.80	94.990	27.860	28955.000	22.000	95.070712	19.9173142	196.482964	147.374750	8.28193407	258.810440	35	19.3739612	6.76402860	211.375894
8	10:02:33	9.05	94.190	27.950	28960.000	22.000	94.278535	19.7513530	194.845768	146.146748	8.21292478	256.653900	35	19.3739612	6.70766728	209.614602
8	10:02:48	9.30	94.640	27.900	28976.000	22.000	94.717628	19.8433430	195.753243	146.827413	8.25117570	257.849241	35	19.3739612	6.73890760	210.590862
8	10:03:03	9.55	94.540	27.920	28971.000	22.000	94.541690	19.8064840	195.389632	146.554681	8.23584914	257.370286	35	19.3739612	6.72639007	210.199690
8	10:03:18	9.79	94.380	27.930	28995.000	22.000	94.453871	19.7880860	195.208137	146.418548	8.22819897	257.131218	35	19.3739612	6.72014202	210.004438
8	10:03:33	10.05	94.350	27.940	28997.000	22.000	94.366153	19.7697090	195.026849	146.282571	8.22055752	256.892423	35	19.3739612	6.71390109	209.809409
8	10:03:48	10.29	94.690	27.900	29000.000	22.000	94.717628	19.8433430	195.753243	146.827413	8.25117570	257.849241	35	19.3739612	6.73890760	210.590862
8	10:04:03	10.55	94.360	27.940	29013.000	22.000	94.366153	19.7697090	195.026849	146.282571	8.22055752	256.892423	35	19.3739612	6.71390109	209.809409
8	10:04:18	10.79	94.520	27.920	28997.000	22.000	94.541690	19.8064840	195.389632	146.554681	8.23584914	257.370286	35	19.3739612	6.72639007	210.199690
8	10:04:33	11.04	94.310	27.940	29024.000	22.000	94.366153	19.7697090	195.026849	146.282571	8.22055752	256.892423	35	19.3739612	6.71390109	209.809409
8	10:04:48	11.29	94.370	27.930	29005.000	22.000	94.453871	19.7880860	195.208137	146.418548	8.22819897	257.131218	35	19.3739612	6.72014202	210.004438
8	10:05:03	11.54	94.570	27.910	29036.000	22.000	94.629609	19.8249030	195.571334	146.690969	8.24350805	257.609626	35	19.3739612	6.73264526	210.395164
8	10:05:18	11.80	94.280	27.940	29004.000	22.000	94.366153	19.7697090	195.026849	146.282571	8.22055752	256.892423	35	19.3739612	6.71390109	209.809409
8	10:05:33	12.05	94.490	27.920	29019.000	22.000	94.541690	19.8064840	195.389632	146.554681	8.23584914	257.370286	35	19.3739612	6.72639007	210.199690
8	10:05:48	12.30	93.990	27.980	29013.000	22.000	94.016278	19.6964102	194.303761	145.740209	8.19007872	255.939960	35	19.3739612	6.68900841	209.031513
8	10:06:03	12.54	94.650	27.900	29049.000	22.000	94.717628	19.8433430	195.753243	146.827413	8.25117570	257.849241	35	19.3739612	6.73890760	210.590862
8	10:06:18	12.80	94.130	27.960	29035.000	22.000	94.191016	19.7330179	194.664893	146.011081	8.20530075	256.415648	35	19.3739612	6.70144056	209.420018
8	10:06:33	13.04	94.330	27.940	29024.000	22.000	94.366153	19.7697090	195.026849	146.282571	8.22055752	256.892423	35	19.3739612	6.71390109	209.809409
8	10:06:48	13.29	94.120	27.960	29062.000	22.000	94.191016	19.7330179	194.664893	146.011081	8.20530075	256.415648	35	19.3739612	6.70144056	209.420018
8	10:07:03	13.54	94.220	27.950	29024.000	22.000	94.278535	19.7513530	194.845768	146.146748	8.21292478	256.653900	35	19.3739612	6.70766728	209.614602
8	10:07:18	13.79	94.220	27.950	29063.000	22.000	94.278535	19.7513530	194.845768	146.146748	8.21292478	256.653900	35	19.3739612	6.70766728	209.614602
8	10:07:33	14.04	94.720	27.890	29044.000	22.000	94.805748	19.8618041	195.935361	146.964013	8.25885212	258.089129	35	19.3739612	6.74517709	210.786784
8	10:07:48	14.30	93.780	28.000	29053.000	22.000	93.841937	19.6598859	193.943451	145.469953	8.17489133	255.465354	35	19.3739612	6.67660455	208.643892
8	10:08:03	14.55	93.930	27.980	29040.000	22.000	94.016278	19.6964102	194.303761	145.740209	8.19007872	255.939960	35	19.3739612	6.68900841	209.031513
8	10:08:18	14.79	93.720	28.010	29073.000	22.000	93.754916	19.6416549	193.763604	145.335056	8.16731059	255.228456	35	19.3739612	6.67041321	208.450413
8	10:08:33	15.04	94.330	27.940	29083.000	22.000	94.366153	19.7697090	195.026849	146.282571	8.22055752	256.892423	35	19.3739612	6.71390109	209.809409
8	10:08:48	15.30	94.020	27.970	29080.000	22.000	94.103597	19.7147036	194.484224	145.875567	8.19768539	256.177669	35	19.3739612	6.69522095	209.225655
8	10:09:03	15.54	93.800	28.000	29046.000	22.000	93.841937	19.6598859	193.943451	145.469953	8.17489133	255.465354	35	19.3739612	6.67660455	208.643892
8	10:09:18	15.79	94.570	27.910	29100.000	22.000	94.629609	19.8249030	195.571334	146.690969	8.24350805	257.609626	35	19.3739612	6.73264526	210.395164
8	10:09:33	16.04	94.060	27.970	29109.000	22.000	94.103597	19.7147036	194.484224	145.875567	8.19768539	256.177669	35	19.3739612	6.69522095	209.225655
8	10:09:48	16.30	93.410	28.040	29084.000	22.000	93.494445	19.5870862	193.225287	144.931285	8.14462007	254.519377	35	19.3739612	6.65188139	207.871293
8	10:10:03	16.54	93.740	28.010	29072.000	22.000	93.754916	19.6416549	193.763604	145.335056	8.16731059	255.228456	35	19.3739612	6.67041321	208.450413
8	10:10:18	16.80	94.050	27.970	29100.000	22.000	94.103597	19.7147036	194.484224	145.875567	8.19768539	256.177669	35	19.3739612	6.69522095	209.225655
8	10:10:33	17.04	93.990	27.980	29110.000	22.000	94.016278	19.6964102	194.303761	145.740209	8.19007872	255.939960	35	19.3739612	6.68900841	209.031513
8	10:10:48	17.30	93.840	28.000	29135.000	22.000	93.841937	19.6598859	193.943451	145.469953	8.17489133	255.465354	35	19.3739612	6.67660455	208.643892
8	10:11:03	17.54	94.240	27.950	29125.000	22.000	94.278535	19.7513530	194.845768	146.146748	8.21292478	256.653900	35	19.3739612	6.70766728	209.614602
8	10:11:18	17.80	94.090	27.970	29146.000	22.000	94.103597	19.7147036	194.484224	145.875567	8.19768539	256.177669	35	19.3739612	6.69522095	209.225655
8	10:11:33	18.04	94.000	27.980	29101.000	22.000	94.016278	19.6964102	194.303761	145.740209	8.19007872	255.939960	35	19.3739612	6.68900841	209.031513
8	10:11:48	18.30	93.600	28.020	29112.000	22.000	93.667994	19.6234446	193.583961	145.200312	8.15973848	254.991827	35	19.3739612	6.66422891	208.257153
8	10:12:03	18.54	93.740	28.010	29123.000	22.000	93.754916	19.6416549	193.763604	145.335056	8.16731059	255.228456	35	19.3739612	6.67041321	208.450413
8	10:12:18	18.80	93.560	28.030	29118.000	22.000	93.581170	19.6052551	193.404522	145.065722	8.15217497	254.755468	35	19.3739612	6.65805163	208.064114
8	10:12:33	19.05	93.680	28.010	29137.000	22.000	93.754916	19.6416549	193.763604	145.335056	8.16731059	255.228456	35	19.3739612	6.67041321	208.450413
8	10:12:48	19.30	93.340	28.050	29146.000	22.000	93.407819	19.5689380	193.046256	144.797000	8.13707375	254.283555	35	19.3739612	6.64571815	207.678692
8	10:13:03	19.55	93.580	28.020	29127.000	22.000	93.667994	19.6234446	193.583961	145.200312	8.15973848	254.991827	35	19.3739612	6.66422891	208.257153
8	10:13:18	19.80	93.290	28.060	29138.000	22.000	93.321291	19.5508104	192.867428	144.662868	8.12953600	254.048000	35	19.3739612	6.63956191	207.486310
8	10:13:33	20.05	93.130	28.080	29157.000	22.000	93.148529	19.5146169	192.510382	144.395060	8.11448617	253.577693	35	19.3739612	6.62727040	207.102200
