Chamber	Time/hh:mm:ss	Logtime/min	Oxy/% air sat.	Phase/°	Amp	Temp/°C	% air-sat.	% oxygen	pO2 (hPa)	pO2 (Torr)	cO2 [mg/L]	cO2 [µmol/L]	Salinity	chlorinity	SalCorcO2 [mg/L]	SalCorcO2 [µmol/L]
7	13:21:44	0.00	93.510	26.810	29532.000	29.000	93.545007	19.5976789	190.654091	143.002723	7.18221774	224.444304	35	19.3739612	5.81887354	181.839798
7	13:21:59	0.24	94.160	26.740	29536.000	29.000	94.172208	19.7290775	191.932389	143.961529	7.23037312	225.949160	35	19.3739612	5.85788796	183.058999
7	13:22:14	0.49	94.280	26.720	29551.000	29.000	94.352367	19.7668209	192.299572	144.236939	7.24420541	226.381419	35	19.3739612	5.86909458	183.409206
7	13:22:29	0.74	94.130	26.740	29543.000	29.000	94.172208	19.7290775	191.932389	143.961529	7.23037312	225.949160	35	19.3739612	5.85788796	183.058999
7	13:22:44	0.99	94.210	26.730	29541.000	29.000	94.262234	19.7479380	192.115872	144.099152	7.23728516	226.165161	35	19.3739612	5.86348795	183.233998
7	13:22:59	1.24	94.120	26.740	29545.000	29.000	94.172208	19.7290775	191.932389	143.961529	7.23037312	225.949160	35	19.3739612	5.85788796	183.058999
7	13:23:14	1.49	93.900	26.770	29572.000	29.000	93.902770	19.6726303	191.383247	143.549637	7.20968615	225.302692	35	19.3739612	5.84112784	182.535245
7	13:23:29	1.74	93.970	26.760	29548.000	29.000	93.992476	19.6914237	191.566078	143.686772	7.21657362	225.517926	35	19.3739612	5.84670792	182.709622
7	13:23:44	1.99	94.130	26.740	29571.000	29.000	94.172208	19.7290775	191.932389	143.961529	7.23037312	225.949160	35	19.3739612	5.85788796	183.058999
7	13:23:59	2.24	94.090	26.740	29533.000	29.000	94.172208	19.7290775	191.932389	143.961529	7.23037312	225.949160	35	19.3739612	5.85788796	183.058999
7	13:24:14	2.49	94.370	26.710	29552.000	29.000	94.442607	19.7857262	192.483490	144.374890	7.25113389	226.597934	35	19.3739612	5.87470788	183.584621
7	13:24:29	2.74	93.830	26.770	29566.000	29.000	93.902770	19.6726303	191.383247	143.549637	7.20968615	225.302692	35	19.3739612	5.84112784	182.535245
7	13:24:44	2.99	94.010	26.750	29587.000	29.000	94.082289	19.7102395	191.749125	143.824069	7.22346928	225.733415	35	19.3739612	5.85229462	182.884207
7	13:24:59	3.24	93.610	26.800	29593.000	29.000	93.634289	19.6163834	190.836056	143.139209	7.18907264	224.658520	35	19.3739612	5.82442723	182.013351
7	13:25:14	3.49	94.070	26.750	29588.000	29.000	94.082289	19.7102395	191.749125	143.824069	7.22346928	225.733415	35	19.3739612	5.85229462	182.884207
7	13:25:29	3.74	93.660	26.790	29604.000	29.000	93.723676	19.6351102	191.018237	143.275856	7.19593566	224.872990	35	19.3739612	5.82998750	182.187109
7	13:25:44	3.99	94.400	26.710	29600.000	29.000	94.442607	19.7857262	192.483490	144.374890	7.25113389	226.597934	35	19.3739612	5.87470788	183.584621
7	13:25:59	4.24	93.720	26.790	29619.000	29.000	93.723676	19.6351102	191.018237	143.275856	7.19593566	224.872990	35	19.3739612	5.82998750	182.187109
7	13:26:14	4.49	93.670	26.790	29601.000	29.000	93.723676	19.6351102	191.018237	143.275856	7.19593566	224.872990	35	19.3739612	5.82998750	182.187109
7	13:26:29	4.74	93.640	26.790	29607.000	29.000	93.723676	19.6351102	191.018237	143.275856	7.19593566	224.872990	35	19.3739612	5.82998750	182.187109
7	13:26:44	4.99	93.660	26.790	29622.000	29.000	93.723676	19.6351102	191.018237	143.275856	7.19593566	224.872990	35	19.3739612	5.82998750	182.187109
7	13:26:59	5.24	93.690	26.790	29640.000	29.000	93.723676	19.6351102	191.018237	143.275856	7.19593566	224.872990	35	19.3739612	5.82998750	182.187109
7	13:27:14	5.49	93.940	26.760	29619.000	29.000	93.992476	19.6914237	191.566078	143.686772	7.21657362	225.517926	35	19.3739612	5.84670792	182.709622
7	13:27:29	5.74	93.520	26.810	29674.000	29.000	93.545007	19.5976789	190.654091	143.002723	7.18221774	224.444304	35	19.3739612	5.81887354	181.839798
7	13:27:44	5.99	93.190	26.840	29656.000	29.000	93.277795	19.5416980	190.109486	142.594235	7.16170167	223.803177	35	19.3739612	5.80225188	181.320371
7	13:27:59	6.24	93.340	26.830	29690.000	29.000	93.366760	19.5603362	190.290806	142.730236	7.16853227	224.016633	35	19.3739612	5.80778588	181.493309
7	13:28:14	6.49	93.630	26.800	29656.000	29.000	93.634289	19.6163834	190.836056	143.139209	7.18907264	224.658520	35	19.3739612	5.82442723	182.013351
7	13:28:29	6.74	93.160	26.850	29684.000	29.000	93.188935	19.5230818	189.928380	142.458394	7.15487916	223.589974	35	19.3739612	5.79672443	181.147638
7	13:28:44	6.99	93.510	26.810	29673.000	29.000	93.545007	19.5976789	190.654091	143.002723	7.18221774	224.444304	35	19.3739612	5.81887354	181.839798
7	13:28:59	7.24	93.010	26.870	29674.000	29.000	93.011529	19.4859154	189.566810	142.187194	7.14125831	223.164322	35	19.3739612	5.78568912	180.802785
7	13:29:14	7.49	92.940	26.870	29674.000	29.000	93.011529	19.4859154	189.566810	142.187194	7.14125831	223.164322	35	19.3739612	5.78568912	180.802785
7	13:29:29	7.74	93.530	26.810	29721.000	29.000	93.545007	19.5976789	190.654091	143.002723	7.18221774	224.444304	35	19.3739612	5.81887354	181.839798
7	13:29:44	7.99	93.200	26.840	29670.000	29.000	93.277795	19.5416980	190.109486	142.594235	7.16170167	223.803177	35	19.3739612	5.80225188	181.320371
7	13:29:59	8.24	93.130	26.850	29705.000	29.000	93.188935	19.5230818	189.928380	142.458394	7.15487916	223.589974	35	19.3739612	5.79672443	181.147638
7	13:30:14	8.49	93.320	26.830	29712.000	29.000	93.366760	19.5603362	190.290806	142.730236	7.16853227	224.016633	35	19.3739612	5.80778588	181.493309
7	13:30:29	8.74	92.960	26.870	29750.000	29.000	93.011529	19.4859154	189.566810	142.187194	7.14125831	223.164322	35	19.3739612	5.78568912	180.802785
7	13:30:44	8.99	93.330	26.830	29738.000	29.000	93.366760	19.5603362	190.290806	142.730236	7.16853227	224.016633	35	19.3739612	5.80778588	181.493309
7	13:30:59	9.24	92.940	26.870	29702.000	29.000	93.011529	19.4859154	189.566810	142.187194	7.14125831	223.164322	35	19.3739612	5.78568912	180.802785
7	13:31:14	9.49	92.710	26.900	29732.000	29.000	92.746207	19.4303303	189.026056	141.781594	7.12088732	222.527729	35	19.3739612	5.76918499	180.287031
7	13:31:29	9.74	92.840	26.880	29789.000	29.000	92.922984	19.4673651	189.386346	142.051834	7.13445995	222.951874	35	19.3739612	5.78018124	180.630664
7	13:31:44	9.99	93.030	26.860	29737.000	29.000	93.100180	19.5044876	189.747488	142.322714	7.14806471	223.377022	35	19.3739612	5.79120351	180.975110
7	13:31:59	10.24	92.990	26.870	29760.000	29.000	93.011529	19.4859154	189.566810	142.187194	7.14125831	223.164322	35	19.3739612	5.78568912	180.802785
7	13:32:14	10.49	92.900	26.880	29763.000	29.000	92.922984	19.4673651	189.386346	142.051834	7.13445995	222.951874	35	19.3739612	5.78018124	180.630664
7	13:32:29	10.74	92.840	26.880	29768.000	29.000	92.922984	19.4673651	189.386346	142.051834	7.13445995	222.951874	35	19.3739612	5.78018124	180.630664
7	13:32:44	10.99	92.520	26.920	29786.000	29.000	92.569847	19.3933829	188.666617	141.511991	7.10734670	222.104585	35	19.3739612	5.75821469	179.944209
7	13:32:59	11.24	92.270	26.950	29786.000	29.000	92.306086	19.3381250	188.129046	141.108778	7.08709561	221.471738	35	19.3739612	5.74180771	179.431491
7	13:33:14	11.49	92.910	26.880	29803.000	29.000	92.922984	19.4673651	189.386346	142.051834	7.13445995	222.951874	35	19.3739612	5.78018124	180.630664
7	13:33:29	11.74	92.650	26.910	29801.000	29.000	92.657975	19.4118457	188.846231	141.646713	7.11411301	222.316032	35	19.3739612	5.76369660	180.115519
7	13:33:44	11.99	92.540	26.920	29810.000	29.000	92.569847	19.3933829	188.666617	141.511991	7.10734670	222.104585	35	19.3739612	5.75821469	179.944209
7	13:33:59	12.24	92.300	26.950	29832.000	29.000	92.306086	19.3381250	188.129046	141.108778	7.08709561	221.471738	35	19.3739612	5.74180771	179.431491
7	13:34:14	12.49	92.610	26.910	29824.000	29.000	92.657975	19.4118457	188.846231	141.646713	7.11411301	222.316032	35	19.3739612	5.76369660	180.115519
7	13:34:29	12.74	92.930	26.870	29833.000	29.000	93.011529	19.4859154	189.566810	142.187194	7.14125831	223.164322	35	19.3739612	5.78568912	180.802785
7	13:34:44	12.99	92.390	26.940	29813.000	29.000	92.393902	19.3565225	188.308025	141.243024	7.09383802	221.682438	35	19.3739612	5.74727025	179.602195
7	13:34:59	13.24	92.420	26.930	29830.000	29.000	92.481823	19.3749418	188.487215	141.377428	7.10058838	221.893387	35	19.3739612	5.75273924	179.773101
7	13:35:14	13.49	92.250	26.950	29850.000	29.000	92.306086	19.3381250	188.129046	141.108778	7.08709561	221.471738	35	19.3739612	5.74180771	179.431491
7	13:35:29	13.74	92.510	26.920	29866.000	29.000	92.569847	19.3933829	188.666617	141.511991	7.10734670	222.104585	35	19.3739612	5.75821469	179.944209
7	13:35:44	13.99	92.630	26.910	29841.000	29.000	92.657975	19.4118457	188.846231	141.646713	7.11411301	222.316032	35	19.3739612	5.76369660	180.115519
7	13:35:59	14.24	92.590	26.910	29880.000	29.000	92.657975	19.4118457	188.846231	141.646713	7.11411301	222.316032	35	19.3739612	5.76369660	180.115519
7	13:36:14	14.49	92.170	26.960	29871.000	29.000	92.218373	19.3197491	187.950278	140.974691	7.08036116	221.261286	35	19.3739612	5.73635160	179.260987
7	13:36:29	14.74	92.270	26.950	29864.000	29.000	92.306086	19.3381250	188.129046	141.108778	7.08709561	221.471738	35	19.3739612	5.74180771	179.431491
7	13:36:44	14.99	92.250	26.950	29887.000	29.000	92.306086	19.3381250	188.129046	141.108778	7.08709561	221.471738	35	19.3739612	5.74180771	179.431491
7	13:36:59	15.24	92.360	26.940	29868.000	29.000	92.393902	19.3565225	188.308025	141.243024	7.09383802	221.682438	35	19.3739612	5.74727025	179.602195
7	13:37:14	15.49	91.940	26.990	29884.000	29.000	91.955853	19.2647511	187.415236	140.573375	7.06020535	220.631417	35	19.3739612	5.72002181	178.750681
7	13:37:29	15.74	91.910	26.990	29897.000	29.000	91.955853	19.2647511	187.415236	140.573375	7.06020535	220.631417	35	19.3739612	5.72002181	178.750681
7	13:37:44	15.99	91.900	26.990	29925.000	29.000	91.955853	19.2647511	187.415236	140.573375	7.06020535	220.631417	35	19.3739612	5.72002181	178.750681
7	13:37:59	16.24	92.170	26.960	29916.000	29.000	92.218373	19.3197491	187.950278	140.974691	7.08036116	221.261286	35	19.3739612	5.73635160	179.260987
7	13:38:14	16.49	91.640	27.020	29923.000	29.000	91.694259	19.2099472	186.882080	140.173475	7.04012062	220.003769	35	19.3739612	5.70374961	178.242175
7	13:38:29	16.74	92.120	26.970	29926.000	29.000	92.130763	19.3013948	187.771720	140.840761	7.07363464	221.051082	35	19.3739612	5.73090192	179.090685
7	13:38:44	16.99	91.920	26.990	29927.000	29.000	91.955853	19.2647511	187.415236	140.573375	7.06020535	220.631417	35	19.3739612	5.72002181	178.750681
7	13:38:59	17.24	91.800	27.000	29926.000	29.000	91.868552	19.2464616	187.237308	140.439918	7.05350255	220.421955	35	19.3739612	5.71459135	178.580980
7	13:39:14	17.49	92.060	26.970	29930.000	29.000	92.130763	19.3013948	187.771720	140.840761	7.07363464	221.051082	35	19.3739612	5.73090192	179.090685
7	13:39:29	17.74	91.510	27.040	29932.000	29.000	91.520375	19.1735185	186.527688	139.907658	7.02677013	219.586567	35	19.3739612	5.69293334	177.904167
7	13:39:44	17.99	91.570	27.030	29950.000	29.000	91.607266	19.1917221	186.704780	140.040488	7.03344145	219.795045	35	19.3739612	5.69833829	178.073072
7	13:39:59	18.24	91.850	27.000	29960.000	29.000	91.868552	19.2464616	187.237308	140.439918	7.05350255	220.421955	35	19.3739612	5.71459135	178.580980
7	13:40:14	18.49	91.240	27.070	29957.000	29.000	91.260314	19.1190359	185.997659	139.510103	7.00680317	218.962599	35	19.3739612	5.67675655	177.398642
7	13:40:29	18.74	91.480	27.040	29966.000	29.000	91.520375	19.1735185	186.527688	139.907658	7.02677013	219.586567	35	19.3739612	5.69293334	177.904167
7	13:40:44	18.99	91.720	27.010	29984.000	29.000	91.781354	19.2281937	187.059590	140.306618	7.04680765	220.212739	35	19.3739612	5.70916729	178.411478
7	13:40:59	19.24	91.520	27.040	29979.000	29.000	91.520375	19.1735185	186.527688	139.907658	7.02677013	219.586567	35	19.3739612	5.69293334	177.904167
7	13:41:14	19.49	91.520	27.030	29989.000	29.000	91.607266	19.1917221	186.704780	140.040488	7.03344145	219.795045	35	19.3739612	5.69833829	178.073072
7	13:41:29	19.74	91.490	27.040	29988.000	29.000	91.520375	19.1735185	186.527688	139.907658	7.02677013	219.586567	35	19.3739612	5.69293334	177.904167
