Chamber	Time/hh:mm:ss	Logtime/min	Oxy/% air sat.	Phase/°	Amp	Temp/°C	% air-sat.	% oxygen	pO2 (hPa)	pO2 (Torr)	cO2 [mg/L]	cO2 [µmol/L]	Salinity	chlorinity	SalCorcO2 [mg/L]	SalCorcO2 [µmol/L]
10	11:39:18	0.00	95.630	27.090	40185.000	26.000	95.638125	20.0361871	196.214335	147.173261	7.73819350	241.818547	35	19.3739612	6.31365985	197.301870
10	11:39:27	0.15	95.530	27.100	40214.000	26.000	95.547588	20.0172198	196.028588	147.033939	7.73086811	241.589628	35	19.3739612	6.30768300	197.115094
10	11:39:42	0.40	95.850	27.060	40231.000	26.000	95.910372	20.0932229	196.772886	147.592210	7.76022133	242.506916	35	19.3739612	6.33163255	197.863517
10	11:39:57	0.65	95.690	27.080	40161.000	26.000	95.728767	20.0551767	196.400301	147.312747	7.74552750	242.047734	35	19.3739612	6.31964372	197.488866
10	11:40:12	0.90	95.550	27.090	40211.000	26.000	95.638125	20.0361871	196.214335	147.173261	7.73819350	241.818547	35	19.3739612	6.31365985	197.301870
10	11:40:27	1.15	95.620	27.090	40181.000	26.000	95.638125	20.0361871	196.214335	147.173261	7.73819350	241.818547	35	19.3739612	6.31365985	197.301870
10	11:40:42	1.40	95.440	27.110	40184.000	26.000	95.457158	19.9982746	195.843059	146.894780	7.72355129	241.360978	35	19.3739612	6.30171314	196.928536
10	11:40:57	1.65	95.490	27.100	40212.000	26.000	95.547588	20.0172198	196.028588	147.033939	7.73086811	241.589628	35	19.3739612	6.30768300	197.115094
10	11:41:12	1.90	95.840	27.060	40226.000	26.000	95.910372	20.0932229	196.772886	147.592210	7.76022133	242.506916	35	19.3739612	6.33163255	197.863517
10	11:41:27	2.15	95.500	27.100	40218.000	26.000	95.547588	20.0172198	196.028588	147.033939	7.73086811	241.589628	35	19.3739612	6.30768300	197.115094
10	11:41:42	2.40	95.520	27.100	40242.000	26.000	95.547588	20.0172198	196.028588	147.033939	7.73086811	241.589628	35	19.3739612	6.30768300	197.115094
10	11:41:57	2.65	95.070	27.150	40223.000	26.000	95.096495	19.9227157	195.103110	146.339772	7.69436962	240.449051	35	19.3739612	6.27790356	196.184486
10	11:42:12	2.90	95.430	27.110	40226.000	26.000	95.457158	19.9982746	195.843059	146.894780	7.72355129	241.360978	35	19.3739612	6.30171314	196.928536
10	11:42:27	3.15	95.570	27.090	40248.000	26.000	95.638125	20.0361871	196.214335	147.173261	7.73819350	241.818547	35	19.3739612	6.31365985	197.301870
10	11:42:42	3.40	95.620	27.090	40252.000	26.000	95.638125	20.0361871	196.214335	147.173261	7.73819350	241.818547	35	19.3739612	6.31365985	197.301870
10	11:42:57	3.65	95.290	27.120	40277.000	26.000	95.366834	19.9793517	195.657746	146.755784	7.71624305	241.132595	35	19.3739612	6.29575029	196.742196
10	11:43:12	3.90	95.300	27.120	40270.000	26.000	95.366834	19.9793517	195.657746	146.755784	7.71624305	241.132595	35	19.3739612	6.29575029	196.742196
10	11:43:27	4.15	94.970	27.160	40316.000	26.000	95.006593	19.9038812	194.918664	146.201425	7.68709554	240.221736	35	19.3739612	6.27196857	195.999018
10	11:43:42	4.40	95.460	27.100	40275.000	26.000	95.547588	20.0172198	196.028588	147.033939	7.73086811	241.589628	35	19.3739612	6.30768300	197.115094
10	11:43:57	4.65	95.150	27.140	40274.000	26.000	95.186503	19.9415723	195.287773	146.478280	7.70165223	240.676632	35	19.3739612	6.28384550	196.370172
10	11:44:12	4.90	95.050	27.150	40295.000	26.000	95.096495	19.9227157	195.103110	146.339772	7.69436962	240.449051	35	19.3739612	6.27790356	196.184486
10	11:44:27	5.15	95.150	27.140	40310.000	26.000	95.186503	19.9415723	195.287773	146.478280	7.70165223	240.676632	35	19.3739612	6.28384550	196.370172
10	11:44:42	5.40	95.570	27.090	40312.000	26.000	95.638125	20.0361871	196.214335	147.173261	7.73819350	241.818547	35	19.3739612	6.31365985	197.301870
10	11:44:57	5.65	95.020	27.150	40305.000	26.000	95.096495	19.9227157	195.103110	146.339772	7.69436962	240.449051	35	19.3739612	6.27790356	196.184486
10	11:45:12	5.90	95.180	27.140	40297.000	26.000	95.186503	19.9415723	195.287773	146.478280	7.70165223	240.676632	35	19.3739612	6.28384550	196.370172
10	11:45:27	6.15	95.150	27.140	40322.000	26.000	95.186503	19.9415723	195.287773	146.478280	7.70165223	240.676632	35	19.3739612	6.28384550	196.370172
10	11:45:42	6.40	95.060	27.150	40303.000	26.000	95.096495	19.9227157	195.103110	146.339772	7.69436962	240.449051	35	19.3739612	6.27790356	196.184486
10	11:45:57	6.65	94.680	27.190	40297.000	26.000	94.737517	19.8475098	194.366619	145.787356	7.66532428	239.541384	35	19.3739612	6.25420521	195.443913
10	11:46:12	6.90	95.010	27.150	40336.000	26.000	95.096495	19.9227157	195.103110	146.339772	7.69436962	240.449051	35	19.3739612	6.27790356	196.184486
10	11:46:27	7.15	94.470	27.210	40349.000	26.000	94.558657	19.8100386	193.999663	145.512116	7.65085247	239.089140	35	19.3739612	6.24239754	195.074923
10	11:46:42	7.40	94.380	27.220	40362.000	26.000	94.469383	19.7913358	193.816507	145.374737	7.64362924	238.863414	35	19.3739612	6.23650404	194.890751
10	11:46:57	7.65	95.060	27.150	40347.000	26.000	95.096495	19.9227157	195.103110	146.339772	7.69436962	240.449051	35	19.3739612	6.27790356	196.184486
10	11:47:12	7.90	94.250	27.240	40382.000	26.000	94.291148	19.7539956	193.450835	145.100459	7.62920807	238.412752	35	19.3739612	6.22473768	194.523053
10	11:47:27	8.15	95.240	27.130	40367.000	26.000	95.276615	19.9604509	195.472651	146.616951	7.70894337	240.904480	35	19.3739612	6.28979441	196.556075
10	11:47:42	8.40	94.850	27.170	40388.000	26.000	94.916796	19.8850688	194.734434	146.063241	7.67982996	239.994686	35	19.3739612	6.26604052	195.813766
10	11:47:57	8.65	94.770	27.180	40377.000	26.000	94.827104	19.8662783	194.550419	145.925218	7.67257288	239.767902	35	19.3739612	6.26011941	195.628731
10	11:48:12	8.90	94.460	27.220	40367.000	26.000	94.469383	19.7913358	193.816507	145.374737	7.64362924	238.863414	35	19.3739612	6.23650404	194.890751
10	11:48:27	9.15	94.600	27.200	40378.000	26.000	94.648035	19.8287632	194.183034	145.649656	7.65808415	239.315130	35	19.3739612	6.24829792	195.259310
10	11:48:42	9.40	94.850	27.170	40405.000	26.000	94.916796	19.8850688	194.734434	146.063241	7.67982996	239.994686	35	19.3739612	6.26604052	195.813766
10	11:48:57	9.65	94.720	27.190	40444.000	26.000	94.737517	19.8475098	194.366619	145.787356	7.66532428	239.541384	35	19.3739612	6.25420521	195.443913
10	11:49:12	9.90	94.330	27.230	40389.000	26.000	94.380214	19.7726548	193.633564	145.237518	7.63641445	238.637951	35	19.3739612	6.23061743	194.706795
10	11:49:27	10.15	94.860	27.170	40389.000	26.000	94.916796	19.8850688	194.734434	146.063241	7.67982996	239.994686	35	19.3739612	6.26604052	195.813766
10	11:49:42	10.40	94.620	27.200	40405.000	26.000	94.648035	19.8287632	194.183034	145.649656	7.65808415	239.315130	35	19.3739612	6.24829792	195.259310
10	11:49:57	10.65	94.370	27.230	40439.000	26.000	94.380214	19.7726548	193.633564	145.237518	7.63641445	238.637951	35	19.3739612	6.23061743	194.706795
10	11:50:12	10.90	94.610	27.200	40431.000	26.000	94.648035	19.8287632	194.183034	145.649656	7.65808415	239.315130	35	19.3739612	6.24829792	195.259310
10	11:50:27	11.15	94.240	27.240	40438.000	26.000	94.291148	19.7539956	193.450835	145.100459	7.62920807	238.412752	35	19.3739612	6.22473768	194.523053
10	11:50:42	11.40	94.550	27.210	40428.000	26.000	94.558657	19.8100386	193.999663	145.512116	7.65085247	239.089140	35	19.3739612	6.24239754	195.074923
10	11:50:57	11.65	94.560	27.200	40464.000	26.000	94.648035	19.8287632	194.183034	145.649656	7.65808415	239.315130	35	19.3739612	6.24829792	195.259310
10	11:51:12	11.90	94.270	27.240	40466.000	26.000	94.291148	19.7539956	193.450835	145.100459	7.62920807	238.412752	35	19.3739612	6.22473768	194.523053
10	11:51:27	12.15	94.340	27.230	40474.000	26.000	94.380214	19.7726548	193.633564	145.237518	7.63641445	238.637951	35	19.3739612	6.23061743	194.706795
10	11:51:42	12.40	94.330	27.230	40478.000	26.000	94.380214	19.7726548	193.633564	145.237518	7.63641445	238.637951	35	19.3739612	6.23061743	194.706795
10	11:51:57	12.65	94.410	27.220	40482.000	26.000	94.469383	19.7913358	193.816507	145.374737	7.64362924	238.863414	35	19.3739612	6.23650404	194.890751
10	11:52:12	12.90	94.170	27.250	40474.000	26.000	94.202187	19.7353582	193.268318	144.963561	7.62201010	238.187816	35	19.3739612	6.21886480	194.339525
10	11:52:27	13.15	93.520	27.320	40488.000	26.000	93.582354	19.6055032	191.996648	144.009727	7.57185868	236.620584	35	19.3739612	6.17794581	193.060807
10	11:52:42	13.40	94.130	27.250	40503.000	26.000	94.202187	19.7353582	193.268318	144.963561	7.62201010	238.187816	35	19.3739612	6.21886480	194.339525
10	11:52:57	13.65	93.740	27.300	40505.000	26.000	93.758934	19.6424966	192.358925	144.281457	7.58614593	237.067060	35	19.3739612	6.18960290	193.425091
10	11:53:12	13.90	94.280	27.240	40517.000	26.000	94.291148	19.7539956	193.450835	145.100459	7.62920807	238.412752	35	19.3739612	6.22473768	194.523053
10	11:53:27	14.15	93.530	27.320	40499.000	26.000	93.582354	19.6055032	191.996648	144.009727	7.57185868	236.620584	35	19.3739612	6.17794581	193.060807
10	11:53:42	14.40	94.040	27.260	40541.000	26.000	94.113330	19.7167425	193.086015	144.826822	7.61482053	237.963141	35	19.3739612	6.21299876	194.156211
10	11:53:57	14.65	94.120	27.250	40531.000	26.000	94.202187	19.7353582	193.268318	144.963561	7.62201010	238.187816	35	19.3739612	6.21886480	194.339525
10	11:54:12	14.90	93.540	27.320	40576.000	26.000	93.582354	19.6055032	191.996648	144.009727	7.57185868	236.620584	35	19.3739612	6.17794581	193.060807
10	11:54:27	15.15	93.780	27.290	40593.000	26.000	93.847378	19.6610256	192.540380	144.417560	7.59330205	237.290689	35	19.3739612	6.19544164	193.607551
10	11:54:42	15.40	94.060	27.260	40576.000	26.000	94.113330	19.7167425	193.086015	144.826822	7.61482053	237.963141	35	19.3739612	6.21299876	194.156211
10	11:54:57	15.65	94.220	27.240	40575.000	26.000	94.291148	19.7539956	193.450835	145.100459	7.62920807	238.412752	35	19.3739612	6.22473768	194.523053
10	11:55:12	15.90	93.910	27.280	40578.000	26.000	93.935925	19.6795763	192.722046	144.553822	7.60046651	237.514579	35	19.3739612	6.20128719	193.790225
10	11:55:27	16.15	93.620	27.310	40588.000	26.000	93.670592	19.6239891	192.177681	144.145513	7.57899814	236.843692	35	19.3739612	6.18377096	193.242843
10	11:55:42	16.40	93.630	27.310	40606.000	26.000	93.670592	19.6239891	192.177681	144.145513	7.57899814	236.843692	35	19.3739612	6.18377096	193.242843
10	11:55:57	16.65	93.760	27.290	40613.000	26.000	93.847378	19.6610256	192.540380	144.417560	7.59330205	237.290689	35	19.3739612	6.19544164	193.607551
10	11:56:12	16.90	93.800	27.290	40593.000	26.000	93.847378	19.6610256	192.540380	144.417560	7.59330205	237.290689	35	19.3739612	6.19544164	193.607551
10	11:56:27	17.15	93.710	27.300	40610.000	26.000	93.758934	19.6424966	192.358925	144.281457	7.58614593	237.067060	35	19.3739612	6.18960290	193.425091
10	11:56:42	17.40	93.360	27.340	40593.000	26.000	93.406185	19.5685958	191.635215	143.738629	7.55760466	236.175146	35	19.3739612	6.16631583	192.697370
10	11:56:57	17.65	93.460	27.330	40647.000	26.000	93.494218	19.5870388	191.815827	143.874099	7.56472752	236.397735	35	19.3739612	6.17212744	192.878982
10	11:57:12	17.90	93.600	27.310	40603.000	26.000	93.670592	19.6239891	192.177681	144.145513	7.57899814	236.843692	35	19.3739612	6.18377096	193.242843
10	11:57:27	18.15	93.410	27.330	40646.000	26.000	93.494218	19.5870388	191.815827	143.874099	7.56472752	236.397735	35	19.3739612	6.17212744	192.878982
10	11:57:42	18.40	93.180	27.360	40653.000	26.000	93.230426	19.5317743	191.274621	143.468161	7.54338377	235.730743	35	19.3739612	6.15471288	192.334778
10	11:57:57	18.65	93.510	27.320	40665.000	26.000	93.582354	19.6055032	191.996648	144.009727	7.57185868	236.620584	35	19.3739612	6.17794581	193.060807
10	11:58:12	18.90	93.720	27.300	40634.000	26.000	93.758934	19.6424966	192.358925	144.281457	7.58614593	237.067060	35	19.3739612	6.18960290	193.425091
10	11:58:27	19.15	93.410	27.330	40632.000	26.000	93.494218	19.5870388	191.815827	143.874099	7.56472752	236.397735	35	19.3739612	6.17212744	192.878982
10	11:58:42	19.40	93.090	27.370	40696.000	26.000	93.142700	19.5133956	191.094639	143.333163	7.53628572	235.508929	35	19.3739612	6.14892153	192.153798
10	11:58:57	19.65	93.410	27.330	40658.000	26.000	93.494218	19.5870388	191.815827	143.874099	7.56472752	236.397735	35	19.3739612	6.17212744	192.878982
10	11:59:12	19.90	93.120	27.370	40653.000	26.000	93.142700	19.5133956	191.094639	143.333163	7.53628572	235.508929	35	19.3739612	6.14892153	192.153798
10	11:59:27	20.15	93.610	27.310	40681.000	26.000	93.670592	19.6239891	192.177681	144.145513	7.57899814	236.843692	35	19.3739612	6.18377096	193.242843
10	11:59:42	20.40	93.630	27.310	40699.000	26.000	93.670592	19.6239891	192.177681	144.145513	7.57899814	236.843692	35	19.3739612	6.18377096	193.242843
10	11:59:57	20.65	93.270	27.350	40670.000	26.000	93.318255	19.5501743	191.454813	143.603316	7.55049008	235.952815	35	19.3739612	6.16051098	192.515968
