Chamber	Time/hh:mm:ss	Logtime/min	Oxy/% air sat.	Phase/°	Amp	Temp/°C	% air-sat.	% oxygen	pO2 (hPa)	pO2 (Torr)	cO2 [mg/L]	cO2 [µmol/L]	Salinity	chlorinity	SalCorcO2 [mg/L]	SalCorcO2 [µmol/L]
10	12:50:17	0.00	96.550	29.580	45460.000	12.000	96.619459	20.2417767	202.202040	151.664421	10.37933515	324.354223	35	19.3739612	8.31812983	259.941557
10	12:50:23	0.11	96.100	29.630	45421.000	12.000	96.187015	20.1511796	201.297035	150.985610	10.33287987	322.902496	35	19.3739612	8.28089998	258.778125
10	12:50:38	0.36	96.510	29.590	45389.000	12.000	96.532783	20.2236180	202.020647	151.528365	10.37002400	324.063250	35	19.3739612	8.31066775	259.708367
10	12:50:53	0.61	96.370	29.600	45431.000	12.000	96.446201	20.2054791	201.839451	151.392457	10.36072291	323.772591	35	19.3739612	8.30321374	259.475430
10	12:51:08	0.86	96.240	29.620	45429.000	12.000	96.273317	20.1692599	201.477645	151.121079	10.34215086	323.192214	35	19.3739612	8.28832987	259.010308
10	12:51:23	1.11	96.350	29.610	45424.000	12.000	96.359712	20.1873597	201.658450	151.256694	10.35143187	323.482246	35	19.3739612	8.29576779	259.242743
10	12:51:38	1.36	96.520	29.590	45415.000	12.000	96.532783	20.2236180	202.020647	151.528365	10.37002400	324.063250	35	19.3739612	8.31066775	259.708367
10	12:51:53	1.61	95.960	29.650	45412.000	12.000	96.014690	20.1150775	200.936399	150.715110	10.31436790	322.323997	35	19.3739612	8.26606426	258.314508
10	12:52:08	1.86	96.120	29.630	45432.000	12.000	96.187015	20.1511796	201.297035	150.985610	10.33287987	322.902496	35	19.3739612	8.28089998	258.778125
10	12:52:23	2.11	96.270	29.620	45432.000	12.000	96.273317	20.1692599	201.477645	151.121079	10.34215086	323.192214	35	19.3739612	8.28832987	259.010308
10	12:52:38	2.36	95.960	29.650	45428.000	12.000	96.014690	20.1150775	200.936399	150.715110	10.31436790	322.323997	35	19.3739612	8.26606426	258.314508
10	12:52:53	2.61	96.450	29.590	45385.000	12.000	96.532783	20.2236180	202.020647	151.528365	10.37002400	324.063250	35	19.3739612	8.31066775	259.708367
10	12:53:08	2.86	95.960	29.650	45425.000	12.000	96.014690	20.1150775	200.936399	150.715110	10.31436790	322.323997	35	19.3739612	8.26606426	258.314508
10	12:53:23	3.11	96.350	29.610	45476.000	12.000	96.359712	20.1873597	201.658450	151.256694	10.35143187	323.482246	35	19.3739612	8.29576779	259.242743
10	12:53:38	3.36	96.550	29.580	45402.000	12.000	96.619459	20.2417767	202.202040	151.664421	10.37933515	324.354223	35	19.3739612	8.31812983	259.941557
10	12:53:53	3.61	96.600	29.580	45455.000	12.000	96.619459	20.2417767	202.202040	151.664421	10.37933515	324.354223	35	19.3739612	8.31812983	259.941557
10	12:54:08	3.86	96.370	29.600	45462.000	12.000	96.446201	20.2054791	201.839451	151.392457	10.36072291	323.772591	35	19.3739612	8.30321374	259.475430
10	12:54:23	4.11	96.360	29.600	45404.000	12.000	96.446201	20.2054791	201.839451	151.392457	10.36072291	323.772591	35	19.3739612	8.30321374	259.475430
10	12:54:38	4.36	96.200	29.620	45423.000	12.000	96.273317	20.1692599	201.477645	151.121079	10.34215086	323.192214	35	19.3739612	8.28832987	259.010308
10	12:54:53	4.61	96.040	29.640	45396.000	12.000	96.100806	20.1331188	201.116620	150.850287	10.32361889	322.613090	35	19.3739612	8.27347812	258.546191
10	12:55:08	4.86	96.480	29.590	45443.000	12.000	96.532783	20.2236180	202.020647	151.528365	10.37002400	324.063250	35	19.3739612	8.31066775	259.708367
10	12:55:23	5.11	95.980	29.650	45441.000	12.000	96.014690	20.1150775	200.936399	150.715110	10.31436790	322.323997	35	19.3739612	8.26606426	258.314508
10	12:55:38	5.36	96.410	29.600	45470.000	12.000	96.446201	20.2054791	201.839451	151.392457	10.36072291	323.772591	35	19.3739612	8.30321374	259.475430
10	12:55:53	5.61	96.140	29.630	45444.000	12.000	96.187015	20.1511796	201.297035	150.985610	10.33287987	322.902496	35	19.3739612	8.28089998	258.778125
10	12:56:08	5.86	96.250	29.620	45498.000	12.000	96.273317	20.1692599	201.477645	151.121079	10.34215086	323.192214	35	19.3739612	8.28832987	259.010308
10	12:56:23	6.11	95.580	29.700	45464.000	12.000	95.585501	20.0251625	200.038207	150.041408	10.26826233	320.883198	35	19.3739612	8.22911467	257.159833
10	12:56:38	6.36	96.580	29.580	45439.000	12.000	96.619459	20.2417767	202.202040	151.664421	10.37933515	324.354223	35	19.3739612	8.31812983	259.941557
10	12:56:53	6.61	96.020	29.640	45447.000	12.000	96.100806	20.1331188	201.116620	150.850287	10.32361889	322.613090	35	19.3739612	8.27347812	258.546191
10	12:57:08	6.86	96.440	29.600	45472.000	12.000	96.446201	20.2054791	201.839451	151.392457	10.36072291	323.772591	35	19.3739612	8.30321374	259.475430
10	12:57:23	7.11	96.420	29.600	45468.000	12.000	96.446201	20.2054791	201.839451	151.392457	10.36072291	323.772591	35	19.3739612	8.30321374	259.475430
10	12:57:38	7.36	96.370	29.600	45478.000	12.000	96.446201	20.2054791	201.839451	151.392457	10.36072291	323.772591	35	19.3739612	8.30321374	259.475430
10	12:57:53	7.61	96.110	29.630	45477.000	12.000	96.187015	20.1511796	201.297035	150.985610	10.33287987	322.902496	35	19.3739612	8.28089998	258.778125
10	12:58:08	7.86	95.920	29.660	45415.000	12.000	95.928667	20.0970557	200.756373	150.580079	10.30512688	322.035215	35	19.3739612	8.25865839	258.083075
10	12:58:23	8.11	96.080	29.640	45509.000	12.000	96.100806	20.1331188	201.116620	150.850287	10.32361889	322.613090	35	19.3739612	8.27347812	258.546191
10	12:58:38	8.36	96.490	29.590	45457.000	12.000	96.532783	20.2236180	202.020647	151.528365	10.37002400	324.063250	35	19.3739612	8.31066775	259.708367
10	12:58:53	8.61	96.100	29.640	45513.000	12.000	96.100806	20.1331188	201.116620	150.850287	10.32361889	322.613090	35	19.3739612	8.27347812	258.546191
10	12:59:08	8.86	96.250	29.620	45469.000	12.000	96.273317	20.1692599	201.477645	151.121079	10.34215086	323.192214	35	19.3739612	8.28832987	259.010308
10	12:59:23	9.11	96.590	29.580	45476.000	12.000	96.619459	20.2417767	202.202040	151.664421	10.37933515	324.354223	35	19.3739612	8.31812983	259.941557
10	12:59:38	9.36	95.910	29.660	45483.000	12.000	95.928667	20.0970557	200.756373	150.580079	10.30512688	322.035215	35	19.3739612	8.25865839	258.083075
10	12:59:53	9.61	96.480	29.590	45456.000	12.000	96.532783	20.2236180	202.020647	151.528365	10.37002400	324.063250	35	19.3739612	8.31066775	259.708367
10	13:00:08	9.86	96.280	29.610	45401.000	12.000	96.359712	20.1873597	201.658450	151.256694	10.35143187	323.482246	35	19.3739612	8.29576779	259.242743
10	13:00:23	10.11	96.380	29.600	45419.000	12.000	96.446201	20.2054791	201.839451	151.392457	10.36072291	323.772591	35	19.3739612	8.30321374	259.475430
10	13:00:38	10.36	96.090	29.640	45462.000	12.000	96.100806	20.1331188	201.116620	150.850287	10.32361889	322.613090	35	19.3739612	8.27347812	258.546191
10	13:00:53	10.61	96.100	29.640	45462.000	12.000	96.100806	20.1331188	201.116620	150.850287	10.32361889	322.613090	35	19.3739612	8.27347812	258.546191
10	13:01:08	10.86	96.450	29.590	45457.000	12.000	96.532783	20.2236180	202.020647	151.528365	10.37002400	324.063250	35	19.3739612	8.31066775	259.708367
10	13:01:23	11.11	96.160	29.630	45453.000	12.000	96.187015	20.1511796	201.297035	150.985610	10.33287987	322.902496	35	19.3739612	8.28089998	258.778125
10	13:01:38	11.36	96.420	29.600	45435.000	12.000	96.446201	20.2054791	201.839451	151.392457	10.36072291	323.772591	35	19.3739612	8.30321374	259.475430
10	13:01:53	11.61	96.010	29.650	45430.000	12.000	96.014690	20.1150775	200.936399	150.715110	10.31436790	322.323997	35	19.3739612	8.26606426	258.314508
10	13:02:08	11.86	96.680	29.570	45461.000	12.000	96.706229	20.2599549	202.383629	151.800625	10.38865637	324.645512	35	19.3739612	8.32559997	260.174999
10	13:02:23	12.11	96.550	29.580	45439.000	12.000	96.619459	20.2417767	202.202040	151.664421	10.37933515	324.354223	35	19.3739612	8.31812983	259.941557
10	13:02:38	12.36	95.810	29.670	45429.000	12.000	95.842737	20.0790533	200.576541	150.445193	10.29589583	321.746745	35	19.3739612	8.25126051	257.851891
10	13:02:53	12.61	96.460	29.590	45434.000	12.000	96.532783	20.2236180	202.020647	151.528365	10.37002400	324.063250	35	19.3739612	8.31066775	259.708367
10	13:03:08	12.86	96.620	29.570	45432.000	12.000	96.706229	20.2599549	202.383629	151.800625	10.38865637	324.645512	35	19.3739612	8.32559997	260.174999
10	13:03:23	13.11	95.980	29.650	45458.000	12.000	96.014690	20.1150775	200.936399	150.715110	10.31436790	322.323997	35	19.3739612	8.26606426	258.314508
10	13:03:38	13.36	96.450	29.590	45477.000	12.000	96.532783	20.2236180	202.020647	151.528365	10.37002400	324.063250	35	19.3739612	8.31066775	259.708367
10	13:03:53	13.61	97.070	29.520	45409.000	12.000	97.141489	20.3511419	203.294526	152.483856	10.43541413	326.106692	35	19.3739612	8.36307223	261.346007
10	13:04:09	13.86	96.280	29.610	45451.000	12.000	96.359712	20.1873597	201.658450	151.256694	10.35143187	323.482246	35	19.3739612	8.29576779	259.242743
10	13:04:23	14.11	96.030	29.640	45486.000	12.000	96.100806	20.1331188	201.116620	150.850287	10.32361889	322.613090	35	19.3739612	8.27347812	258.546191
10	13:04:38	14.36	96.240	29.620	45488.000	12.000	96.273317	20.1692599	201.477645	151.121079	10.34215086	323.192214	35	19.3739612	8.28832987	259.010308
10	13:04:53	14.61	96.480	29.590	45463.000	12.000	96.532783	20.2236180	202.020647	151.528365	10.37002400	324.063250	35	19.3739612	8.31066775	259.708367
10	13:05:08	14.86	96.280	29.610	45441.000	12.000	96.359712	20.1873597	201.658450	151.256694	10.35143187	323.482246	35	19.3739612	8.29576779	259.242743
10	13:05:23	15.11	96.620	29.570	45460.000	12.000	96.706229	20.2599549	202.383629	151.800625	10.38865637	324.645512	35	19.3739612	8.32559997	260.174999
10	13:05:38	15.36	96.340	29.610	45442.000	12.000	96.359712	20.1873597	201.658450	151.256694	10.35143187	323.482246	35	19.3739612	8.29576779	259.242743
10	13:05:53	15.61	96.740	29.560	45459.000	12.000	96.793092	20.2781528	202.565414	151.936975	10.39798769	324.937115	35	19.3739612	8.33307821	260.408694
10	13:06:08	15.86	96.690	29.570	45420.000	12.000	96.706229	20.2599549	202.383629	151.800625	10.38865637	324.645512	35	19.3739612	8.32559997	260.174999
10	13:06:23	16.11	96.430	29.600	45390.000	12.000	96.446201	20.2054791	201.839451	151.392457	10.36072291	323.772591	35	19.3739612	8.30321374	259.475430
10	13:06:38	16.36	96.260	29.620	45429.000	12.000	96.273317	20.1692599	201.477645	151.121079	10.34215086	323.192214	35	19.3739612	8.28832987	259.010308
10	13:06:53	16.61	96.770	29.560	45440.000	12.000	96.793092	20.2781528	202.565414	151.936975	10.39798769	324.937115	35	19.3739612	8.33307821	260.408694
10	13:07:08	16.86	96.080	29.640	45395.000	12.000	96.100806	20.1331188	201.116620	150.850287	10.32361889	322.613090	35	19.3739612	8.27347812	258.546191
10	13:07:23	17.11	96.600	29.580	45439.000	12.000	96.619459	20.2417767	202.202040	151.664421	10.37933515	324.354223	35	19.3739612	8.31812983	259.941557
10	13:07:38	17.36	96.590	29.580	45394.000	12.000	96.619459	20.2417767	202.202040	151.664421	10.37933515	324.354223	35	19.3739612	8.31812983	259.941557
10	13:07:53	17.61	96.510	29.590	45408.000	12.000	96.532783	20.2236180	202.020647	151.528365	10.37002400	324.063250	35	19.3739612	8.31066775	259.708367
10	13:08:09	17.86	96.070	29.640	45423.000	12.000	96.100806	20.1331188	201.116620	150.850287	10.32361889	322.613090	35	19.3739612	8.27347812	258.546191
10	13:08:23	18.11	96.450	29.590	45435.000	12.000	96.532783	20.2236180	202.020647	151.528365	10.37002400	324.063250	35	19.3739612	8.31066775	259.708367
10	13:08:38	18.36	97.060	29.520	45403.000	12.000	97.141489	20.3511419	203.294526	152.483856	10.43541413	326.106692	35	19.3739612	8.36307223	261.346007
10	13:08:53	18.61	96.670	29.570	45428.000	12.000	96.706229	20.2599549	202.383629	151.800625	10.38865637	324.645512	35	19.3739612	8.32559997	260.174999
10	13:09:08	18.86	96.390	29.600	45426.000	12.000	96.446201	20.2054791	201.839451	151.392457	10.36072291	323.772591	35	19.3739612	8.30321374	259.475430
10	13:09:23	19.11	96.350	29.610	45379.000	12.000	96.359712	20.1873597	201.658450	151.256694	10.35143187	323.482246	35	19.3739612	8.29576779	259.242743
10	13:09:38	19.36	96.600	29.580	45385.000	12.000	96.619459	20.2417767	202.202040	151.664421	10.37933515	324.354223	35	19.3739612	8.31812983	259.941557
10	13:09:53	19.61	96.760	29.560	45432.000	12.000	96.793092	20.2781528	202.565414	151.936975	10.39798769	324.937115	35	19.3739612	8.33307821	260.408694
10	13:10:08	19.86	96.460	29.590	45382.000	12.000	96.532783	20.2236180	202.020647	151.528365	10.37002400	324.063250	35	19.3739612	8.31066775	259.708367
10	13:10:23	20.11	96.270	29.620	45440.000	12.000	96.273317	20.1692599	201.477645	151.121079	10.34215086	323.192214	35	19.3739612	8.28832987	259.010308
10	13:10:38	20.36	96.290	29.610	45408.000	12.000	96.359712	20.1873597	201.658450	151.256694	10.35143187	323.482246	35	19.3739612	8.29576779	259.242743
10	13:10:53	20.61	96.570	29.580	45397.000	12.000	96.619459	20.2417767	202.202040	151.664421	10.37933515	324.354223	35	19.3739612	8.31812983	259.941557
