Chamber	Time/hh:mm:ss	Logtime/min	Oxy/% air sat.	Phase/°	Amp	Temp/°C	% air-sat.	% oxygen	pO2 (hPa)	pO2 (Torr)	cO2 [mg/L]	cO2 [µmol/L]	Salinity	chlorinity	SalCorcO2 [mg/L]	SalCorcO2 [µmol/L]
2	12:17:51	0.00	97.000	29.530	16286.000	12.000	97.054248	20.3328650	203.111952	152.346914	10.42604231	325.813822	35	19.3739612	8.35556154	261.111298
2	12:17:53	0.03	96.730	29.560	16292.000	12.000	96.793092	20.2781528	202.565414	151.936975	10.39798769	324.937115	35	19.3739612	8.33307821	260.408694
2	12:18:08	0.28	97.200	29.510	16297.000	12.000	97.228824	20.3694386	203.477299	152.620947	10.44479611	326.399878	35	19.3739612	8.37059106	261.580971
2	12:18:23	0.53	96.640	29.570	16275.000	12.000	96.706229	20.2599549	202.383629	151.800625	10.38865637	324.645512	35	19.3739612	8.32559997	260.174999
2	12:18:38	0.78	97.060	29.520	16254.000	12.000	97.141489	20.3511419	203.294526	152.483856	10.43541413	326.106692	35	19.3739612	8.36307223	261.346007
2	12:18:53	1.03	96.370	29.600	16277.000	12.000	96.446201	20.2054791	201.839451	151.392457	10.36072291	323.772591	35	19.3739612	8.30321374	259.475430
2	12:19:08	1.28	96.380	29.600	16271.000	12.000	96.446201	20.2054791	201.839451	151.392457	10.36072291	323.772591	35	19.3739612	8.30321374	259.475430
2	12:19:23	1.53	96.700	29.570	16237.000	12.000	96.706229	20.2599549	202.383629	151.800625	10.38865637	324.645512	35	19.3739612	8.32559997	260.174999
2	12:19:38	1.78	96.840	29.550	16287.000	12.000	96.880050	20.2963705	202.747396	152.073473	10.40732911	325.229035	35	19.3739612	8.34056454	260.642642
2	12:19:53	2.03	97.440	29.480	16253.000	12.000	97.491398	20.4244479	204.026806	153.033112	10.47300314	327.281348	35	19.3739612	8.39319653	262.287392
2	12:20:08	2.28	96.890	29.540	16239.000	12.000	96.967102	20.3146078	202.929575	152.210119	10.41668065	325.521270	35	19.3739612	8.34805898	260.876843
2	12:20:23	2.53	96.660	29.570	16252.000	12.000	96.706229	20.2599549	202.383629	151.800625	10.38865637	324.645512	35	19.3739612	8.32559997	260.174999
2	12:20:38	2.78	97.320	29.490	16255.000	12.000	97.403779	20.4060916	203.843438	152.895575	10.46359060	326.987206	35	19.3739612	8.38565320	262.051663
2	12:20:53	3.03	96.280	29.610	16247.000	12.000	96.359712	20.1873597	201.658450	151.256694	10.35143187	323.482246	35	19.3739612	8.29576779	259.242743
2	12:21:08	3.28	97.340	29.490	16235.000	12.000	97.403779	20.4060916	203.843438	152.895575	10.46359060	326.987206	35	19.3739612	8.38565320	262.051663
2	12:21:23	3.53	96.720	29.560	16223.000	12.000	96.793092	20.2781528	202.565414	151.936975	10.39798769	324.937115	35	19.3739612	8.33307821	260.408694
2	12:21:38	3.78	97.010	29.530	16218.000	12.000	97.054248	20.3328650	203.111952	152.346914	10.42604231	325.813822	35	19.3739612	8.35556154	261.111298
2	12:21:53	4.03	97.060	29.520	16222.000	12.000	97.141489	20.3511419	203.294526	152.483856	10.43541413	326.106692	35	19.3739612	8.36307223	261.346007
2	12:22:08	4.28	96.760	29.560	16239.000	12.000	96.793092	20.2781528	202.565414	151.936975	10.39798769	324.937115	35	19.3739612	8.33307821	260.408694
2	12:22:23	4.53	96.810	29.550	16211.000	12.000	96.880050	20.2963705	202.747396	152.073473	10.40732911	325.229035	35	19.3739612	8.34056454	260.642642
2	12:22:38	4.78	97.270	29.500	16210.000	12.000	97.316254	20.3877552	203.660269	152.758186	10.45418826	326.693383	35	19.3739612	8.37811805	261.816189
2	12:22:53	5.03	96.870	29.550	16235.000	12.000	96.880050	20.2963705	202.747396	152.073473	10.40732911	325.229035	35	19.3739612	8.34056454	260.642642
2	12:23:08	5.28	96.840	29.550	16196.000	12.000	96.880050	20.2963705	202.747396	152.073473	10.40732911	325.229035	35	19.3739612	8.34056454	260.642642
2	12:23:23	5.53	96.530	29.590	16214.000	12.000	96.532783	20.2236180	202.020647	151.528365	10.37002400	324.063250	35	19.3739612	8.31066775	259.708367
2	12:23:38	5.78	96.680	29.570	16198.000	12.000	96.706229	20.2599549	202.383629	151.800625	10.38865637	324.645512	35	19.3739612	8.32559997	260.174999
2	12:23:53	6.03	97.100	29.520	16199.000	12.000	97.141489	20.3511419	203.294526	152.483856	10.43541413	326.106692	35	19.3739612	8.36307223	261.346007
2	12:24:08	6.28	97.430	29.480	16186.000	12.000	97.491398	20.4244479	204.026806	153.033112	10.47300314	327.281348	35	19.3739612	8.39319653	262.287392
2	12:24:23	6.53	97.010	29.530	16206.000	12.000	97.054248	20.3328650	203.111952	152.346914	10.42604231	325.813822	35	19.3739612	8.35556154	261.111298
2	12:24:38	6.78	97.240	29.500	16214.000	12.000	97.316254	20.3877552	203.660269	152.758186	10.45418826	326.693383	35	19.3739612	8.37811805	261.816189
2	12:24:53	7.03	96.500	29.590	16208.000	12.000	96.532783	20.2236180	202.020647	151.528365	10.37002400	324.063250	35	19.3739612	8.31066775	259.708367
2	12:25:08	7.28	97.190	29.510	16185.000	12.000	97.228824	20.3694386	203.477299	152.620947	10.44479611	326.399878	35	19.3739612	8.37059106	261.580971
2	12:25:23	7.53	97.020	29.530	16209.000	12.000	97.054248	20.3328650	203.111952	152.346914	10.42604231	325.813822	35	19.3739612	8.35556154	261.111298
2	12:25:38	7.78	97.180	29.510	16189.000	12.000	97.228824	20.3694386	203.477299	152.620947	10.44479611	326.399878	35	19.3739612	8.37059106	261.580971
2	12:25:53	8.03	97.220	29.510	16213.000	12.000	97.228824	20.3694386	203.477299	152.620947	10.44479611	326.399878	35	19.3739612	8.37059106	261.580971
2	12:26:08	8.28	96.290	29.610	16204.000	12.000	96.359712	20.1873597	201.658450	151.256694	10.35143187	323.482246	35	19.3739612	8.29576779	259.242743
2	12:26:23	8.53	96.470	29.590	16192.000	12.000	96.532783	20.2236180	202.020647	151.528365	10.37002400	324.063250	35	19.3739612	8.31066775	259.708367
2	12:26:38	8.78	96.540	29.580	16179.000	12.000	96.619459	20.2417767	202.202040	151.664421	10.37933515	324.354223	35	19.3739612	8.31812983	259.941557
2	12:26:53	9.03	96.650	29.570	16193.000	12.000	96.706229	20.2599549	202.383629	151.800625	10.38865637	324.645512	35	19.3739612	8.32559997	260.174999
2	12:27:08	9.28	97.360	29.490	16196.000	12.000	97.403779	20.4060916	203.843438	152.895575	10.46359060	326.987206	35	19.3739612	8.38565320	262.051663
2	12:27:23	9.53	96.990	29.530	16173.000	12.000	97.054248	20.3328650	203.111952	152.346914	10.42604231	325.813822	35	19.3739612	8.35556154	261.111298
2	12:27:38	9.78	97.350	29.490	16179.000	12.000	97.403779	20.4060916	203.843438	152.895575	10.46359060	326.987206	35	19.3739612	8.38565320	262.051663
2	12:27:53	10.03	97.010	29.530	16174.000	12.000	97.054248	20.3328650	203.111952	152.346914	10.42604231	325.813822	35	19.3739612	8.35556154	261.111298
2	12:28:08	10.28	97.380	29.490	16196.000	12.000	97.403779	20.4060916	203.843438	152.895575	10.46359060	326.987206	35	19.3739612	8.38565320	262.051663
2	12:28:23	10.53	97.080	29.520	16189.000	12.000	97.141489	20.3511419	203.294526	152.483856	10.43541413	326.106692	35	19.3739612	8.36307223	261.346007
2	12:28:38	10.78	97.160	29.510	16206.000	12.000	97.228824	20.3694386	203.477299	152.620947	10.44479611	326.399878	35	19.3739612	8.37059106	261.580971
2	12:28:53	11.03	97.620	29.460	16189.000	12.000	97.666923	20.4612204	204.394139	153.308635	10.49185889	327.870590	35	19.3739612	8.40830777	262.759618
2	12:29:08	11.28	96.760	29.560	16176.000	12.000	96.793092	20.2781528	202.565414	151.936975	10.39798769	324.937115	35	19.3739612	8.33307821	260.408694
2	12:29:23	11.53	97.740	29.450	16171.000	12.000	97.754829	20.4796366	204.578105	153.446621	10.50130213	328.165692	35	19.3739612	8.41587570	262.996116
2	12:29:38	11.78	96.450	29.590	16169.000	12.000	96.532783	20.2236180	202.020647	151.528365	10.37002400	324.063250	35	19.3739612	8.31066775	259.708367
2	12:29:53	12.03	96.940	29.540	16183.000	12.000	96.967102	20.3146078	202.929575	152.210119	10.41668065	325.521270	35	19.3739612	8.34805898	260.876843
2	12:30:08	12.28	96.350	29.610	16155.000	12.000	96.359712	20.1873597	201.658450	151.256694	10.35143187	323.482246	35	19.3739612	8.29576779	259.242743
2	12:30:23	12.53	96.600	29.580	16173.000	12.000	96.619459	20.2417767	202.202040	151.664421	10.37933515	324.354223	35	19.3739612	8.31812983	259.941557
2	12:30:38	12.78	96.700	29.570	16145.000	12.000	96.706229	20.2599549	202.383629	151.800625	10.38865637	324.645512	35	19.3739612	8.32559997	260.174999
2	12:30:53	13.03	97.170	29.510	16165.000	12.000	97.228824	20.3694386	203.477299	152.620947	10.44479611	326.399878	35	19.3739612	8.37059106	261.580971
2	12:31:08	13.28	96.920	29.540	16184.000	12.000	96.967102	20.3146078	202.929575	152.210119	10.41668065	325.521270	35	19.3739612	8.34805898	260.876843
2	12:31:23	13.53	97.990	29.420	16187.000	12.000	98.019119	20.5350054	205.131202	153.861480	10.52969347	329.052921	35	19.3739612	8.43862888	263.707152
2	12:31:38	13.78	96.380	29.600	16168.000	12.000	96.446201	20.2054791	201.839451	151.392457	10.36072291	323.772591	35	19.3739612	8.30321374	259.475430
2	12:31:53	14.03	96.910	29.540	16172.000	12.000	96.967102	20.3146078	202.929575	152.210119	10.41668065	325.521270	35	19.3739612	8.34805898	260.876843
2	12:32:08	14.28	96.400	29.600	16177.000	12.000	96.446201	20.2054791	201.839451	151.392457	10.36072291	323.772591	35	19.3739612	8.30321374	259.475430
2	12:32:23	14.53	96.660	29.570	16188.000	12.000	96.706229	20.2599549	202.383629	151.800625	10.38865637	324.645512	35	19.3739612	8.32559997	260.174999
2	12:32:38	14.78	96.900	29.540	16168.000	12.000	96.967102	20.3146078	202.929575	152.210119	10.41668065	325.521270	35	19.3739612	8.34805898	260.876843
2	12:32:53	15.03	96.760	29.560	16191.000	12.000	96.793092	20.2781528	202.565414	151.936975	10.39798769	324.937115	35	19.3739612	8.33307821	260.408694
2	12:33:08	15.28	97.390	29.490	16161.000	12.000	97.403779	20.4060916	203.843438	152.895575	10.46359060	326.987206	35	19.3739612	8.38565320	262.051663
2	12:33:23	15.53	97.000	29.530	16172.000	12.000	97.054248	20.3328650	203.111952	152.346914	10.42604231	325.813822	35	19.3739612	8.35556154	261.111298
2	12:33:38	15.78	96.190	29.620	16150.000	12.000	96.273317	20.1692599	201.477645	151.121079	10.34215086	323.192214	35	19.3739612	8.28832987	259.010308
2	12:33:53	16.03	97.410	29.480	16165.000	12.000	97.491398	20.4244479	204.026806	153.033112	10.47300314	327.281348	35	19.3739612	8.39319653	262.287392
2	12:34:08	16.28	97.300	29.500	16158.000	12.000	97.316254	20.3877552	203.660269	152.758186	10.45418826	326.693383	35	19.3739612	8.37811805	261.816189
2	12:34:23	16.53	97.260	29.500	16141.000	12.000	97.316254	20.3877552	203.660269	152.758186	10.45418826	326.693383	35	19.3739612	8.37811805	261.816189
2	12:34:38	16.78	97.700	29.450	16164.000	12.000	97.754829	20.4796366	204.578105	153.446621	10.50130213	328.165692	35	19.3739612	8.41587570	262.996116
2	12:34:53	17.03	97.050	29.530	16099.000	12.000	97.054248	20.3328650	203.111952	152.346914	10.42604231	325.813822	35	19.3739612	8.35556154	261.111298
2	12:35:08	17.28	97.990	29.420	16134.000	12.000	98.019119	20.5350054	205.131202	153.861480	10.52969347	329.052921	35	19.3739612	8.43862888	263.707152
2	12:35:23	17.53	96.800	29.550	16110.000	12.000	96.880050	20.2963705	202.747396	152.073473	10.40732911	325.229035	35	19.3739612	8.34056454	260.642642
2	12:35:38	17.78	97.300	29.500	16107.000	12.000	97.316254	20.3877552	203.660269	152.758186	10.45418826	326.693383	35	19.3739612	8.37811805	261.816189
2	12:35:53	18.03	97.270	29.500	16102.000	12.000	97.316254	20.3877552	203.660269	152.758186	10.45418826	326.693383	35	19.3739612	8.37811805	261.816189
2	12:36:08	18.28	96.840	29.550	16127.000	12.000	96.880050	20.2963705	202.747396	152.073473	10.40732911	325.229035	35	19.3739612	8.34056454	260.642642
2	12:36:23	18.53	96.500	29.590	16123.000	12.000	96.532783	20.2236180	202.020647	151.528365	10.37002400	324.063250	35	19.3739612	8.31066775	259.708367
2	12:36:38	18.78	97.150	29.510	16092.000	12.000	97.228824	20.3694386	203.477299	152.620947	10.44479611	326.399878	35	19.3739612	8.37059106	261.580971
2	12:36:53	19.03	96.220	29.620	16095.000	12.000	96.273317	20.1692599	201.477645	151.121079	10.34215086	323.192214	35	19.3739612	8.28832987	259.010308
