Chamber	Time/hh:mm:ss	Logtime/min	Oxy/% air sat.	Phase/°	Amp	Temp/°C	% air-sat.	% oxygen	pO2 (hPa)	pO2 (Torr)	cO2 [mg/L]	cO2 [µmol/L]	Salinity	chlorinity	SalCorcO2 [mg/L]	SalCorcO2 [µmol/L]
3	12:50:17	0.00	95.260	29.730	33264.000	12.000	95.329096	19.9714455	199.501609	149.638926	10.24071799	320.022437	35	19.3739612	8.20704029	256.470009
3	12:50:25	0.12	95.580	29.700	33207.000	12.000	95.585501	20.0251625	200.038207	150.041408	10.26826233	320.883198	35	19.3739612	8.22911467	257.159833
3	12:50:40	0.37	95.430	29.710	33210.000	12.000	95.499940	20.0072375	199.859148	149.907103	10.25907099	320.595968	35	19.3739612	8.22174862	256.929644
3	12:50:55	0.62	95.380	29.720	33225.000	12.000	95.414472	19.9893319	199.680283	149.772943	10.24988955	320.309048	35	19.3739612	8.21439050	256.699703
3	12:51:10	0.87	95.610	29.690	33227.000	12.000	95.671154	20.0431067	200.217458	150.175858	10.27746357	321.170737	35	19.3739612	8.23648866	257.390271
3	12:51:25	1.12	95.030	29.760	33229.000	12.000	95.073517	19.9179017	198.966742	149.237742	10.21326246	319.164452	35	19.3739612	8.18503708	255.782409
3	12:51:40	1.37	95.440	29.710	33236.000	12.000	95.499940	20.0072375	199.859148	149.907103	10.25907099	320.595968	35	19.3739612	8.22174862	256.929644
3	12:51:55	1.62	95.150	29.750	33221.000	12.000	95.158618	19.9357305	199.144840	149.371326	10.22240446	319.450139	35	19.3739612	8.19236360	256.011362
3	12:52:10	1.87	95.550	29.700	33210.000	12.000	95.585501	20.0251625	200.038207	150.041408	10.26826233	320.883198	35	19.3739612	8.22911467	257.159833
3	12:52:25	2.12	95.260	29.730	33257.000	12.000	95.329096	19.9714455	199.501609	149.638926	10.24071799	320.022437	35	19.3739612	8.20704029	256.470009
3	12:52:40	2.37	94.920	29.770	33254.000	12.000	94.988507	19.9000922	198.788836	149.104301	10.20413028	318.879071	35	19.3739612	8.17771844	255.553701
3	12:52:55	2.62	95.630	29.690	33272.000	12.000	95.671154	20.0431067	200.217458	150.175858	10.27746357	321.170737	35	19.3739612	8.23648866	257.390271
3	12:53:10	2.87	95.200	29.740	33249.000	12.000	95.243811	19.9535784	199.323129	149.505054	10.23155630	319.736134	35	19.3739612	8.19969800	256.240562
3	12:53:25	3.12	95.090	29.750	33250.000	12.000	95.158618	19.9357305	199.144840	149.371326	10.22240446	319.450139	35	19.3739612	8.19236360	256.011362
3	12:53:40	3.37	95.270	29.730	33241.000	12.000	95.329096	19.9714455	199.501609	149.638926	10.24071799	320.022437	35	19.3739612	8.20704029	256.470009
3	12:53:55	3.62	94.840	29.780	33236.000	12.000	94.903588	19.8823017	198.611122	148.971004	10.19500792	318.593997	35	19.3739612	8.17040766	255.325239
3	12:54:10	3.87	95.380	29.720	33272.000	12.000	95.414472	19.9893319	199.680283	149.772943	10.24988955	320.309048	35	19.3739612	8.21439050	256.699703
3	12:54:25	4.12	95.300	29.730	33272.000	12.000	95.329096	19.9714455	199.501609	149.638926	10.24071799	320.022437	35	19.3739612	8.20704029	256.470009
3	12:54:40	4.37	94.700	29.800	33262.000	12.000	94.734025	19.8467782	198.256265	148.704838	10.17679257	318.024768	35	19.3739612	8.15580965	254.869052
3	12:54:55	4.62	95.190	29.740	33270.000	12.000	95.243811	19.9535784	199.323129	149.505054	10.23155630	319.736134	35	19.3739612	8.19969800	256.240562
3	12:55:10	4.87	95.160	29.740	33320.000	12.000	95.243811	19.9535784	199.323129	149.505054	10.23155630	319.736134	35	19.3739612	8.19969800	256.240562
3	12:55:25	5.12	95.270	29.730	33333.000	12.000	95.329096	19.9714455	199.501609	149.638926	10.24071799	320.022437	35	19.3739612	8.20704029	256.470009
3	12:55:40	5.37	95.010	29.760	33334.000	12.000	95.073517	19.9179017	198.966742	149.237742	10.21326246	319.164452	35	19.3739612	8.18503708	255.782409
3	12:55:55	5.62	94.830	29.780	33310.000	12.000	94.903588	19.8823017	198.611122	148.971004	10.19500792	318.593997	35	19.3739612	8.17040766	255.325239
3	12:56:10	5.87	94.790	29.790	33336.000	12.000	94.818761	19.8645304	198.433598	148.837850	10.18589535	318.309230	35	19.3739612	8.16310474	255.097023
3	12:56:25	6.12	95.100	29.750	33337.000	12.000	95.158618	19.9357305	199.144840	149.371326	10.22240446	319.450139	35	19.3739612	8.19236360	256.011362
3	12:56:40	6.37	95.030	29.760	33293.000	12.000	95.073517	19.9179017	198.966742	149.237742	10.21326246	319.164452	35	19.3739612	8.18503708	255.782409
3	12:56:55	6.62	94.860	29.780	33352.000	12.000	94.903588	19.8823017	198.611122	148.971004	10.19500792	318.593997	35	19.3739612	8.17040766	255.325239
3	12:57:10	6.87	94.860	29.780	33378.000	12.000	94.903588	19.8823017	198.611122	148.971004	10.19500792	318.593997	35	19.3739612	8.17040766	255.325239
3	12:57:25	7.12	94.730	29.800	33351.000	12.000	94.734025	19.8467782	198.256265	148.704838	10.17679257	318.024768	35	19.3739612	8.15580965	254.869052
3	12:57:40	7.37	95.040	29.760	33343.000	12.000	95.073517	19.9179017	198.966742	149.237742	10.21326246	319.164452	35	19.3739612	8.18503708	255.782409
3	12:57:55	7.62	94.670	29.800	33398.000	12.000	94.734025	19.8467782	198.256265	148.704838	10.17679257	318.024768	35	19.3739612	8.15580965	254.869052
3	12:58:10	7.87	94.790	29.790	33355.000	12.000	94.818761	19.8645304	198.433598	148.837850	10.18589535	318.309230	35	19.3739612	8.16310474	255.097023
3	12:58:25	8.12	95.090	29.750	33373.000	12.000	95.158618	19.9357305	199.144840	149.371326	10.22240446	319.450139	35	19.3739612	8.19236360	256.011362
3	12:58:40	8.37	94.320	29.840	33388.000	12.000	94.395988	19.7759595	197.548833	148.174219	10.14047902	316.889969	35	19.3739612	8.12670752	253.959610
3	12:58:55	8.62	94.030	29.880	33357.000	12.000	94.059399	19.7054440	196.844429	147.645872	10.10432093	315.760029	35	19.3739612	8.09772997	253.054062
3	12:59:10	8.87	94.010	29.880	33395.000	12.000	94.059399	19.7054440	196.844429	147.645872	10.10432093	315.760029	35	19.3739612	8.09772997	253.054062
3	12:59:25	9.12	94.290	29.850	33414.000	12.000	94.311705	19.7583023	197.372449	148.041920	10.13142496	316.607030	35	19.3739612	8.11945148	253.732859
3	12:59:40	9.37	94.420	29.830	33370.000	12.000	94.480361	19.7936357	197.725406	148.306661	10.14954280	317.173212	35	19.3739612	8.13397134	254.186605
3	12:59:55	9.62	94.420	29.830	33395.000	12.000	94.480361	19.7936357	197.725406	148.306661	10.14954280	317.173212	35	19.3739612	8.13397134	254.186605
3	13:00:10	9.87	94.480	29.830	33404.000	12.000	94.480361	19.7936357	197.725406	148.306661	10.14954280	317.173212	35	19.3739612	8.13397134	254.186605
3	13:00:25	10.12	94.670	29.800	33361.000	12.000	94.734025	19.8467782	198.256265	148.704838	10.17679257	318.024768	35	19.3739612	8.15580965	254.869052
3	13:00:40	10.37	93.920	29.890	33422.000	12.000	93.975476	19.6878623	196.668800	147.514138	10.09530560	315.478300	35	19.3739612	8.09050497	252.828280
3	13:00:55	10.62	94.480	29.830	33411.000	12.000	94.480361	19.7936357	197.725406	148.306661	10.14954280	317.173212	35	19.3739612	8.13397134	254.186605
3	13:01:10	10.87	94.750	29.790	33450.000	12.000	94.818761	19.8645304	198.433598	148.837850	10.18589535	318.309230	35	19.3739612	8.16310474	255.097023
3	13:01:25	11.12	94.530	29.820	33411.000	12.000	94.564825	19.8113308	197.902169	148.439244	10.15861631	317.456760	35	19.3739612	8.14124297	254.413843
3	13:01:40	11.37	94.480	29.830	33434.000	12.000	94.480361	19.7936357	197.725406	148.306661	10.14954280	317.173212	35	19.3739612	8.13397134	254.186605
3	13:01:55	11.62	94.570	29.810	33445.000	12.000	94.649379	19.8290450	198.079122	148.571970	10.16769956	317.740611	35	19.3739612	8.14852240	254.641325
3	13:02:10	11.87	94.530	29.820	33443.000	12.000	94.564825	19.8113308	197.902169	148.439244	10.15861631	317.456760	35	19.3739612	8.14124297	254.413843
3	13:02:25	12.12	94.480	29.820	33447.000	12.000	94.564825	19.8113308	197.902169	148.439244	10.15861631	317.456760	35	19.3739612	8.14124297	254.413843
3	13:02:40	12.37	94.170	29.860	33440.000	12.000	94.227513	19.7406640	197.196253	147.909762	10.12238060	316.324394	35	19.3739612	8.11220321	253.506350
3	13:02:55	12.62	94.770	29.790	33462.000	12.000	94.818761	19.8645304	198.433598	148.837850	10.18589535	318.309230	35	19.3739612	8.16310474	255.097023
3	13:03:10	12.87	93.950	29.890	33460.000	12.000	93.975476	19.6878623	196.668800	147.514138	10.09530560	315.478300	35	19.3739612	8.09050497	252.828280
3	13:03:25	13.12	94.240	29.850	33528.000	12.000	94.311705	19.7583023	197.372449	148.041920	10.13142496	316.607030	35	19.3739612	8.11945148	253.732859
3	13:03:40	13.37	93.930	29.890	33526.000	12.000	93.975476	19.6878623	196.668800	147.514138	10.09530560	315.478300	35	19.3739612	8.09050497	252.828280
3	13:03:55	13.62	94.150	29.860	33473.000	12.000	94.227513	19.7406640	197.196253	147.909762	10.12238060	316.324394	35	19.3739612	8.11220321	253.506350
3	13:04:10	13.87	94.320	29.840	33502.000	12.000	94.395988	19.7759595	197.548833	148.174219	10.14047902	316.889969	35	19.3739612	8.12670752	253.959610
3	13:04:25	14.12	93.840	29.900	33465.000	12.000	93.891644	19.6702994	196.493358	147.382546	10.08629992	315.196872	35	19.3739612	8.08328771	252.602741
3	13:04:40	14.37	93.790	29.910	33535.000	12.000	93.807901	19.6527553	196.318104	147.251095	10.07730387	314.915746	35	19.3739612	8.07607816	252.377443
3	13:04:55	14.62	93.920	29.890	33515.000	12.000	93.975476	19.6878623	196.668800	147.514138	10.09530560	315.478300	35	19.3739612	8.09050497	252.828280
3	13:05:10	14.87	93.810	29.900	33525.000	12.000	93.891644	19.6702994	196.493358	147.382546	10.08629992	315.196872	35	19.3739612	8.08328771	252.602741
3	13:05:25	15.12	93.840	29.900	33539.000	12.000	93.891644	19.6702994	196.493358	147.382546	10.08629992	315.196872	35	19.3739612	8.08328771	252.602741
3	13:05:40	15.37	93.250	29.970	33544.000	12.000	93.307322	19.5478840	195.270508	146.465331	10.02352920	313.235288	35	19.3739612	8.03298246	251.030702
3	13:05:55	15.62	93.850	29.900	33554.000	12.000	93.891644	19.6702994	196.493358	147.382546	10.08629992	315.196872	35	19.3739612	8.08328771	252.602741
3	13:06:10	15.87	93.240	29.970	33554.000	12.000	93.307322	19.5478840	195.270508	146.465331	10.02352920	313.235288	35	19.3739612	8.03298246	251.030702
3	13:06:25	16.12	93.290	29.970	33544.000	12.000	93.307322	19.5478840	195.270508	146.465331	10.02352920	313.235288	35	19.3739612	8.03298246	251.030702
3	13:06:40	16.37	94.700	29.800	33536.000	12.000	94.734025	19.8467782	198.256265	148.704838	10.17679257	318.024768	35	19.3739612	8.15580965	254.869052
3	13:06:55	16.62	93.230	29.970	33523.000	12.000	93.307322	19.5478840	195.270508	146.465331	10.02352920	313.235288	35	19.3739612	8.03298246	251.030702
3	13:07:10	16.87	93.650	29.920	33539.000	12.000	93.724248	19.6352300	196.143038	147.119784	10.06831745	314.634920	35	19.3739612	8.06887633	252.152385
3	13:07:25	17.12	93.020	30.000	33604.000	12.000	93.058233	19.4956999	194.749224	146.074334	9.99677087	312.399090	35	19.3739612	8.01153800	250.360562
3	13:07:40	17.37	93.740	29.910	33571.000	12.000	93.807901	19.6527553	196.318104	147.251095	10.07730387	314.915746	35	19.3739612	8.07607816	252.377443
3	13:07:55	17.62	93.550	29.940	33597.000	12.000	93.557210	19.6002356	195.793466	146.857583	10.05037342	314.074169	35	19.3739612	8.05449575	251.702992
3	13:08:10	17.87	92.850	30.020	33574.000	12.000	92.892617	19.4610032	194.402626	145.814364	9.97897952	311.843110	35	19.3739612	7.99727978	249.914993
3	13:08:25	18.12	93.030	30.000	33606.000	12.000	93.058233	19.4956999	194.749224	146.074334	9.99677087	312.399090	35	19.3739612	8.01153800	250.360562
3	13:08:40	18.37	93.040	30.000	33611.000	12.000	93.058233	19.4956999	194.749224	146.074334	9.99677087	312.399090	35	19.3739612	8.01153800	250.360562
3	13:08:55	18.62	93.780	29.910	33644.000	12.000	93.807901	19.6527553	196.318104	147.251095	10.07730387	314.915746	35	19.3739612	8.07607816	252.377443
3	13:09:10	18.87	93.590	29.930	33649.000	12.000	93.640685	19.6177234	195.968159	146.988613	10.05934064	314.354395	35	19.3739612	8.06168220	251.927569
3	13:09:25	19.12	93.570	29.930	33657.000	12.000	93.640685	19.6177234	195.968159	146.988613	10.05934064	314.354395	35	19.3739612	8.06168220	251.927569
3	13:09:40	19.37	93.280	29.970	33625.000	12.000	93.307322	19.5478840	195.270508	146.465331	10.02352920	313.235288	35	19.3739612	8.03298246	251.030702
3	13:09:55	19.62	93.090	29.990	33643.000	12.000	93.141174	19.5130760	194.922800	146.204527	10.00568079	312.677525	35	19.3739612	8.01867852	250.583704
3	13:10:10	19.87	93.040	30.000	33666.000	12.000	93.058233	19.4956999	194.749224	146.074334	9.99677087	312.399090	35	19.3739612	8.01153800	250.360562
3	13:10:25	20.12	92.910	30.010	33633.000	12.000	92.975381	19.4783423	194.575833	145.944280	9.98787045	312.120951	35	19.3739612	8.00440509	250.137659
3	13:10:40	20.37	92.540	30.060	33624.000	12.000	92.562441	19.3918314	193.711646	145.296084	9.94351042	310.734701	35	19.3739612	7.96885441	249.026700
3	13:10:55	20.62	92.470	30.070	33663.000	12.000	92.480117	19.3745844	193.539360	145.166859	9.93466674	310.458336	35	19.3739612	7.96176697	248.805218
