Chamber	Time/hh:mm:ss	Logtime/min	Oxy/% air sat.	Phase/°	Amp	Temp/°C	% air-sat.	% oxygen	pO2 (hPa)	pO2 (Torr)	cO2 [mg/L]	cO2 [µmol/L]	Salinity	chlorinity	SalCorcO2 [mg/L]	SalCorcO2 [µmol/L]
4	12:17:52	0.00	96.060	29.640	27897.000	12.000	96.100806	20.1331188	201.116620	150.850287	10.32361889	322.613090	35	19.3739612	8.27347812	258.546191
4	12:17:57	0.08	95.520	29.700	27927.000	12.000	95.585501	20.0251625	200.038207	150.041408	10.26826233	320.883198	35	19.3739612	8.22911467	257.159833
4	12:18:12	0.32	95.800	29.670	27912.000	12.000	95.842737	20.0790533	200.576541	150.445193	10.29589583	321.746745	35	19.3739612	8.25126051	257.851891
4	12:18:27	0.57	95.840	29.670	27892.000	12.000	95.842737	20.0790533	200.576541	150.445193	10.29589583	321.746745	35	19.3739612	8.25126051	257.851891
4	12:18:42	0.82	96.050	29.640	27925.000	12.000	96.100806	20.1331188	201.116620	150.850287	10.32361889	322.613090	35	19.3739612	8.27347812	258.546191
4	12:18:57	1.07	95.590	29.690	27909.000	12.000	95.671154	20.0431067	200.217458	150.175858	10.27746357	321.170737	35	19.3739612	8.23648866	257.390271
4	12:19:12	1.33	95.670	29.680	27900.000	12.000	95.756899	20.0610703	200.396903	150.310453	10.28667473	321.458585	35	19.3739612	8.24387060	257.620956
4	12:19:27	1.58	95.670	29.680	27907.000	12.000	95.756899	20.0610703	200.396903	150.310453	10.28667473	321.458585	35	19.3739612	8.24387060	257.620956
4	12:19:42	1.83	95.480	29.710	27919.000	12.000	95.499940	20.0072375	199.859148	149.907103	10.25907099	320.595968	35	19.3739612	8.22174862	256.929644
4	12:19:57	2.08	96.310	29.610	27920.000	12.000	96.359712	20.1873597	201.658450	151.256694	10.35143187	323.482246	35	19.3739612	8.29576779	259.242743
4	12:20:12	2.33	95.090	29.750	27919.000	12.000	95.158618	19.9357305	199.144840	149.371326	10.22240446	319.450139	35	19.3739612	8.19236360	256.011362
4	12:20:27	2.57	95.260	29.730	27907.000	12.000	95.329096	19.9714455	199.501609	149.638926	10.24071799	320.022437	35	19.3739612	8.20704029	256.470009
4	12:20:42	2.83	95.090	29.750	27934.000	12.000	95.158618	19.9357305	199.144840	149.371326	10.22240446	319.450139	35	19.3739612	8.19236360	256.011362
4	12:20:57	3.07	95.770	29.670	27907.000	12.000	95.842737	20.0790533	200.576541	150.445193	10.29589583	321.746745	35	19.3739612	8.25126051	257.851891
4	12:21:12	3.32	95.450	29.710	27924.000	12.000	95.499940	20.0072375	199.859148	149.907103	10.25907099	320.595968	35	19.3739612	8.22174862	256.929644
4	12:21:27	3.57	96.010	29.650	27912.000	12.000	96.014690	20.1150775	200.936399	150.715110	10.31436790	322.323997	35	19.3739612	8.26606426	258.314508
4	12:21:42	3.82	95.400	29.720	27936.000	12.000	95.414472	19.9893319	199.680283	149.772943	10.24988955	320.309048	35	19.3739612	8.21439050	256.699703
4	12:21:57	4.08	95.210	29.740	27940.000	12.000	95.243811	19.9535784	199.323129	149.505054	10.23155630	319.736134	35	19.3739612	8.19969800	256.240562
4	12:22:12	4.32	95.790	29.670	27955.000	12.000	95.842737	20.0790533	200.576541	150.445193	10.29589583	321.746745	35	19.3739612	8.25126051	257.851891
4	12:22:27	4.57	95.370	29.720	27925.000	12.000	95.414472	19.9893319	199.680283	149.772943	10.24988955	320.309048	35	19.3739612	8.21439050	256.699703
4	12:22:42	4.82	95.740	29.680	27928.000	12.000	95.756899	20.0610703	200.396903	150.310453	10.28667473	321.458585	35	19.3739612	8.24387060	257.620956
4	12:22:57	5.08	95.530	29.700	27927.000	12.000	95.585501	20.0251625	200.038207	150.041408	10.26826233	320.883198	35	19.3739612	8.22911467	257.159833
4	12:23:12	5.33	95.240	29.740	27953.000	12.000	95.243811	19.9535784	199.323129	149.505054	10.23155630	319.736134	35	19.3739612	8.19969800	256.240562
4	12:23:27	5.58	95.380	29.720	27977.000	12.000	95.414472	19.9893319	199.680283	149.772943	10.24988955	320.309048	35	19.3739612	8.21439050	256.699703
4	12:23:42	5.83	95.080	29.750	27956.000	12.000	95.158618	19.9357305	199.144840	149.371326	10.22240446	319.450139	35	19.3739612	8.19236360	256.011362
4	12:23:57	6.08	95.400	29.720	27949.000	12.000	95.414472	19.9893319	199.680283	149.772943	10.24988955	320.309048	35	19.3739612	8.21439050	256.699703
4	12:24:12	6.33	95.520	29.700	27922.000	12.000	95.585501	20.0251625	200.038207	150.041408	10.26826233	320.883198	35	19.3739612	8.22911467	257.159833
4	12:24:27	6.57	95.320	29.730	27954.000	12.000	95.329096	19.9714455	199.501609	149.638926	10.24071799	320.022437	35	19.3739612	8.20704029	256.470009
4	12:24:42	6.82	95.410	29.720	27935.000	12.000	95.414472	19.9893319	199.680283	149.772943	10.24988955	320.309048	35	19.3739612	8.21439050	256.699703
4	12:24:57	7.07	95.200	29.740	27965.000	12.000	95.243811	19.9535784	199.323129	149.505054	10.23155630	319.736134	35	19.3739612	8.19969800	256.240562
4	12:25:12	7.33	95.550	29.700	27957.000	12.000	95.585501	20.0251625	200.038207	150.041408	10.26826233	320.883198	35	19.3739612	8.22911467	257.159833
4	12:25:27	7.58	95.090	29.750	27958.000	12.000	95.158618	19.9357305	199.144840	149.371326	10.22240446	319.450139	35	19.3739612	8.19236360	256.011362
4	12:25:42	7.82	95.860	29.660	27966.000	12.000	95.928667	20.0970557	200.756373	150.580079	10.30512688	322.035215	35	19.3739612	8.25865839	258.083075
4	12:25:57	8.08	95.630	29.690	27991.000	12.000	95.671154	20.0431067	200.217458	150.175858	10.27746357	321.170737	35	19.3739612	8.23648866	257.390271
4	12:26:12	8.33	95.660	29.690	28004.000	12.000	95.671154	20.0431067	200.217458	150.175858	10.27746357	321.170737	35	19.3739612	8.23648866	257.390271
4	12:26:27	8.58	95.450	29.710	28017.000	12.000	95.499940	20.0072375	199.859148	149.907103	10.25907099	320.595968	35	19.3739612	8.22174862	256.929644
4	12:26:42	8.82	95.880	29.660	28004.000	12.000	95.928667	20.0970557	200.756373	150.580079	10.30512688	322.035215	35	19.3739612	8.25865839	258.083075
4	12:26:57	9.07	95.650	29.690	28037.000	12.000	95.671154	20.0431067	200.217458	150.175858	10.27746357	321.170737	35	19.3739612	8.23648866	257.390271
4	12:27:12	9.33	95.560	29.700	28011.000	12.000	95.585501	20.0251625	200.038207	150.041408	10.26826233	320.883198	35	19.3739612	8.22911467	257.159833
4	12:27:27	9.57	95.610	29.690	28026.000	12.000	95.671154	20.0431067	200.217458	150.175858	10.27746357	321.170737	35	19.3739612	8.23648866	257.390271
4	12:27:42	9.82	94.760	29.790	27990.000	12.000	94.818761	19.8645304	198.433598	148.837850	10.18589535	318.309230	35	19.3739612	8.16310474	255.097023
4	12:27:57	10.08	95.560	29.700	28022.000	12.000	95.585501	20.0251625	200.038207	150.041408	10.26826233	320.883198	35	19.3739612	8.22911467	257.159833
4	12:28:12	10.33	95.560	29.700	27997.000	12.000	95.585501	20.0251625	200.038207	150.041408	10.26826233	320.883198	35	19.3739612	8.22911467	257.159833
4	12:28:27	10.57	95.440	29.710	27993.000	12.000	95.499940	20.0072375	199.859148	149.907103	10.25907099	320.595968	35	19.3739612	8.22174862	256.929644
4	12:28:42	10.83	94.740	29.790	27978.000	12.000	94.818761	19.8645304	198.433598	148.837850	10.18589535	318.309230	35	19.3739612	8.16310474	255.097023
4	12:28:57	11.08	94.870	29.780	27982.000	12.000	94.903588	19.8823017	198.611122	148.971004	10.19500792	318.593997	35	19.3739612	8.17040766	255.325239
4	12:29:12	11.32	95.130	29.750	27998.000	12.000	95.158618	19.9357305	199.144840	149.371326	10.22240446	319.450139	35	19.3739612	8.19236360	256.011362
4	12:29:27	11.57	95.280	29.730	27989.000	12.000	95.329096	19.9714455	199.501609	149.638926	10.24071799	320.022437	35	19.3739612	8.20704029	256.470009
4	12:29:42	11.83	95.290	29.730	27999.000	12.000	95.329096	19.9714455	199.501609	149.638926	10.24071799	320.022437	35	19.3739612	8.20704029	256.470009
4	12:29:57	12.07	94.990	29.760	28004.000	12.000	95.073517	19.9179017	198.966742	149.237742	10.21326246	319.164452	35	19.3739612	8.18503708	255.782409
4	12:30:12	12.32	94.990	29.760	27978.000	12.000	95.073517	19.9179017	198.966742	149.237742	10.21326246	319.164452	35	19.3739612	8.18503708	255.782409
4	12:30:27	12.58	95.650	29.690	28005.000	12.000	95.671154	20.0431067	200.217458	150.175858	10.27746357	321.170737	35	19.3739612	8.23648866	257.390271
4	12:30:42	12.82	94.990	29.760	27991.000	12.000	95.073517	19.9179017	198.966742	149.237742	10.21326246	319.164452	35	19.3739612	8.18503708	255.782409
4	12:30:57	13.07	95.210	29.740	27990.000	12.000	95.243811	19.9535784	199.323129	149.505054	10.23155630	319.736134	35	19.3739612	8.19969800	256.240562
4	12:31:12	13.33	95.430	29.710	28027.000	12.000	95.499940	20.0072375	199.859148	149.907103	10.25907099	320.595968	35	19.3739612	8.22174862	256.929644
4	12:31:27	13.57	94.970	29.770	28052.000	12.000	94.988507	19.9000922	198.788836	149.104301	10.20413028	318.879071	35	19.3739612	8.17771844	255.553701
4	12:31:42	13.82	95.420	29.710	28047.000	12.000	95.499940	20.0072375	199.859148	149.907103	10.25907099	320.595968	35	19.3739612	8.22174862	256.929644
4	12:31:57	14.08	94.980	29.770	28036.000	12.000	94.988507	19.9000922	198.788836	149.104301	10.20413028	318.879071	35	19.3739612	8.17771844	255.553701
4	12:32:12	14.32	95.160	29.740	28041.000	12.000	95.243811	19.9535784	199.323129	149.505054	10.23155630	319.736134	35	19.3739612	8.19969800	256.240562
4	12:32:27	14.57	95.110	29.750	28058.000	12.000	95.158618	19.9357305	199.144840	149.371326	10.22240446	319.450139	35	19.3739612	8.19236360	256.011362
4	12:32:42	14.83	95.160	29.740	28045.000	12.000	95.243811	19.9535784	199.323129	149.505054	10.23155630	319.736134	35	19.3739612	8.19969800	256.240562
4	12:32:57	15.07	95.210	29.740	28040.000	12.000	95.243811	19.9535784	199.323129	149.505054	10.23155630	319.736134	35	19.3739612	8.19969800	256.240562
4	12:33:12	15.32	94.820	29.780	28063.000	12.000	94.903588	19.8823017	198.611122	148.971004	10.19500792	318.593997	35	19.3739612	8.17040766	255.325239
4	12:33:27	15.58	94.980	29.770	28061.000	12.000	94.988507	19.9000922	198.788836	149.104301	10.20413028	318.879071	35	19.3739612	8.17771844	255.553701
4	12:33:42	15.82	94.970	29.770	28051.000	12.000	94.988507	19.9000922	198.788836	149.104301	10.20413028	318.879071	35	19.3739612	8.17771844	255.553701
4	12:33:57	16.07	94.980	29.770	28051.000	12.000	94.988507	19.9000922	198.788836	149.104301	10.20413028	318.879071	35	19.3739612	8.17771844	255.553701
4	12:34:12	16.32	95.430	29.710	28043.000	12.000	95.499940	20.0072375	199.859148	149.907103	10.25907099	320.595968	35	19.3739612	8.22174862	256.929644
4	12:34:27	16.58	94.930	29.770	28028.000	12.000	94.988507	19.9000922	198.788836	149.104301	10.20413028	318.879071	35	19.3739612	8.17771844	255.553701
4	12:34:42	16.82	94.800	29.790	28066.000	12.000	94.818761	19.8645304	198.433598	148.837850	10.18589535	318.309230	35	19.3739612	8.16310474	255.097023
4	12:34:57	17.07	94.960	29.770	28038.000	12.000	94.988507	19.9000922	198.788836	149.104301	10.20413028	318.879071	35	19.3739612	8.17771844	255.553701
4	12:35:12	17.33	94.910	29.770	28027.000	12.000	94.988507	19.9000922	198.788836	149.104301	10.20413028	318.879071	35	19.3739612	8.17771844	255.553701
4	12:35:27	17.57	95.250	29.730	28061.000	12.000	95.329096	19.9714455	199.501609	149.638926	10.24071799	320.022437	35	19.3739612	8.20704029	256.470009
4	12:35:42	17.82	95.200	29.740	28039.000	12.000	95.243811	19.9535784	199.323129	149.505054	10.23155630	319.736134	35	19.3739612	8.19969800	256.240562
4	12:35:57	18.07	94.900	29.780	28067.000	12.000	94.903588	19.8823017	198.611122	148.971004	10.19500792	318.593997	35	19.3739612	8.17040766	255.325239
4	12:36:12	18.33	95.200	29.740	28053.000	12.000	95.243811	19.9535784	199.323129	149.505054	10.23155630	319.736134	35	19.3739612	8.19969800	256.240562
4	12:36:27	18.57	95.260	29.730	28065.000	12.000	95.329096	19.9714455	199.501609	149.638926	10.24071799	320.022437	35	19.3739612	8.20704029	256.470009
4	12:36:42	18.82	95.030	29.760	28067.000	12.000	95.073517	19.9179017	198.966742	149.237742	10.21326246	319.164452	35	19.3739612	8.18503708	255.782409
4	12:36:57	19.07	95.190	29.740	28062.000	12.000	95.243811	19.9535784	199.323129	149.505054	10.23155630	319.736134	35	19.3739612	8.19969800	256.240562
