Chamber	Time/hh:mm:ss	Logtime/min	Oxy/% air sat.	Phase/°	Amp	Temp/°C	% air-sat.	% oxygen	pO2 (hPa)	pO2 (Torr)	cO2 [mg/L]	cO2 [µmol/L]	Salinity	chlorinity	SalCorcO2 [mg/L]	SalCorcO2 [µmol/L]
9	16:42:30	0.00	96.010	30.880	37297.000	6.000	96.087608	20.1303540	202.031564	151.536553	11.93389140	372.934106	35	19.3739612	9.42931187	294.665996
9	16:42:45	0.24	96.050	30.880	37315.000	6.000	96.087608	20.1303540	202.031564	151.536553	11.93389140	372.934106	35	19.3739612	9.42931187	294.665996
9	16:43:00	0.49	96.180	30.860	37308.000	6.000	96.256226	20.1656793	202.386095	151.802474	11.95483337	373.588543	35	19.3739612	9.44585872	295.183085
9	16:43:15	0.74	95.960	30.890	37317.000	6.000	96.003431	20.1127188	201.854574	151.403800	11.92343671	372.607397	35	19.3739612	9.42105131	294.407853
9	16:43:30	0.99	96.220	30.860	37311.000	6.000	96.256226	20.1656793	202.386095	151.802474	11.95483337	373.588543	35	19.3739612	9.44585872	295.183085
9	16:43:45	1.24	96.040	30.880	37323.000	6.000	96.087608	20.1303540	202.031564	151.536553	11.93389140	372.934106	35	19.3739612	9.42931187	294.665996
9	16:44:00	1.49	96.050	30.880	37320.000	6.000	96.087608	20.1303540	202.031564	151.536553	11.93389140	372.934106	35	19.3739612	9.42931187	294.665996
9	16:44:15	1.74	96.020	30.880	37292.000	6.000	96.087608	20.1303540	202.031564	151.536553	11.93389140	372.934106	35	19.3739612	9.42931187	294.665996
9	16:44:30	1.99	96.350	30.840	37333.000	6.000	96.425194	20.2010782	202.741364	152.068949	11.97581889	374.244340	35	19.3739612	9.46243999	295.701250
9	16:44:45	2.24	96.290	30.850	37355.000	6.000	96.340666	20.1833696	202.563637	151.935642	11.96532068	373.916271	35	19.3739612	9.45414505	295.442033
9	16:45:00	2.49	96.310	30.850	37355.000	6.000	96.340666	20.1833696	202.563637	151.935642	11.96532068	373.916271	35	19.3739612	9.45414505	295.442033
9	16:45:15	2.74	96.200	30.860	37352.000	6.000	96.256226	20.1656793	202.386095	151.802474	11.95483337	373.588543	35	19.3739612	9.44585872	295.183085
9	16:45:30	2.99	96.170	30.870	37351.000	6.000	96.171873	20.1480075	202.208737	151.669445	11.94435695	373.261155	35	19.3739612	9.43758100	294.924406
9	16:45:45	3.24	95.640	30.930	37346.000	6.000	95.667592	20.0423606	201.148447	150.874160	11.88172622	371.303944	35	19.3739612	9.38809465	293.377958
9	16:46:00	3.49	95.860	30.900	37320.000	6.000	95.919341	20.0951018	201.677767	151.271184	11.91299286	372.281027	35	19.3739612	9.41279933	294.149979
9	16:46:15	3.74	96.120	30.870	37349.000	6.000	96.171873	20.1480075	202.208737	151.669445	11.94435695	373.261155	35	19.3739612	9.43758100	294.924406
9	16:46:30	3.99	95.780	30.910	37349.000	6.000	95.835337	20.0775032	201.501144	151.138705	11.90255984	371.954995	35	19.3739612	9.40455589	293.892372
9	16:46:45	4.24	96.410	30.840	37339.000	6.000	96.425194	20.2010782	202.741364	152.068949	11.97581889	374.244340	35	19.3739612	9.46243999	295.701250
9	16:47:00	4.49	96.220	30.860	37356.000	6.000	96.256226	20.1656793	202.386095	151.802474	11.95483337	373.588543	35	19.3739612	9.44585872	295.183085
9	16:47:15	4.74	96.080	30.880	37372.000	6.000	96.087608	20.1303540	202.031564	151.536553	11.93389140	372.934106	35	19.3739612	9.42931187	294.665996
9	16:47:30	4.99	95.990	30.890	37356.000	6.000	96.003431	20.1127188	201.854574	151.403800	11.92343671	372.607397	35	19.3739612	9.42105131	294.407853
9	16:47:45	5.24	95.720	30.920	37388.000	6.000	95.751421	20.0599228	201.324705	151.006364	11.89213763	371.629301	35	19.3739612	9.39632101	293.635031
9	16:48:00	5.49	95.900	30.900	37368.000	6.000	95.919341	20.0951018	201.677767	151.271184	11.91299286	372.281027	35	19.3739612	9.41279933	294.149979
9	16:48:15	5.74	95.960	30.890	37378.000	6.000	96.003431	20.1127188	201.854574	151.403800	11.92343671	372.607397	35	19.3739612	9.42105131	294.407853
9	16:48:30	5.99	96.140	30.870	37386.000	6.000	96.171873	20.1480075	202.208737	151.669445	11.94435695	373.261155	35	19.3739612	9.43758100	294.924406
9	16:48:45	6.24	95.540	30.940	37370.000	6.000	95.583850	20.0248166	200.972373	150.742093	11.87132560	370.978925	35	19.3739612	9.37987682	293.121151
9	16:49:00	6.49	95.550	30.940	37354.000	6.000	95.583850	20.0248166	200.972373	150.742093	11.87132560	370.978925	35	19.3739612	9.37987682	293.121151
9	16:49:15	6.74	95.970	30.890	37379.000	6.000	96.003431	20.1127188	201.854574	151.403800	11.92343671	372.607397	35	19.3739612	9.42105131	294.407853
9	16:49:30	6.99	95.540	30.940	37384.000	6.000	95.583850	20.0248166	200.972373	150.742093	11.87132560	370.978925	35	19.3739612	9.37987682	293.121151
9	16:49:45	7.24	95.940	30.890	37404.000	6.000	96.003431	20.1127188	201.854574	151.403800	11.92343671	372.607397	35	19.3739612	9.42105131	294.407853
9	16:50:00	7.49	95.790	30.910	37378.000	6.000	95.835337	20.0775032	201.501144	151.138705	11.90255984	371.954995	35	19.3739612	9.40455589	293.892372
9	16:50:15	7.74	95.990	30.890	37391.000	6.000	96.003431	20.1127188	201.854574	151.403800	11.92343671	372.607397	35	19.3739612	9.42105131	294.407853
9	16:50:30	7.99	95.780	30.910	37379.000	6.000	95.835337	20.0775032	201.501144	151.138705	11.90255984	371.954995	35	19.3739612	9.40455589	293.892372
9	16:50:45	8.24	95.740	30.920	37367.000	6.000	95.751421	20.0599228	201.324705	151.006364	11.89213763	371.629301	35	19.3739612	9.39632101	293.635031
9	16:51:00	8.49	95.970	30.890	37396.000	6.000	96.003431	20.1127188	201.854574	151.403800	11.92343671	372.607397	35	19.3739612	9.42105131	294.407853
9	16:51:15	8.74	95.900	30.900	37422.000	6.000	95.919341	20.0951018	201.677767	151.271184	11.91299286	372.281027	35	19.3739612	9.41279933	294.149979
9	16:51:30	8.99	95.550	30.940	37434.000	6.000	95.583850	20.0248166	200.972373	150.742093	11.87132560	370.978925	35	19.3739612	9.37987682	293.121151
9	16:51:45	9.24	95.500	30.950	37423.000	6.000	95.500194	20.0072907	200.796481	150.610162	11.86093574	370.654242	35	19.3739612	9.37166749	292.864609
9	16:52:00	9.49	95.740	30.920	37429.000	6.000	95.751421	20.0599228	201.324705	151.006364	11.89213763	371.629301	35	19.3739612	9.39632101	293.635031
9	16:52:15	9.74	95.510	30.940	37406.000	6.000	95.583850	20.0248166	200.972373	150.742093	11.87132560	370.978925	35	19.3739612	9.37987682	293.121151
9	16:52:30	9.99	95.630	30.930	37419.000	6.000	95.667592	20.0423606	201.148447	150.874160	11.88172622	371.303944	35	19.3739612	9.38809465	293.377958
9	16:52:45	10.24	95.790	30.910	37429.000	6.000	95.835337	20.0775032	201.501144	151.138705	11.90255984	371.954995	35	19.3739612	9.40455589	293.892372
9	16:53:00	10.49	95.300	30.970	37439.000	6.000	95.333143	19.9722935	200.445242	150.346711	11.84018828	370.005884	35	19.3739612	9.35527433	292.352323
9	16:53:15	10.74	95.750	30.920	37438.000	6.000	95.751421	20.0599228	201.324705	151.006364	11.89213763	371.629301	35	19.3739612	9.39632101	293.635031
9	16:53:30	10.99	95.720	30.920	37450.000	6.000	95.751421	20.0599228	201.324705	151.006364	11.89213763	371.629301	35	19.3739612	9.39632101	293.635031
9	16:53:45	11.24	95.390	30.960	37466.000	6.000	95.416625	19.9897830	200.620770	150.478369	11.85055664	370.329895	35	19.3739612	9.36346667	292.608333
9	16:54:00	11.49	95.610	30.930	37467.000	6.000	95.667592	20.0423606	201.148447	150.874160	11.88172622	371.303944	35	19.3739612	9.38809465	293.377958
9	16:54:15	11.74	95.690	30.920	37460.000	6.000	95.751421	20.0599228	201.324705	151.006364	11.89213763	371.629301	35	19.3739612	9.39632101	293.635031
9	16:54:30	11.99	95.650	30.930	37444.000	6.000	95.667592	20.0423606	201.148447	150.874160	11.88172622	371.303944	35	19.3739612	9.38809465	293.377958
9	16:54:45	12.24	95.410	30.960	37463.000	6.000	95.416625	19.9897830	200.620770	150.478369	11.85055664	370.329895	35	19.3739612	9.36346667	292.608333
9	16:55:00	12.49	95.610	30.930	37497.000	6.000	95.667592	20.0423606	201.148447	150.874160	11.88172622	371.303944	35	19.3739612	9.38809465	293.377958
9	16:55:15	12.74	95.400	30.960	37448.000	6.000	95.416625	19.9897830	200.620770	150.478369	11.85055664	370.329895	35	19.3739612	9.36346667	292.608333
9	16:55:30	12.99	95.700	30.920	37463.000	6.000	95.751421	20.0599228	201.324705	151.006364	11.89213763	371.629301	35	19.3739612	9.39632101	293.635031
9	16:55:45	13.24	94.970	31.010	37454.000	6.000	95.000075	19.9025158	199.744942	149.821441	11.79882195	368.713186	35	19.3739612	9.32258960	291.330925
9	16:56:00	13.49	95.270	30.970	37498.000	6.000	95.333143	19.9722935	200.445242	150.346711	11.84018828	370.005884	35	19.3739612	9.35527433	292.352323
9	16:56:15	13.74	95.450	30.950	37458.000	6.000	95.500194	20.0072907	200.796481	150.610162	11.86093574	370.654242	35	19.3739612	9.37166749	292.864609
9	16:56:30	13.99	95.200	30.980	37463.000	6.000	95.249747	19.9548220	200.269895	150.215190	11.82983064	369.682208	35	19.3739612	9.34709046	292.096577
9	16:56:45	14.24	95.580	30.940	37467.000	6.000	95.583850	20.0248166	200.972373	150.742093	11.87132560	370.978925	35	19.3739612	9.37987682	293.121151
9	16:57:00	14.49	95.240	30.980	37470.000	6.000	95.249747	19.9548220	200.269895	150.215190	11.82983064	369.682208	35	19.3739612	9.34709046	292.096577
9	16:57:15	14.74	95.360	30.960	37472.000	6.000	95.416625	19.9897830	200.620770	150.478369	11.85055664	370.329895	35	19.3739612	9.36346667	292.608333
9	16:57:30	14.99	95.550	30.940	37454.000	6.000	95.583850	20.0248166	200.972373	150.742093	11.87132560	370.978925	35	19.3739612	9.37987682	293.121151
9	16:57:45	15.24	95.410	30.960	37479.000	6.000	95.416625	19.9897830	200.620770	150.478369	11.85055664	370.329895	35	19.3739612	9.36346667	292.608333
9	16:58:00	15.49	95.360	30.960	37475.000	6.000	95.416625	19.9897830	200.620770	150.478369	11.85055664	370.329895	35	19.3739612	9.36346667	292.608333
9	16:58:15	15.74	95.720	30.920	37483.000	6.000	95.751421	20.0599228	201.324705	151.006364	11.89213763	371.629301	35	19.3739612	9.39632101	293.635031
9	16:58:30	15.99	95.490	30.950	37467.000	6.000	95.500194	20.0072907	200.796481	150.610162	11.86093574	370.654242	35	19.3739612	9.37166749	292.864609
9	16:58:45	16.24	95.450	30.950	37469.000	6.000	95.500194	20.0072907	200.796481	150.610162	11.86093574	370.654242	35	19.3739612	9.37166749	292.864609
9	16:59:00	16.49	95.510	30.940	37486.000	6.000	95.583850	20.0248166	200.972373	150.742093	11.87132560	370.978925	35	19.3739612	9.37987682	293.121151
9	16:59:15	16.74	95.600	30.930	37483.000	6.000	95.667592	20.0423606	201.148447	150.874160	11.88172622	371.303944	35	19.3739612	9.38809465	293.377958
9	16:59:30	16.99	95.750	30.920	37466.000	6.000	95.751421	20.0599228	201.324705	151.006364	11.89213763	371.629301	35	19.3739612	9.39632101	293.635031
9	16:59:45	17.24	95.320	30.970	37486.000	6.000	95.333143	19.9722935	200.445242	150.346711	11.84018828	370.005884	35	19.3739612	9.35527433	292.352323
9	17:00:00	17.49	95.250	30.970	37485.000	6.000	95.333143	19.9722935	200.445242	150.346711	11.84018828	370.005884	35	19.3739612	9.35527433	292.352323
9	17:00:15	17.74	95.570	30.940	37495.000	6.000	95.583850	20.0248166	200.972373	150.742093	11.87132560	370.978925	35	19.3739612	9.37987682	293.121151
9	17:00:30	17.99	95.750	30.910	37486.000	6.000	95.835337	20.0775032	201.501144	151.138705	11.90255984	371.954995	35	19.3739612	9.40455589	293.892372
9	17:00:45	18.24	95.170	30.980	37492.000	6.000	95.249747	19.9548220	200.269895	150.215190	11.82983064	369.682208	35	19.3739612	9.34709046	292.096577
9	17:01:00	18.49	95.580	30.940	37487.000	6.000	95.583850	20.0248166	200.972373	150.742093	11.87132560	370.978925	35	19.3739612	9.37987682	293.121151
9	17:01:15	18.74	95.370	30.960	37485.000	6.000	95.416625	19.9897830	200.620770	150.478369	11.85055664	370.329895	35	19.3739612	9.36346667	292.608333
9	17:01:30	18.99	95.590	30.930	37472.000	6.000	95.667592	20.0423606	201.148447	150.874160	11.88172622	371.303944	35	19.3739612	9.38809465	293.377958
9	17:01:45	19.24	95.700	30.920	37470.000	6.000	95.751421	20.0599228	201.324705	151.006364	11.89213763	371.629301	35	19.3739612	9.39632101	293.635031
9	17:02:00	19.49	95.220	30.980	37505.000	6.000	95.249747	19.9548220	200.269895	150.215190	11.82983064	369.682208	35	19.3739612	9.34709046	292.096577
