Chamber	Time/hh:mm:ss	Logtime/min	Oxy/% air sat.	Phase/°	Amp	Temp/°C	% air-sat.	% oxygen	pO2 (hPa)	pO2 (Torr)	cO2 [mg/L]	cO2 [µmol/L]	Salinity	chlorinity	SalCorcO2 [mg/L]	SalCorcO2 [µmol/L]
3	14:57:19	0.00	96.170	30.240	33580.000	9.000	96.178070	20.1493057	201.792016	151.356877	11.08872675	346.522711	35	19.3739612	8.82152353	275.672610
3	14:57:32	0.22	95.260	30.340	33566.000	9.000	95.329934	19.9716212	200.012534	150.022153	10.99094198	343.466937	35	19.3739612	8.74373185	273.241620
3	14:57:47	0.47	95.440	30.320	33500.000	9.000	95.498845	20.0070080	200.366927	150.287970	11.01041633	344.075510	35	19.3739612	8.75922447	273.725765
3	14:58:02	0.72	95.710	30.290	33568.000	9.000	95.752881	20.0602286	200.899923	150.687751	11.03970512	344.990785	35	19.3739612	8.78252486	274.453902
3	14:58:17	0.97	95.500	30.310	33570.000	9.000	95.583434	20.0247294	200.544405	150.421089	11.02016894	344.380279	35	19.3739612	8.76698306	273.968221
3	14:58:32	1.22	95.490	30.320	33586.000	9.000	95.498845	20.0070080	200.366927	150.287970	11.01041633	344.075510	35	19.3739612	8.75922447	273.725765
3	14:58:47	1.47	95.880	30.270	33574.000	9.000	95.922687	20.0958029	201.256194	150.954977	11.05928265	345.602583	35	19.3739612	8.79809957	274.940612
3	14:59:02	1.72	95.220	30.350	33561.000	9.000	95.245612	19.9539558	199.835618	149.889454	10.98122022	343.163132	35	19.3739612	8.73599780	272.999931
3	14:59:17	1.97	95.530	30.310	33574.000	9.000	95.583434	20.0247294	200.544405	150.421089	11.02016894	344.380279	35	19.3739612	8.76698306	273.968221
3	14:59:32	2.22	95.430	30.320	33569.000	9.000	95.498845	20.0070080	200.366927	150.287970	11.01041633	344.075510	35	19.3739612	8.75922447	273.725765
3	14:59:47	2.47	94.950	30.380	33566.000	9.000	94.993180	19.9010713	199.305988	149.492198	10.95211640	342.253637	35	19.3739612	8.71284455	272.276392
3	15:00:02	2.72	95.300	30.340	33609.000	9.000	95.329934	19.9716212	200.012534	150.022153	10.99094198	343.466937	35	19.3739612	8.74373185	273.241620
3	15:00:17	2.97	95.480	30.320	33601.000	9.000	95.498845	20.0070080	200.366927	150.287970	11.01041633	344.075510	35	19.3739612	8.75922447	273.725765
3	15:00:32	3.22	95.380	30.330	33603.000	9.000	95.414345	19.9893052	200.189637	150.154991	11.00067401	343.771063	35	19.3739612	8.75147406	273.483565
3	15:00:47	3.47	94.950	30.380	33608.000	9.000	94.993180	19.9010713	199.305988	149.492198	10.95211640	342.253637	35	19.3739612	8.71284455	272.276392
3	15:01:02	3.72	95.270	30.340	33619.000	9.000	95.329934	19.9716212	200.012534	150.022153	10.99094198	343.466937	35	19.3739612	8.74373185	273.241620
3	15:01:17	3.97	95.270	30.340	33595.000	9.000	95.329934	19.9716212	200.012534	150.022153	10.99094198	343.466937	35	19.3739612	8.74373185	273.241620
3	15:01:32	4.22	95.400	30.330	33642.000	9.000	95.414345	19.9893052	200.189637	150.154991	11.00067401	343.771063	35	19.3739612	8.75147406	273.483565
3	15:01:47	4.47	95.020	30.370	33613.000	9.000	95.077235	19.9186808	199.482345	149.624477	10.96180744	342.556482	35	19.3739612	8.72055416	272.517317
3	15:02:02	4.72	95.770	30.280	33618.000	9.000	95.837739	20.0780063	201.077964	150.821293	11.04948871	345.296522	35	19.3739612	8.79030810	274.697128
3	15:02:17	4.97	95.450	30.320	33612.000	9.000	95.498845	20.0070080	200.366927	150.287970	11.01041633	344.075510	35	19.3739612	8.75922447	273.725765
3	15:02:32	5.22	95.270	30.340	33641.000	9.000	95.329934	19.9716212	200.012534	150.022153	10.99094198	343.466937	35	19.3739612	8.74373185	273.241620
3	15:02:47	5.47	94.880	30.390	33630.000	9.000	94.909214	19.8834802	199.129817	149.360059	10.94243557	341.951112	35	19.3739612	8.70514306	272.035721
3	15:03:02	5.72	95.230	30.350	33633.000	9.000	95.245612	19.9539558	199.835618	149.889454	10.98122022	343.163132	35	19.3739612	8.73599780	272.999931
3	15:03:17	5.97	95.810	30.280	33629.000	9.000	95.837739	20.0780063	201.077964	150.821293	11.04948871	345.296522	35	19.3739612	8.79030810	274.697128
3	15:03:32	6.22	95.060	30.370	33633.000	9.000	95.077235	19.9186808	199.482345	149.624477	10.96180744	342.556482	35	19.3739612	8.72055416	272.517317
3	15:03:47	6.47	95.130	30.360	33604.000	9.000	95.161379	19.9363090	199.658889	149.756896	10.97150871	342.859647	35	19.3739612	8.72827190	272.758497
3	15:04:02	6.72	95.740	30.290	33642.000	9.000	95.752881	20.0602286	200.899923	150.687751	11.03970512	344.990785	35	19.3739612	8.78252486	274.453902
3	15:04:17	6.97	95.880	30.270	33695.000	9.000	95.922687	20.0958029	201.256194	150.954977	11.05928265	345.602583	35	19.3739612	8.79809957	274.940612
3	15:04:32	7.22	95.010	30.370	33674.000	9.000	95.077235	19.9186808	199.482345	149.624477	10.96180744	342.556482	35	19.3739612	8.72055416	272.517317
3	15:04:47	7.47	95.400	30.330	33658.000	9.000	95.414345	19.9893052	200.189637	150.154991	11.00067401	343.771063	35	19.3739612	8.75147406	273.483565
3	15:05:02	7.72	94.370	30.450	33642.000	9.000	94.407267	19.7783224	198.076679	148.570138	10.88456428	340.142634	35	19.3739612	8.65910415	270.597005
3	15:05:17	7.97	94.900	30.390	33599.000	9.000	94.909214	19.8834802	199.129817	149.360059	10.94243557	341.951112	35	19.3739612	8.70514306	272.035721
3	15:05:32	8.22	95.920	30.270	33683.000	9.000	95.922687	20.0958029	201.256194	150.954977	11.05928265	345.602583	35	19.3739612	8.79809957	274.940612
3	15:05:47	8.47	94.910	30.380	33678.000	9.000	94.993180	19.9010713	199.305988	149.492198	10.95211640	342.253637	35	19.3739612	8.71284455	272.276392
3	15:06:02	8.72	95.170	30.350	33667.000	9.000	95.245612	19.9539558	199.835618	149.889454	10.98122022	343.163132	35	19.3739612	8.73599780	272.999931
3	15:06:17	8.97	95.110	30.360	33683.000	9.000	95.161379	19.9363090	199.658889	149.756896	10.97150871	342.859647	35	19.3739612	8.72827190	272.758497
3	15:06:32	9.22	95.150	30.360	33657.000	9.000	95.161379	19.9363090	199.658889	149.756896	10.97150871	342.859647	35	19.3739612	8.72827190	272.758497
3	15:06:47	9.47	94.950	30.380	33713.000	9.000	94.993180	19.9010713	199.305988	149.492198	10.95211640	342.253637	35	19.3739612	8.71284455	272.276392
3	15:07:02	9.72	95.380	30.330	33642.000	9.000	95.414345	19.9893052	200.189637	150.154991	11.00067401	343.771063	35	19.3739612	8.75147406	273.483565
3	15:07:17	9.97	94.650	30.420	33682.000	9.000	94.657844	19.8308183	198.602416	148.964474	10.91345422	341.045444	35	19.3739612	8.68208725	271.315226
3	15:07:32	10.22	95.410	30.330	33672.000	9.000	95.414345	19.9893052	200.189637	150.154991	11.00067401	343.771063	35	19.3739612	8.75147406	273.483565
3	15:07:47	10.47	94.990	30.380	33725.000	9.000	94.993180	19.9010713	199.305988	149.492198	10.95211640	342.253637	35	19.3739612	8.71284455	272.276392
3	15:08:02	10.72	94.540	30.430	33641.000	9.000	94.574230	19.8133012	198.426986	148.832890	10.90381410	340.744191	35	19.3739612	8.67441815	271.075567
3	15:08:17	10.97	95.140	30.360	33723.000	9.000	95.161379	19.9363090	199.658889	149.756896	10.97150871	342.859647	35	19.3739612	8.72827190	272.758497
3	15:08:32	11.22	95.370	30.330	33707.000	9.000	95.414345	19.9893052	200.189637	150.154991	11.00067401	343.771063	35	19.3739612	8.75147406	273.483565
3	15:08:47	11.47	94.950	30.380	33722.000	9.000	94.993180	19.9010713	199.305988	149.492198	10.95211640	342.253637	35	19.3739612	8.71284455	272.276392
3	15:09:02	11.72	95.610	30.300	33712.000	9.000	95.668113	20.0424696	200.722070	150.554350	11.02993187	344.685371	35	19.3739612	8.77474985	274.210933
3	15:09:17	11.97	94.440	30.440	33666.000	9.000	94.490705	19.7958026	198.251740	148.701445	10.89418413	340.443254	35	19.3739612	8.66675712	270.836160
3	15:09:32	12.22	95.020	30.370	33692.000	9.000	95.077235	19.9186808	199.482345	149.624477	10.96180744	342.556482	35	19.3739612	8.72055416	272.517317
3	15:09:47	12.47	94.710	30.410	33694.000	9.000	94.741545	19.8483538	198.778031	149.096197	10.92310449	341.347015	35	19.3739612	8.68976442	271.555138
3	15:10:02	12.72	94.780	30.400	33703.000	9.000	94.825335	19.8659078	198.953832	149.228058	10.93276494	341.648904	35	19.3739612	8.69744969	271.795303
3	15:10:17	12.97	95.050	30.370	33730.000	9.000	95.077235	19.9186808	199.482345	149.624477	10.96180744	342.556482	35	19.3739612	8.72055416	272.517317
3	15:10:32	13.22	94.680	30.410	33704.000	9.000	94.741545	19.8483538	198.778031	149.096197	10.92310449	341.347015	35	19.3739612	8.68976442	271.555138
3	15:10:47	13.47	94.800	30.400	33635.000	9.000	94.825335	19.8659078	198.953832	149.228058	10.93276494	341.648904	35	19.3739612	8.69744969	271.795303
3	15:11:02	13.72	95.020	30.370	33689.000	9.000	95.077235	19.9186808	199.482345	149.624477	10.96180744	342.556482	35	19.3739612	8.72055416	272.517317
3	15:11:17	13.97	94.870	30.390	33726.000	9.000	94.909214	19.8834802	199.129817	149.360059	10.94243557	341.951112	35	19.3739612	8.70514306	272.035721
3	15:11:32	14.22	94.840	30.390	33731.000	9.000	94.909214	19.8834802	199.129817	149.360059	10.94243557	341.951112	35	19.3739612	8.70514306	272.035721
3	15:11:47	14.47	94.550	30.430	33716.000	9.000	94.574230	19.8133012	198.426986	148.832890	10.90381410	340.744191	35	19.3739612	8.67441815	271.075567
3	15:12:02	14.72	94.410	30.440	33752.000	9.000	94.490705	19.7958026	198.251740	148.701445	10.89418413	340.443254	35	19.3739612	8.66675712	270.836160
3	15:12:17	14.97	95.060	30.370	33761.000	9.000	95.077235	19.9186808	199.482345	149.624477	10.96180744	342.556482	35	19.3739612	8.72055416	272.517317
3	15:12:32	15.22	94.190	30.470	33755.000	9.000	94.240655	19.7434171	197.727108	148.307937	10.86535492	339.542341	35	19.3739612	8.64382234	270.119448
3	15:12:47	15.47	94.590	30.420	33757.000	9.000	94.657844	19.8308183	198.602416	148.964474	10.91345422	341.045444	35	19.3739612	8.68208725	271.315226
3	15:13:02	15.72	94.860	30.390	33791.000	9.000	94.909214	19.8834802	199.129817	149.360059	10.94243557	341.951112	35	19.3739612	8.70514306	272.035721
3	15:13:17	15.97	94.710	30.410	33789.000	9.000	94.741545	19.8483538	198.778031	149.096197	10.92310449	341.347015	35	19.3739612	8.68976442	271.555138
3	15:13:32	16.22	94.240	30.460	33816.000	9.000	94.323917	19.7608606	197.901802	148.438968	10.87495455	339.842330	35	19.3739612	8.65145923	270.358101
3	15:13:47	16.47	94.690	30.410	33763.000	9.000	94.741545	19.8483538	198.778031	149.096197	10.92310449	341.347015	35	19.3739612	8.68976442	271.555138
3	15:14:02	16.72	94.240	30.470	33812.000	9.000	94.240655	19.7434171	197.727108	148.307937	10.86535492	339.542341	35	19.3739612	8.64382234	270.119448
3	15:14:17	16.97	95.240	30.350	33752.000	9.000	95.245612	19.9539558	199.835618	149.889454	10.98122022	343.163132	35	19.3739612	8.73599780	272.999931
3	15:14:32	17.22	94.350	30.450	33780.000	9.000	94.407267	19.7783224	198.076679	148.570138	10.88456428	340.142634	35	19.3739612	8.65910415	270.597005
3	15:14:47	17.47	94.360	30.450	33804.000	9.000	94.407267	19.7783224	198.076679	148.570138	10.88456428	340.142634	35	19.3739612	8.65910415	270.597005
3	15:15:02	17.72	94.050	30.490	33819.000	9.000	94.074392	19.7085852	197.378271	148.046287	10.84618591	338.943310	35	19.3739612	8.62857263	269.642895
3	15:15:17	17.97	94.130	30.480	33763.000	9.000	94.157480	19.7259920	197.552598	148.177044	10.85576538	339.242668	35	19.3739612	8.63619348	269.881046
3	15:15:32	18.22	94.490	30.440	33753.000	9.000	94.490705	19.7958026	198.251740	148.701445	10.89418413	340.443254	35	19.3739612	8.66675712	270.836160
3	15:15:47	18.47	94.440	30.440	33788.000	9.000	94.490705	19.7958026	198.251740	148.701445	10.89418413	340.443254	35	19.3739612	8.66675712	270.836160
3	15:16:02	18.72	94.050	30.490	33783.000	9.000	94.074392	19.7085852	197.378271	148.046287	10.84618591	338.943310	35	19.3739612	8.62857263	269.642895
3	15:16:17	18.97	94.500	30.430	33803.000	9.000	94.574230	19.8133012	198.426986	148.832890	10.90381410	340.744191	35	19.3739612	8.67441815	271.075567
3	15:16:32	19.22	94.130	30.480	33779.000	9.000	94.157480	19.7259920	197.552598	148.177044	10.85576538	339.242668	35	19.3739612	8.63619348	269.881046
3	15:16:47	19.47	94.370	30.450	33777.000	9.000	94.407267	19.7783224	198.076679	148.570138	10.88456428	340.142634	35	19.3739612	8.65910415	270.597005
3	15:17:02	19.72	95.340	30.330	33809.000	9.000	95.414345	19.9893052	200.189637	150.154991	11.00067401	343.771063	35	19.3739612	8.75147406	273.483565
