Chamber	Time/hh:mm:ss	Logtime/min	Oxy/% air sat.	Phase/°	Amp	Temp/°C	% air-sat.	% oxygen	pO2 (hPa)	pO2 (Torr)	cO2 [mg/L]	cO2 [µmol/L]	Salinity	chlorinity	SalCorcO2 [mg/L]	SalCorcO2 [µmol/L]
6	16:42:29	0.00	97.070	30.760	41708.000	6.000	97.104593	20.3434121	204.169851	153.140405	12.06019882	376.881213	35	19.3739612	9.52911100	297.784719
6	16:42:39	0.18	97.530	30.710	41662.000	6.000	97.532100	20.4329751	205.068719	153.814613	12.11329446	378.540452	35	19.3739612	9.57106340	299.095731
6	16:42:54	0.43	97.260	30.740	41651.000	6.000	97.275328	20.3791813	204.528836	153.409667	12.08140387	377.543871	35	19.3739612	9.54586572	298.308304
6	16:43:09	0.68	96.820	30.790	41640.000	6.000	96.849155	20.2898980	203.632774	152.737563	12.02847399	375.889812	35	19.3739612	9.50404430	297.001384
6	16:43:24	0.93	97.720	30.680	41676.000	6.000	97.789678	20.4869375	205.610295	154.220830	12.14528506	379.540158	35	19.3739612	9.59634010	299.885628
6	16:43:39	1.18	96.730	30.800	41682.000	6.000	96.764186	20.2720970	203.454121	152.603562	12.01792105	375.560033	35	19.3739612	9.49570611	296.740816
6	16:43:54	1.43	97.480	30.710	41642.000	6.000	97.532100	20.4329751	205.068719	153.814613	12.11329446	378.540452	35	19.3739612	9.57106340	299.095731
6	16:44:09	1.68	96.830	30.790	41707.000	6.000	96.849155	20.2898980	203.632774	152.737563	12.02847399	375.889812	35	19.3739612	9.50404430	297.001384
6	16:44:24	1.93	97.000	30.770	41674.000	6.000	97.019358	20.3255555	203.990639	153.005984	12.04961286	376.550402	35	19.3739612	9.52074673	297.523335
6	16:44:39	2.18	97.590	30.700	41637.000	6.000	97.617870	20.4509438	205.249056	153.949878	12.12394687	378.873340	35	19.3739612	9.57948017	299.358755
6	16:44:54	2.43	97.040	30.760	41674.000	6.000	97.104593	20.3434121	204.169851	153.140405	12.06019882	376.881213	35	19.3739612	9.52911100	297.784719
6	16:45:09	2.68	97.870	30.670	41681.000	6.000	97.875716	20.5049626	205.791198	154.356519	12.15597089	379.874090	35	19.3739612	9.60478328	300.149477
6	16:45:24	2.93	97.230	30.740	41638.000	6.000	97.275328	20.3791813	204.528836	153.409667	12.08140387	377.543871	35	19.3739612	9.54586572	298.308304
6	16:45:39	3.18	97.470	30.710	41663.000	6.000	97.532100	20.4329751	205.068719	153.814613	12.11329446	378.540452	35	19.3739612	9.57106340	299.095731
6	16:45:54	3.43	97.080	30.760	41676.000	6.000	97.104593	20.3434121	204.169851	153.140405	12.06019882	376.881213	35	19.3739612	9.52911100	297.784719
6	16:46:09	3.68	97.920	30.660	41664.000	6.000	97.961845	20.5230065	205.972290	154.492349	12.16666789	380.208372	35	19.3739612	9.61323528	300.413603
6	16:46:24	3.93	97.420	30.720	41648.000	6.000	97.446420	20.4150251	204.888570	153.679490	12.10265317	378.207912	35	19.3739612	9.56265541	298.832982
6	16:46:39	4.18	97.780	30.680	41639.000	6.000	97.789678	20.4869375	205.610295	154.220830	12.14528506	379.540158	35	19.3739612	9.59634010	299.885628
6	16:46:54	4.43	97.330	30.730	41687.000	6.000	97.360830	20.3970938	204.708609	153.544508	12.09202298	377.875718	35	19.3739612	9.55425619	298.570506
6	16:47:09	4.68	97.130	30.750	41727.000	6.000	97.189916	20.3612874	204.349250	153.274966	12.07079582	377.212369	35	19.3739612	9.53748400	298.046375
6	16:47:24	4.93	97.680	30.690	41651.000	6.000	97.703729	20.4689312	205.429581	154.085283	12.13461039	379.206575	35	19.3739612	9.58790573	299.622054
6	16:47:39	5.18	98.030	30.650	41666.000	6.000	98.048064	20.5410693	206.153571	154.628322	12.17737607	380.543002	35	19.3739612	9.62169613	300.678004
6	16:47:54	5.43	97.480	30.710	41687.000	6.000	97.532100	20.4329751	205.068719	153.814613	12.11329446	378.540452	35	19.3739612	9.57106340	299.095731
6	16:48:09	5.68	96.990	30.770	41676.000	6.000	97.019358	20.3255555	203.990639	153.005984	12.04961286	376.550402	35	19.3739612	9.52074673	297.523335
6	16:48:24	5.93	97.920	30.660	41698.000	6.000	97.961845	20.5230065	205.972290	154.492349	12.16666789	380.208372	35	19.3739612	9.61323528	300.413603
6	16:48:39	6.18	97.750	30.680	41653.000	6.000	97.789678	20.4869375	205.610295	154.220830	12.14528506	379.540158	35	19.3739612	9.59634010	299.885628
6	16:48:54	6.43	97.050	30.760	41656.000	6.000	97.104593	20.3434121	204.169851	153.140405	12.06019882	376.881213	35	19.3739612	9.52911100	297.784719
6	16:49:09	6.68	96.910	30.780	41682.000	6.000	96.934212	20.3077175	203.811613	152.871704	12.03903792	376.219935	35	19.3739612	9.51239117	297.262224
6	16:49:24	6.93	97.130	30.750	41694.000	6.000	97.189916	20.3612874	204.349250	153.274966	12.07079582	377.212369	35	19.3739612	9.53748400	298.046375
6	16:49:39	7.18	97.150	30.750	41737.000	6.000	97.189916	20.3612874	204.349250	153.274966	12.07079582	377.212369	35	19.3739612	9.53748400	298.046375
6	16:49:54	7.43	97.300	30.730	41718.000	6.000	97.360830	20.3970938	204.708609	153.544508	12.09202298	377.875718	35	19.3739612	9.55425619	298.570506
6	16:50:09	7.68	96.930	30.780	41696.000	6.000	96.934212	20.3077175	203.811613	152.871704	12.03903792	376.219935	35	19.3739612	9.51239117	297.262224
6	16:50:24	7.93	97.520	30.710	41694.000	6.000	97.532100	20.4329751	205.068719	153.814613	12.11329446	378.540452	35	19.3739612	9.57106340	299.095731
6	16:50:39	8.18	97.670	30.690	41733.000	6.000	97.703729	20.4689312	205.429581	154.085283	12.13461039	379.206575	35	19.3739612	9.58790573	299.622054
6	16:50:54	8.43	96.930	30.780	41714.000	6.000	96.934212	20.3077175	203.811613	152.871704	12.03903792	376.219935	35	19.3739612	9.51239117	297.262224
6	16:51:09	8.68	96.570	30.820	41731.000	6.000	96.594514	20.2365507	203.097372	152.335977	11.99684808	374.901502	35	19.3739612	9.47905575	296.220492
6	16:51:24	8.93	97.140	30.750	41706.000	6.000	97.189916	20.3612874	204.349250	153.274966	12.07079582	377.212369	35	19.3739612	9.53748400	298.046375
6	16:51:39	9.18	97.180	30.750	41689.000	6.000	97.189916	20.3612874	204.349250	153.274966	12.07079582	377.212369	35	19.3739612	9.53748400	298.046375
6	16:51:54	9.43	97.030	30.760	41724.000	6.000	97.104593	20.3434121	204.169851	153.140405	12.06019882	376.881213	35	19.3739612	9.52911100	297.784719
6	16:52:09	9.68	96.900	30.780	41757.000	6.000	96.934212	20.3077175	203.811613	152.871704	12.03903792	376.219935	35	19.3739612	9.51239117	297.262224
6	16:52:24	9.93	96.770	30.790	41683.000	6.000	96.849155	20.2898980	203.632774	152.737563	12.02847399	375.889812	35	19.3739612	9.50404430	297.001384
6	16:52:39	10.18	97.160	30.750	41720.000	6.000	97.189916	20.3612874	204.349250	153.274966	12.07079582	377.212369	35	19.3739612	9.53748400	298.046375
6	16:52:54	10.43	97.220	30.740	41757.000	6.000	97.275328	20.3791813	204.528836	153.409667	12.08140387	377.543871	35	19.3739612	9.54586572	298.308304
6	16:53:09	10.68	97.070	30.760	41763.000	6.000	97.104593	20.3434121	204.169851	153.140405	12.06019882	376.881213	35	19.3739612	9.52911100	297.784719
6	16:53:24	10.93	97.280	30.730	41768.000	6.000	97.360830	20.3970938	204.708609	153.544508	12.09202298	377.875718	35	19.3739612	9.55425619	298.570506
6	16:53:39	11.18	96.840	30.790	41711.000	6.000	96.849155	20.2898980	203.632774	152.737563	12.02847399	375.889812	35	19.3739612	9.50404430	297.001384
6	16:53:54	11.43	96.980	30.770	41720.000	6.000	97.019358	20.3255555	203.990639	153.005984	12.04961286	376.550402	35	19.3739612	9.52074673	297.523335
6	16:54:09	11.68	97.400	30.720	41736.000	6.000	97.446420	20.4150251	204.888570	153.679490	12.10265317	378.207912	35	19.3739612	9.56265541	298.832982
6	16:54:24	11.93	97.100	30.760	41699.000	6.000	97.104593	20.3434121	204.169851	153.140405	12.06019882	376.881213	35	19.3739612	9.52911100	297.784719
6	16:54:39	12.18	97.100	30.760	41701.000	6.000	97.104593	20.3434121	204.169851	153.140405	12.06019882	376.881213	35	19.3739612	9.52911100	297.784719
6	16:54:54	12.43	97.700	30.690	41760.000	6.000	97.703729	20.4689312	205.429581	154.085283	12.13461039	379.206575	35	19.3739612	9.58790573	299.622054
6	16:55:09	12.68	97.340	30.730	41745.000	6.000	97.360830	20.3970938	204.708609	153.544508	12.09202298	377.875718	35	19.3739612	9.55425619	298.570506
6	16:55:24	12.93	97.280	30.730	41772.000	6.000	97.360830	20.3970938	204.708609	153.544508	12.09202298	377.875718	35	19.3739612	9.55425619	298.570506
6	16:55:39	13.18	96.960	30.770	41679.000	6.000	97.019358	20.3255555	203.990639	153.005984	12.04961286	376.550402	35	19.3739612	9.52074673	297.523335
6	16:55:54	13.43	96.590	30.820	41710.000	6.000	96.594514	20.2365507	203.097372	152.335977	11.99684808	374.901502	35	19.3739612	9.47905575	296.220492
6	16:56:09	13.68	97.190	30.740	41695.000	6.000	97.275328	20.3791813	204.528836	153.409667	12.08140387	377.543871	35	19.3739612	9.54586572	298.308304
6	16:56:24	13.93	97.240	30.740	41733.000	6.000	97.275328	20.3791813	204.528836	153.409667	12.08140387	377.543871	35	19.3739612	9.54586572	298.308304
6	16:56:39	14.18	97.550	30.700	41729.000	6.000	97.617870	20.4509438	205.249056	153.949878	12.12394687	378.873340	35	19.3739612	9.57948017	299.358755
6	16:56:54	14.43	97.120	30.750	41711.000	6.000	97.189916	20.3612874	204.349250	153.274966	12.07079582	377.212369	35	19.3739612	9.53748400	298.046375
6	16:57:09	14.68	97.550	30.700	41666.000	6.000	97.617870	20.4509438	205.249056	153.949878	12.12394687	378.873340	35	19.3739612	9.57948017	299.358755
6	16:57:24	14.93	96.900	30.780	41761.000	6.000	96.934212	20.3077175	203.811613	152.871704	12.03903792	376.219935	35	19.3739612	9.51239117	297.262224
6	16:57:39	15.18	96.780	30.790	41754.000	6.000	96.849155	20.2898980	203.632774	152.737563	12.02847399	375.889812	35	19.3739612	9.50404430	297.001384
6	16:57:54	15.43	97.140	30.750	41719.000	6.000	97.189916	20.3612874	204.349250	153.274966	12.07079582	377.212369	35	19.3739612	9.53748400	298.046375
6	16:58:09	15.68	97.450	30.710	41746.000	6.000	97.532100	20.4329751	205.068719	153.814613	12.11329446	378.540452	35	19.3739612	9.57106340	299.095731
6	16:58:24	15.93	96.880	30.780	41764.000	6.000	96.934212	20.3077175	203.811613	152.871704	12.03903792	376.219935	35	19.3739612	9.51239117	297.262224
6	16:58:39	16.18	96.860	30.780	41690.000	6.000	96.934212	20.3077175	203.811613	152.871704	12.03903792	376.219935	35	19.3739612	9.51239117	297.262224
6	16:58:54	16.43	97.260	30.740	41729.000	6.000	97.275328	20.3791813	204.528836	153.409667	12.08140387	377.543871	35	19.3739612	9.54586572	298.308304
6	16:59:09	16.68	97.300	30.730	41720.000	6.000	97.360830	20.3970938	204.708609	153.544508	12.09202298	377.875718	35	19.3739612	9.55425619	298.570506
6	16:59:24	16.93	97.450	30.710	41731.000	6.000	97.532100	20.4329751	205.068719	153.814613	12.11329446	378.540452	35	19.3739612	9.57106340	299.095731
6	16:59:39	17.18	97.340	30.730	41694.000	6.000	97.360830	20.3970938	204.708609	153.544508	12.09202298	377.875718	35	19.3739612	9.55425619	298.570506
6	16:59:54	17.43	97.310	30.730	41735.000	6.000	97.360830	20.3970938	204.708609	153.544508	12.09202298	377.875718	35	19.3739612	9.55425619	298.570506
6	17:00:09	17.68	97.660	30.690	41697.000	6.000	97.703729	20.4689312	205.429581	154.085283	12.13461039	379.206575	35	19.3739612	9.58790573	299.622054
6	17:00:24	17.93	96.600	30.810	41705.000	6.000	96.679306	20.2543146	203.275653	152.469700	12.00737908	375.230596	35	19.3739612	9.48737660	296.480519
6	17:00:39	18.18	97.170	30.750	41754.000	6.000	97.189916	20.3612874	204.349250	153.274966	12.07079582	377.212369	35	19.3739612	9.53748400	298.046375
6	17:00:54	18.43	96.740	30.800	41731.000	6.000	96.764186	20.2720970	203.454121	152.603562	12.01792105	375.560033	35	19.3739612	9.49570611	296.740816
6	17:01:09	18.68	97.310	30.730	41728.000	6.000	97.360830	20.3970938	204.708609	153.544508	12.09202298	377.875718	35	19.3739612	9.55425619	298.570506
6	17:01:24	18.93	96.500	30.830	41743.000	6.000	96.509810	20.2188052	202.919275	152.202393	11.98632802	374.572751	35	19.3739612	9.47074355	295.960736
6	17:01:39	19.18	97.130	30.750	41732.000	6.000	97.189916	20.3612874	204.349250	153.274966	12.07079582	377.212369	35	19.3739612	9.53748400	298.046375
6	17:01:54	19.43	97.380	30.720	41681.000	6.000	97.446420	20.4150251	204.888570	153.679490	12.10265317	378.207912	35	19.3739612	9.56265541	298.832982
6	17:02:09	19.68	97.210	30.740	41680.000	6.000	97.275328	20.3791813	204.528836	153.409667	12.08140387	377.543871	35	19.3739612	9.54586572	298.308304
