Chamber	Time/hh:mm:ss	Logtime/min	Oxy/% air sat.	Phase/°	Amp	Temp/°C	% air-sat.	% oxygen	pO2 (hPa)	pO2 (Torr)	cO2 [mg/L]	cO2 [µmol/L]	Salinity	chlorinity	SalCorcO2 [mg/L]	SalCorcO2 [µmol/L]
9	8:32:32	0.00	95.900	28.500	33161.000	18.000	95.915188	20.0942318	199.396351	149.559976	9.04438485	282.637026	35	19.3739612	7.34760068	229.612521
9	8:32:34	0.03	95.900	28.500	33174.000	18.000	95.915188	20.0942318	199.396351	149.559976	9.04438485	282.637026	35	19.3739612	7.34760068	229.612521
9	8:32:35	0.05	95.910	28.500	33159.000	18.000	95.915188	20.0942318	199.396351	149.559976	9.04438485	282.637026	35	19.3739612	7.34760068	229.612521
9	8:32:49	0.28	95.880	28.500	33181.000	18.000	95.915188	20.0942318	199.396351	149.559976	9.04438485	282.637026	35	19.3739612	7.34760068	229.612521
9	8:33:04	0.53	95.460	28.550	33164.000	18.000	95.476361	20.0022976	198.484082	148.875716	9.00300541	281.343919	35	19.3739612	7.31398429	228.562009
9	8:33:19	0.78	95.800	28.510	33205.000	18.000	95.827226	20.0758038	199.213488	149.422817	9.03609043	282.377826	35	19.3739612	7.34086235	229.401948
9	8:33:34	1.03	95.900	28.500	33170.000	18.000	95.915188	20.0942318	199.396351	149.559976	9.04438485	282.637026	35	19.3739612	7.34760068	229.612521
9	8:33:49	1.28	95.370	28.560	33170.000	18.000	95.388890	19.9839724	198.302240	148.739323	8.99475726	281.086164	35	19.3739612	7.30728354	228.352611
9	8:34:04	1.53	95.730	28.520	33215.000	18.000	95.739362	20.0573964	199.030831	149.285812	9.02780529	282.118915	35	19.3739612	7.33413155	229.191611
9	8:34:19	1.78	96.020	28.480	33178.000	18.000	96.091407	20.1311498	199.762690	149.834754	9.06100158	283.156299	35	19.3739612	7.36110001	230.034375
9	8:34:34	2.03	95.670	28.520	33198.000	18.000	95.739362	20.0573964	199.030831	149.285812	9.02780529	282.118915	35	19.3739612	7.33413155	229.191611
9	8:34:49	2.28	95.790	28.510	33182.000	18.000	95.827226	20.0758038	199.213488	149.422817	9.03609043	282.377826	35	19.3739612	7.34086235	229.401948
9	8:35:04	2.53	95.290	28.570	33234.000	18.000	95.301516	19.9656677	198.120601	148.603082	8.98651832	280.828697	35	19.3739612	7.30059028	228.143446
9	8:35:19	2.78	95.770	28.510	33255.000	18.000	95.827226	20.0758038	199.213488	149.422817	9.03609043	282.377826	35	19.3739612	7.34086235	229.401948
9	8:35:34	3.03	95.150	28.580	33222.000	18.000	95.214240	19.9473834	197.939164	148.466993	8.97828857	280.571518	35	19.3739612	7.29390449	227.934515
9	8:35:49	3.28	95.240	28.570	33232.000	18.000	95.301516	19.9656677	198.120601	148.603082	8.98651832	280.828697	35	19.3739612	7.30059028	228.143446
9	8:36:04	3.53	95.070	28.590	33260.000	18.000	95.127062	19.9291195	197.757930	148.331056	8.97006802	280.314626	35	19.3739612	7.28722616	227.725818
9	8:36:19	3.78	95.280	28.570	33266.000	18.000	95.301516	19.9656677	198.120601	148.603082	8.98651832	280.828697	35	19.3739612	7.30059028	228.143446
9	8:36:34	4.03	94.920	28.610	33304.000	18.000	94.952997	19.8926528	197.396069	148.059637	8.95365442	279.801701	35	19.3739612	7.27389186	227.309121
9	8:36:49	4.28	94.740	28.630	33310.000	18.000	94.779319	19.8562674	197.035015	147.788823	8.93727741	279.289919	35	19.3739612	7.26058728	226.893352
9	8:37:04	4.53	95.330	28.560	33330.000	18.000	95.388890	19.9839724	198.302240	148.739323	8.99475726	281.086164	35	19.3739612	7.30728354	228.352611
9	8:37:19	4.78	94.770	28.630	33339.000	18.000	94.779319	19.8562674	197.035015	147.788823	8.93727741	279.289919	35	19.3739612	7.26058728	226.893352
9	8:37:34	5.03	95.150	28.580	33328.000	18.000	95.214240	19.9473834	197.939164	148.466993	8.97828857	280.571518	35	19.3739612	7.29390449	227.934515
9	8:37:49	5.28	94.860	28.620	33343.000	18.000	94.866109	19.8744499	197.215441	147.924154	8.94546135	279.545667	35	19.3739612	7.26723586	227.101121
9	8:38:04	5.53	95.060	28.590	33382.000	18.000	95.127062	19.9291195	197.757930	148.331056	8.97006802	280.314626	35	19.3739612	7.28722616	227.725818
9	8:38:19	5.78	94.870	28.610	33396.000	18.000	94.952997	19.8926528	197.396069	148.059637	8.95365442	279.801701	35	19.3739612	7.27389186	227.309121
9	8:38:34	6.03	94.870	28.610	33407.000	18.000	94.952997	19.8926528	197.396069	148.059637	8.95365442	279.801701	35	19.3739612	7.27389186	227.309121
9	8:38:49	6.28	95.090	28.590	33403.000	18.000	95.127062	19.9291195	197.757930	148.331056	8.97006802	280.314626	35	19.3739612	7.28722616	227.725818
9	8:39:04	6.53	94.790	28.620	33415.000	18.000	94.866109	19.8744499	197.215441	147.924154	8.94546135	279.545667	35	19.3739612	7.26723586	227.101121
9	8:39:19	6.78	94.730	28.630	33434.000	18.000	94.779319	19.8562674	197.035015	147.788823	8.93727741	279.289919	35	19.3739612	7.26058728	226.893352
9	8:39:34	7.03	94.310	28.680	33442.000	18.000	94.346816	19.7656580	196.135892	147.114424	8.89649427	278.015446	35	19.3739612	7.22745532	225.857979
9	8:39:49	7.28	94.380	28.670	33474.000	18.000	94.433124	19.7837396	196.315316	147.249003	8.90463274	278.269773	35	19.3739612	7.23406696	226.064592
9	8:40:04	7.53	94.580	28.650	33485.000	18.000	94.606029	19.8199631	196.674764	147.518612	8.92093688	278.779278	35	19.3739612	7.24731234	226.478511
9	8:40:19	7.78	94.360	28.670	33528.000	18.000	94.433124	19.7837396	196.315316	147.249003	8.90463274	278.269773	35	19.3739612	7.23406696	226.064592
9	8:40:34	8.03	94.260	28.690	33530.000	18.000	94.260605	19.7475967	195.956668	146.979994	8.88836487	277.761402	35	19.3739612	7.22085104	225.651595
9	8:40:49	8.28	93.950	28.720	33536.000	18.000	94.002544	19.6935329	195.420190	146.577602	8.86403086	277.000964	35	19.3739612	7.20108225	225.033820
9	8:41:04	8.53	94.400	28.670	33545.000	18.000	94.433124	19.7837396	196.315316	147.249003	8.90463274	278.269773	35	19.3739612	7.23406696	226.064592
9	8:41:19	8.78	94.280	28.680	33559.000	18.000	94.346816	19.7656580	196.135892	147.114424	8.89649427	278.015446	35	19.3739612	7.22745532	225.857979
9	8:41:34	9.03	94.220	28.690	33585.000	18.000	94.260605	19.7475967	195.956668	146.979994	8.88836487	277.761402	35	19.3739612	7.22085104	225.651595
9	8:41:49	9.28	93.980	28.720	33589.000	18.000	94.002544	19.6935329	195.420190	146.577602	8.86403086	277.000964	35	19.3739612	7.20108225	225.033820
9	8:42:04	9.53	94.090	28.700	33608.000	18.000	94.174489	19.7295554	195.777643	146.845714	8.88024450	277.507641	35	19.3739612	7.21425411	225.445441
9	8:42:19	9.78	94.000	28.720	33624.000	18.000	94.002544	19.6935329	195.420190	146.577602	8.86403086	277.000964	35	19.3739612	7.20108225	225.033820
9	8:42:34	10.03	93.500	28.770	33600.000	18.000	93.574350	19.6038264	194.530027	145.909922	8.82365409	275.739190	35	19.3739612	7.16828042	224.008763
9	8:42:49	10.28	94.170	28.700	33637.000	18.000	94.174489	19.7295554	195.777643	146.845714	8.88024450	277.507641	35	19.3739612	7.21425411	225.445441
9	8:43:04	10.53	93.770	28.740	33650.000	18.000	93.830981	19.6575905	195.063531	146.310085	8.84785323	276.495413	35	19.3739612	7.18793964	224.623114
9	8:43:19	10.78	93.650	28.760	33687.000	18.000	93.659799	19.6217279	194.707664	146.043162	8.83171151	275.990985	35	19.3739612	7.17482622	224.213319
9	8:43:34	11.03	93.760	28.740	33668.000	18.000	93.830981	19.6575905	195.063531	146.310085	8.84785323	276.495413	35	19.3739612	7.18793964	224.623114
9	8:43:49	11.28	93.710	28.750	33690.000	18.000	93.745342	19.6396492	194.885499	146.176549	8.83977789	276.243059	35	19.3739612	7.18137929	224.418103
9	8:44:04	11.53	93.740	28.750	33687.000	18.000	93.745342	19.6396492	194.885499	146.176549	8.83977789	276.243059	35	19.3739612	7.18137929	224.418103
9	8:44:19	11.78	93.790	28.740	33720.000	18.000	93.830981	19.6575905	195.063531	146.310085	8.84785323	276.495413	35	19.3739612	7.18793964	224.623114
9	8:44:34	12.03	93.200	28.810	33727.000	18.000	93.233503	19.5324189	193.821446	145.378441	8.79151368	274.734803	35	19.3739612	7.14216976	223.192805
9	8:44:49	12.28	93.540	28.770	33735.000	18.000	93.574350	19.6038264	194.530027	145.909922	8.82365409	275.739190	35	19.3739612	7.16828042	224.008763
9	8:45:04	12.53	93.600	28.760	33726.000	18.000	93.659799	19.6217279	194.707664	146.043162	8.83171151	275.990985	35	19.3739612	7.17482622	224.213319
9	8:45:19	12.78	93.310	28.800	33736.000	18.000	93.318573	19.5502411	193.998296	145.511091	8.79953542	274.985482	35	19.3739612	7.14868656	223.396455
9	8:45:34	13.03	93.450	28.780	33730.000	18.000	93.488997	19.5859448	194.352587	145.776831	8.81560561	275.487675	35	19.3739612	7.16174189	223.804434
9	8:45:49	13.28	93.390	28.790	33722.000	18.000	93.403738	19.5680831	194.175343	145.643887	8.80756606	275.236439	35	19.3739612	7.15521060	223.600331
9	8:46:04	13.53	93.190	28.810	33736.000	18.000	93.233503	19.5324189	193.821446	145.378441	8.79151368	274.734803	35	19.3739612	7.14216976	223.192805
9	8:46:19	13.78	93.120	28.820	33770.000	18.000	93.148527	19.5146165	193.644791	145.245939	8.78350084	274.484401	35	19.3739612	7.13566017	222.989380
9	8:46:34	14.03	92.620	28.880	33756.000	18.000	92.640645	19.4082151	192.588963	144.454001	8.73560972	272.987804	35	19.3739612	7.09675374	221.773554
9	8:46:49	14.28	92.640	28.870	33752.000	18.000	92.725058	19.4258996	192.764448	144.585626	8.74356950	273.236547	35	19.3739612	7.10322021	221.975631
9	8:47:04	14.53	92.600	28.880	33781.000	18.000	92.640645	19.4082151	192.588963	144.454001	8.73560972	272.987804	35	19.3739612	7.09675374	221.773554
9	8:47:19	14.78	92.920	28.840	33777.000	18.000	92.978858	19.4790708	193.292069	144.981375	8.76750176	273.984430	35	19.3739612	7.12266262	222.583207
9	8:47:34	15.03	92.980	28.830	33777.000	18.000	93.063646	19.4968338	193.468332	145.113584	8.77549687	274.234277	35	19.3739612	7.12915780	222.786181
9	8:47:49	15.28	92.860	28.850	33783.000	18.000	92.894164	19.4613274	193.116000	144.849312	8.75951550	273.734860	35	19.3739612	7.11617464	222.380458
9	8:48:04	15.53	92.680	28.870	33808.000	18.000	92.725058	19.4258996	192.764448	144.585626	8.74356950	273.236547	35	19.3739612	7.10322021	221.975631
9	8:48:19	15.78	93.110	28.820	33812.000	18.000	93.148527	19.5146165	193.644791	145.245939	8.78350084	274.484401	35	19.3739612	7.13566017	222.989380
9	8:48:34	16.03	92.630	28.880	33841.000	18.000	92.640645	19.4082151	192.588963	144.454001	8.73560972	272.987804	35	19.3739612	7.09675374	221.773554
9	8:48:49	16.28	92.520	28.890	33831.000	18.000	92.556325	19.3905502	192.413673	144.322522	8.72765875	272.739336	35	19.3739612	7.09029441	221.571700
9	8:49:04	16.53	92.480	28.890	33814.000	18.000	92.556325	19.3905502	192.413673	144.322522	8.72765875	272.739336	35	19.3739612	7.09029441	221.571700
9	8:49:19	16.78	92.260	28.920	33809.000	18.000	92.303925	19.3376723	191.888962	143.928956	8.70385850	271.995578	35	19.3739612	7.07095925	220.967476
9	8:49:34	17.03	92.400	28.900	33825.000	18.000	92.472099	19.3729047	192.238576	144.191188	8.71971656	272.491143	35	19.3739612	7.08384223	221.370070
9	8:49:49	17.28	92.520	28.890	33844.000	18.000	92.556325	19.3905502	192.413673	144.322522	8.72765875	272.739336	35	19.3739612	7.09029441	221.571700
9	8:50:04	17.53	92.520	28.890	33850.000	18.000	92.556325	19.3905502	192.413673	144.322522	8.72765875	272.739336	35	19.3739612	7.09029441	221.571700
9	8:50:19	17.78	92.070	28.940	33857.000	18.000	92.136122	19.3025177	191.540120	143.667302	8.68803545	271.501108	35	19.3739612	7.05810470	220.565772
9	8:50:34	18.03	92.480	28.890	33870.000	18.000	92.556325	19.3905502	192.413673	144.322522	8.72765875	272.739336	35	19.3739612	7.09029441	221.571700
9	8:50:49	18.28	92.370	28.910	33855.000	18.000	92.387965	19.3552788	192.063672	144.059999	8.71178315	272.243223	35	19.3739612	7.07739718	221.168662
9	8:51:04	18.53	92.330	28.910	33876.000	18.000	92.387965	19.3552788	192.063672	144.059999	8.71178315	272.243223	35	19.3739612	7.07739718	221.168662
9	8:51:19	18.78	92.220	28.920	33876.000	18.000	92.303925	19.3376723	191.888962	143.928956	8.70385850	271.995578	35	19.3739612	7.07095925	220.967476
9	8:51:34	19.03	92.110	28.940	33896.000	18.000	92.136122	19.3025177	191.540120	143.667302	8.68803545	271.501108	35	19.3739612	7.05810470	220.565772
9	8:51:49	19.28	92.600	28.880	33908.000	18.000	92.640645	19.4082151	192.588963	144.454001	8.73560972	272.987804	35	19.3739612	7.09675374	221.773554
9	8:52:04	19.53	92.180	28.930	33889.000	18.000	92.219977	19.3200853	191.714445	143.798057	8.69594261	271.748206	35	19.3739612	7.06452842	220.766513
9	8:52:19	19.78	91.860	28.970	33931.000	18.000	91.885112	19.2499310	191.018300	143.275903	8.66436628	270.761446	35	19.3739612	7.03887602	219.964875
9	8:52:34	20.03	91.910	28.960	33924.000	18.000	91.968690	19.2674406	191.192048	143.406226	8.67224730	271.007728	35	19.3739612	7.04527850	220.164953
9	8:52:49	20.28	91.850	28.970	33930.000	18.000	91.885112	19.2499310	191.018300	143.275903	8.66436628	270.761446	35	19.3739612	7.03887602	219.964875
