Chamber	Time/hh:mm:ss	Logtime/min	Oxy/% air sat.	Phase/°	Amp	Temp/°C	% air-sat.	% oxygen	pO2 (hPa)	pO2 (Torr)	cO2 [mg/L]	cO2 [µmol/L]	Salinity	chlorinity	SalCorcO2 [mg/L]	SalCorcO2 [µmol/L]
10	10:51:39	0.00	95.460	29.120	43936.000	15.000	95.495169	20.0062380	199.242233	149.444377	9.59390502	299.809532	35	19.3739612	7.74468142	242.021294
10	10:51:53	0.25	95.930	29.060	43908.000	15.000	96.015945	20.1153405	200.328785	150.259361	9.64622464	301.444520	35	19.3739612	7.78691645	243.341139
10	10:52:08	0.50	96.790	28.970	43941.000	15.000	96.803582	20.2803504	201.972119	151.491966	9.72535442	303.917326	35	19.3739612	7.85079397	245.337312
10	10:52:23	0.75	96.040	29.050	43924.000	15.000	96.103075	20.1335943	200.510575	150.395715	9.65497818	301.718068	35	19.3739612	7.79398274	243.561961
10	10:52:38	1.00	95.960	29.060	43904.000	15.000	96.015945	20.1153405	200.328785	150.259361	9.64622464	301.444520	35	19.3739612	7.78691645	243.341139
10	10:52:53	1.25	95.790	29.080	43926.000	15.000	95.841972	20.0788930	199.965805	149.987102	9.62874643	300.898326	35	19.3739612	7.77280716	242.900224
10	10:53:08	1.50	96.190	29.040	43950.000	15.000	96.190302	20.1518682	200.692564	150.532219	9.66374134	301.991917	35	19.3739612	7.80105681	243.783025
10	10:53:23	1.75	95.930	29.060	43925.000	15.000	96.015945	20.1153405	200.328785	150.259361	9.64622464	301.444520	35	19.3739612	7.78691645	243.341139
10	10:53:38	2.00	95.890	29.070	43958.000	15.000	95.928911	20.0971068	200.147195	150.123157	9.63748073	301.171273	35	19.3739612	7.77985793	243.120560
10	10:53:53	2.25	95.950	29.060	43912.000	15.000	96.015945	20.1153405	200.328785	150.259361	9.64622464	301.444520	35	19.3739612	7.78691645	243.341139
10	10:54:08	2.50	95.650	29.100	43912.000	15.000	95.668380	20.0425256	199.603621	149.715442	9.61130659	300.353331	35	19.3739612	7.75872884	242.460276
10	10:54:23	2.75	96.100	29.050	43908.000	15.000	96.103075	20.1335943	200.510575	150.395715	9.65497818	301.718068	35	19.3739612	7.79398274	243.561961
10	10:54:38	3.00	96.120	29.040	43923.000	15.000	96.190302	20.1518682	200.692564	150.532219	9.66374134	301.991917	35	19.3739612	7.80105681	243.783025
10	10:54:53	3.25	96.080	29.050	43925.000	15.000	96.103075	20.1335943	200.510575	150.395715	9.65497818	301.718068	35	19.3739612	7.79398274	243.561961
10	10:55:08	3.50	95.160	29.150	43855.000	15.000	95.236065	19.9519557	198.701635	149.038894	9.56787417	298.996068	35	19.3739612	7.72366802	241.364625
10	10:55:23	3.75	95.740	29.090	43921.000	15.000	95.755128	20.0606993	199.784613	149.851197	9.62002172	300.625679	35	19.3739612	7.76576413	242.680129
10	10:55:38	4.00	96.030	29.050	43887.000	15.000	96.103075	20.1335943	200.510575	150.395715	9.65497818	301.718068	35	19.3739612	7.79398274	243.561961
10	10:55:53	4.25	95.530	29.110	43910.000	15.000	95.581727	20.0243719	199.422828	149.579835	9.60260103	300.081282	35	19.3739612	7.75170128	242.240665
10	10:56:08	4.50	95.700	29.090	43928.000	15.000	95.755128	20.0606993	199.784613	149.851197	9.62002172	300.625679	35	19.3739612	7.76576413	242.680129
10	10:56:23	4.75	95.940	29.060	43904.000	15.000	96.015945	20.1153405	200.328785	150.259361	9.64622464	301.444520	35	19.3739612	7.78691645	243.341139
10	10:56:38	5.00	95.810	29.080	43900.000	15.000	95.841972	20.0788930	199.965805	149.987102	9.62874643	300.898326	35	19.3739612	7.77280716	242.900224
10	10:56:53	5.25	96.170	29.040	43905.000	15.000	96.190302	20.1518682	200.692564	150.532219	9.66374134	301.991917	35	19.3739612	7.80105681	243.783025
10	10:57:08	5.50	95.780	29.080	43915.000	15.000	95.841972	20.0788930	199.965805	149.987102	9.62874643	300.898326	35	19.3739612	7.77280716	242.900224
10	10:57:23	5.75	95.890	29.070	43903.000	15.000	95.928911	20.0971068	200.147195	150.123157	9.63748073	301.171273	35	19.3739612	7.77985793	243.120560
10	10:57:39	6.00	96.660	28.980	43874.000	15.000	96.715680	20.2619350	201.788721	151.354406	9.71652343	303.641357	35	19.3739612	7.84366515	245.114536
10	10:57:53	6.25	95.670	29.090	43926.000	15.000	95.755128	20.0606993	199.784613	149.851197	9.62002172	300.625679	35	19.3739612	7.76576413	242.680129
10	10:58:08	6.50	95.510	29.110	43903.000	15.000	95.581727	20.0243719	199.422828	149.579835	9.60260103	300.081282	35	19.3739612	7.75170128	242.240665
10	10:58:24	6.75	95.330	29.130	43892.000	15.000	95.408707	19.9881240	199.061836	149.309068	9.58521855	299.538080	35	19.3739612	7.73766927	241.802165
10	10:58:39	7.00	95.640	29.100	43895.000	15.000	95.668380	20.0425256	199.603621	149.715442	9.61130659	300.353331	35	19.3739612	7.75872884	242.460276
10	10:58:54	7.25	96.080	29.050	43894.000	15.000	96.103075	20.1335943	200.510575	150.395715	9.65497818	301.718068	35	19.3739612	7.79398274	243.561961
10	10:59:09	7.50	95.780	29.080	43913.000	15.000	95.841972	20.0788930	199.965805	149.987102	9.62874643	300.898326	35	19.3739612	7.77280716	242.900224
10	10:59:23	7.75	96.060	29.050	43935.000	15.000	96.103075	20.1335943	200.510575	150.395715	9.65497818	301.718068	35	19.3739612	7.79398274	243.561961
10	10:59:39	8.00	96.120	29.040	43930.000	15.000	96.190302	20.1518682	200.692564	150.532219	9.66374134	301.991917	35	19.3739612	7.80105681	243.783025
10	10:59:54	8.25	95.550	29.110	43911.000	15.000	95.581727	20.0243719	199.422828	149.579835	9.60260103	300.081282	35	19.3739612	7.75170128	242.240665
10	11:00:08	8.50	96.060	29.050	43926.000	15.000	96.103075	20.1335943	200.510575	150.395715	9.65497818	301.718068	35	19.3739612	7.79398274	243.561961
10	11:00:24	8.75	95.710	29.090	43918.000	15.000	95.755128	20.0606993	199.784613	149.851197	9.62002172	300.625679	35	19.3739612	7.76576413	242.680129
10	11:00:38	9.00	96.230	29.030	43923.000	15.000	96.277624	20.1701622	200.874755	150.668873	9.67251416	302.266067	35	19.3739612	7.80813866	244.004333
10	11:00:53	9.25	95.930	29.060	43907.000	15.000	96.015945	20.1153405	200.328785	150.259361	9.64622464	301.444520	35	19.3739612	7.78691645	243.341139
10	11:01:09	9.50	95.780	29.080	43871.000	15.000	95.841972	20.0788930	199.965805	149.987102	9.62874643	300.898326	35	19.3739612	7.77280716	242.900224
10	11:01:24	9.75	95.620	29.100	43920.000	15.000	95.668380	20.0425256	199.603621	149.715442	9.61130659	300.353331	35	19.3739612	7.75872884	242.460276
10	11:01:38	10.00	96.070	29.050	43920.000	15.000	96.103075	20.1335943	200.510575	150.395715	9.65497818	301.718068	35	19.3739612	7.79398274	243.561961
10	11:01:54	10.25	95.860	29.070	43916.000	15.000	95.928911	20.0971068	200.147195	150.123157	9.63748073	301.171273	35	19.3739612	7.77985793	243.120560
10	11:02:08	10.50	95.490	29.120	43877.000	15.000	95.495169	20.0062380	199.242233	149.444377	9.59390502	299.809532	35	19.3739612	7.74468142	242.021294
10	11:02:24	10.75	95.840	29.080	43956.000	15.000	95.841972	20.0788930	199.965805	149.987102	9.62874643	300.898326	35	19.3739612	7.77280716	242.900224
10	11:02:38	11.00	95.750	29.090	43924.000	15.000	95.755128	20.0606993	199.784613	149.851197	9.62002172	300.625679	35	19.3739612	7.76576413	242.680129
10	11:02:54	11.25	95.560	29.110	43925.000	15.000	95.581727	20.0243719	199.422828	149.579835	9.60260103	300.081282	35	19.3739612	7.75170128	242.240665
10	11:03:09	11.50	95.590	29.100	43902.000	15.000	95.668380	20.0425256	199.603621	149.715442	9.61130659	300.353331	35	19.3739612	7.75872884	242.460276
10	11:03:24	11.75	96.240	29.030	43926.000	15.000	96.277624	20.1701622	200.874755	150.668873	9.67251416	302.266067	35	19.3739612	7.80813866	244.004333
10	11:03:38	12.00	96.040	29.050	43902.000	15.000	96.103075	20.1335943	200.510575	150.395715	9.65497818	301.718068	35	19.3739612	7.79398274	243.561961
10	11:03:54	12.25	95.750	29.090	43948.000	15.000	95.755128	20.0606993	199.784613	149.851197	9.62002172	300.625679	35	19.3739612	7.76576413	242.680129
10	11:04:09	12.50	96.000	29.060	43940.000	15.000	96.015945	20.1153405	200.328785	150.259361	9.64622464	301.444520	35	19.3739612	7.78691645	243.341139
10	11:04:23	12.75	95.560	29.110	43949.000	15.000	95.581727	20.0243719	199.422828	149.579835	9.60260103	300.081282	35	19.3739612	7.75170128	242.240665
10	11:04:38	13.00	95.340	29.130	43916.000	15.000	95.408707	19.9881240	199.061836	149.309068	9.58521855	299.538080	35	19.3739612	7.73766927	241.802165
10	11:04:54	13.25	96.020	29.050	43961.000	15.000	96.103075	20.1335943	200.510575	150.395715	9.65497818	301.718068	35	19.3739612	7.79398274	243.561961
10	11:05:09	13.50	95.520	29.110	43950.000	15.000	95.581727	20.0243719	199.422828	149.579835	9.60260103	300.081282	35	19.3739612	7.75170128	242.240665
10	11:05:23	13.75	95.560	29.110	43957.000	15.000	95.581727	20.0243719	199.422828	149.579835	9.60260103	300.081282	35	19.3739612	7.75170128	242.240665
10	11:05:39	14.00	95.740	29.090	43952.000	15.000	95.755128	20.0606993	199.784613	149.851197	9.62002172	300.625679	35	19.3739612	7.76576413	242.680129
10	11:05:53	14.25	96.050	29.050	43969.000	15.000	96.103075	20.1335943	200.510575	150.395715	9.65497818	301.718068	35	19.3739612	7.79398274	243.561961
10	11:06:09	14.50	95.990	29.060	43988.000	15.000	96.015945	20.1153405	200.328785	150.259361	9.64622464	301.444520	35	19.3739612	7.78691645	243.341139
10	11:06:23	14.75	96.120	29.040	43938.000	15.000	96.190302	20.1518682	200.692564	150.532219	9.66374134	301.991917	35	19.3739612	7.80105681	243.783025
10	11:06:38	15.00	95.590	29.100	43950.000	15.000	95.668380	20.0425256	199.603621	149.715442	9.61130659	300.353331	35	19.3739612	7.75872884	242.460276
10	11:06:54	15.25	95.870	29.070	43961.000	15.000	95.928911	20.0971068	200.147195	150.123157	9.63748073	301.171273	35	19.3739612	7.77985793	243.120560
10	11:07:09	15.50	95.710	29.090	43963.000	15.000	95.755128	20.0606993	199.784613	149.851197	9.62002172	300.625679	35	19.3739612	7.76576413	242.680129
10	11:07:23	15.75	95.850	29.070	43983.000	15.000	95.928911	20.0971068	200.147195	150.123157	9.63748073	301.171273	35	19.3739612	7.77985793	243.120560
10	11:07:39	16.00	95.800	29.080	43965.000	15.000	95.841972	20.0788930	199.965805	149.987102	9.62874643	300.898326	35	19.3739612	7.77280716	242.900224
10	11:07:54	16.25	95.470	29.120	43949.000	15.000	95.495169	20.0062380	199.242233	149.444377	9.59390502	299.809532	35	19.3739612	7.74468142	242.021294
10	11:08:08	16.50	96.330	29.020	44006.000	15.000	96.365042	20.1884764	201.057145	150.805677	9.68129663	302.540520	35	19.3739612	7.81522832	244.225885
10	11:08:23	16.75	95.540	29.110	44005.000	15.000	95.581727	20.0243719	199.422828	149.579835	9.60260103	300.081282	35	19.3739612	7.75170128	242.240665
10	11:08:39	17.00	95.850	29.070	43998.000	15.000	95.928911	20.0971068	200.147195	150.123157	9.63748073	301.171273	35	19.3739612	7.77985793	243.120560
10	11:08:54	17.25	95.510	29.110	43990.000	15.000	95.581727	20.0243719	199.422828	149.579835	9.60260103	300.081282	35	19.3739612	7.75170128	242.240665
10	11:09:09	17.50	95.780	29.080	44039.000	15.000	95.841972	20.0788930	199.965805	149.987102	9.62874643	300.898326	35	19.3739612	7.77280716	242.900224
10	11:09:23	17.75	95.450	29.120	43988.000	15.000	95.495169	20.0062380	199.242233	149.444377	9.59390502	299.809532	35	19.3739612	7.74468142	242.021294
10	11:09:38	18.00	95.720	29.090	43982.000	15.000	95.755128	20.0606993	199.784613	149.851197	9.62002172	300.625679	35	19.3739612	7.76576413	242.680129
10	11:09:53	18.25	95.670	29.090	44018.000	15.000	95.755128	20.0606993	199.784613	149.851197	9.62002172	300.625679	35	19.3739612	7.76576413	242.680129
10	11:10:08	18.50	95.520	29.110	44018.000	15.000	95.581727	20.0243719	199.422828	149.579835	9.60260103	300.081282	35	19.3739612	7.75170128	242.240665
10	11:10:24	18.75	95.600	29.100	43981.000	15.000	95.668380	20.0425256	199.603621	149.715442	9.61130659	300.353331	35	19.3739612	7.75872884	242.460276
10	11:10:39	19.00	95.510	29.110	44032.000	15.000	95.581727	20.0243719	199.422828	149.579835	9.60260103	300.081282	35	19.3739612	7.75170128	242.240665
10	11:10:54	19.25	95.400	29.130	44031.000	15.000	95.408707	19.9881240	199.061836	149.309068	9.58521855	299.538080	35	19.3739612	7.73766927	241.802165
10	11:11:09	19.50	95.630	29.100	44022.000	15.000	95.668380	20.0425256	199.603621	149.715442	9.61130659	300.353331	35	19.3739612	7.75872884	242.460276
10	11:11:23	19.75	95.630	29.100	44021.000	15.000	95.668380	20.0425256	199.603621	149.715442	9.61130659	300.353331	35	19.3739612	7.75872884	242.460276
10	11:11:38	20.00	95.920	29.070	44021.000	15.000	95.928911	20.0971068	200.147195	150.123157	9.63748073	301.171273	35	19.3739612	7.77985793	243.120560
10	11:11:54	20.25	96.070	29.050	44026.000	15.000	96.103075	20.1335943	200.510575	150.395715	9.65497818	301.718068	35	19.3739612	7.79398274	243.561961
