Chamber	Time/hh:mm:ss	Logtime/min	Oxy/% air sat.	Phase/°	Amp	Temp/°C	% air-sat.	% oxygen	pO2 (hPa)	pO2 (Torr)	cO2 [mg/L]	cO2 [µmol/L]	Salinity	chlorinity	SalCorcO2 [mg/L]	SalCorcO2 [µmol/L]
5	13:41:39	0.00	94.630	30.420	50101.000	9.000	94.657844	19.8308183	198.602416	148.964474	10.91345422	341.045444	35	19.3739612	8.68208725	271.315226
5	13:41:52	0.21	94.780	30.400	50059.000	9.000	94.825335	19.8659078	198.953832	149.228058	10.93276494	341.648904	35	19.3739612	8.69744969	271.795303
5	13:42:07	0.46	94.930	30.380	50059.000	9.000	94.993180	19.9010713	199.305988	149.492198	10.95211640	342.253637	35	19.3739612	8.71284455	272.276392
5	13:42:22	0.71	94.730	30.410	50066.000	9.000	94.741545	19.8483538	198.778031	149.096197	10.92310449	341.347015	35	19.3739612	8.68976442	271.555138
5	13:42:37	0.96	94.630	30.420	50061.000	9.000	94.657844	19.8308183	198.602416	148.964474	10.91345422	341.045444	35	19.3739612	8.68208725	271.315226
5	13:42:52	1.21	94.570	30.430	50046.000	9.000	94.574230	19.8133012	198.426986	148.832890	10.90381410	340.744191	35	19.3739612	8.67441815	271.075567
5	13:43:07	1.46	94.340	30.450	50056.000	9.000	94.407267	19.7783224	198.076679	148.570138	10.88456428	340.142634	35	19.3739612	8.65910415	270.597005
5	13:43:22	1.71	94.790	30.400	50072.000	9.000	94.825335	19.8659078	198.953832	149.228058	10.93276494	341.648904	35	19.3739612	8.69744969	271.795303
5	13:43:37	1.96	94.460	30.440	50091.000	9.000	94.490705	19.7958026	198.251740	148.701445	10.89418413	340.443254	35	19.3739612	8.66675712	270.836160
5	13:43:52	2.21	94.930	30.380	50082.000	9.000	94.993180	19.9010713	199.305988	149.492198	10.95211640	342.253637	35	19.3739612	8.71284455	272.276392
5	13:44:07	2.46	94.620	30.420	50055.000	9.000	94.657844	19.8308183	198.602416	148.964474	10.91345422	341.045444	35	19.3739612	8.68208725	271.315226
5	13:44:22	2.71	94.800	30.400	50047.000	9.000	94.825335	19.8659078	198.953832	149.228058	10.93276494	341.648904	35	19.3739612	8.69744969	271.795303
5	13:44:37	2.96	94.640	30.420	50059.000	9.000	94.657844	19.8308183	198.602416	148.964474	10.91345422	341.045444	35	19.3739612	8.68208725	271.315226
5	13:44:52	3.21	94.730	30.410	50024.000	9.000	94.741545	19.8483538	198.778031	149.096197	10.92310449	341.347015	35	19.3739612	8.68976442	271.555138
5	13:45:07	3.46	94.840	30.390	50052.000	9.000	94.909214	19.8834802	199.129817	149.360059	10.94243557	341.951112	35	19.3739612	8.70514306	272.035721
5	13:45:22	3.71	94.750	30.400	50053.000	9.000	94.825335	19.8659078	198.953832	149.228058	10.93276494	341.648904	35	19.3739612	8.69744969	271.795303
5	13:45:37	3.96	94.930	30.380	50037.000	9.000	94.993180	19.9010713	199.305988	149.492198	10.95211640	342.253637	35	19.3739612	8.71284455	272.276392
5	13:45:52	4.21	94.750	30.400	50028.000	9.000	94.825335	19.8659078	198.953832	149.228058	10.93276494	341.648904	35	19.3739612	8.69744969	271.795303
5	13:46:07	4.46	94.820	30.400	50055.000	9.000	94.825335	19.8659078	198.953832	149.228058	10.93276494	341.648904	35	19.3739612	8.69744969	271.795303
5	13:46:22	4.71	94.640	30.420	50036.000	9.000	94.657844	19.8308183	198.602416	148.964474	10.91345422	341.045444	35	19.3739612	8.68208725	271.315226
5	13:46:37	4.96	94.990	30.380	50014.000	9.000	94.993180	19.9010713	199.305988	149.492198	10.95211640	342.253637	35	19.3739612	8.71284455	272.276392
5	13:46:52	5.21	94.700	30.410	50028.000	9.000	94.741545	19.8483538	198.778031	149.096197	10.92310449	341.347015	35	19.3739612	8.68976442	271.555138
5	13:47:07	5.46	94.850	30.390	50010.000	9.000	94.909214	19.8834802	199.129817	149.360059	10.94243557	341.951112	35	19.3739612	8.70514306	272.035721
5	13:47:22	5.71	94.720	30.410	50001.000	9.000	94.741545	19.8483538	198.778031	149.096197	10.92310449	341.347015	35	19.3739612	8.68976442	271.555138
5	13:47:37	5.96	94.850	30.390	50037.000	9.000	94.909214	19.8834802	199.129817	149.360059	10.94243557	341.951112	35	19.3739612	8.70514306	272.035721
5	13:47:52	6.21	94.800	30.400	49996.000	9.000	94.825335	19.8659078	198.953832	149.228058	10.93276494	341.648904	35	19.3739612	8.69744969	271.795303
5	13:48:07	6.46	94.540	30.430	50029.000	9.000	94.574230	19.8133012	198.426986	148.832890	10.90381410	340.744191	35	19.3739612	8.67441815	271.075567
5	13:48:22	6.71	94.780	30.400	50017.000	9.000	94.825335	19.8659078	198.953832	149.228058	10.93276494	341.648904	35	19.3739612	8.69744969	271.795303
5	13:48:37	6.96	94.610	30.420	50002.000	9.000	94.657844	19.8308183	198.602416	148.964474	10.91345422	341.045444	35	19.3739612	8.68208725	271.315226
5	13:48:52	7.21	94.560	30.430	49986.000	9.000	94.574230	19.8133012	198.426986	148.832890	10.90381410	340.744191	35	19.3739612	8.67441815	271.075567
5	13:49:07	7.46	94.770	30.400	49973.000	9.000	94.825335	19.8659078	198.953832	149.228058	10.93276494	341.648904	35	19.3739612	8.69744969	271.795303
5	13:49:22	7.71	94.540	30.430	49992.000	9.000	94.574230	19.8133012	198.426986	148.832890	10.90381410	340.744191	35	19.3739612	8.67441815	271.075567
5	13:49:37	7.96	94.870	30.390	49992.000	9.000	94.909214	19.8834802	199.129817	149.360059	10.94243557	341.951112	35	19.3739612	8.70514306	272.035721
5	13:49:52	8.21	94.550	30.430	50003.000	9.000	94.574230	19.8133012	198.426986	148.832890	10.90381410	340.744191	35	19.3739612	8.67441815	271.075567
5	13:50:07	8.46	94.600	30.420	49993.000	9.000	94.657844	19.8308183	198.602416	148.964474	10.91345422	341.045444	35	19.3739612	8.68208725	271.315226
5	13:50:22	8.71	94.460	30.440	50024.000	9.000	94.490705	19.7958026	198.251740	148.701445	10.89418413	340.443254	35	19.3739612	8.66675712	270.836160
5	13:50:37	8.96	94.600	30.420	49986.000	9.000	94.657844	19.8308183	198.602416	148.964474	10.91345422	341.045444	35	19.3739612	8.68208725	271.315226
5	13:50:52	9.21	94.620	30.420	49997.000	9.000	94.657844	19.8308183	198.602416	148.964474	10.91345422	341.045444	35	19.3739612	8.68208725	271.315226
5	13:51:07	9.46	94.730	30.410	50005.000	9.000	94.741545	19.8483538	198.778031	149.096197	10.92310449	341.347015	35	19.3739612	8.68976442	271.555138
5	13:51:22	9.71	94.590	30.420	49977.000	9.000	94.657844	19.8308183	198.602416	148.964474	10.91345422	341.045444	35	19.3739612	8.68208725	271.315226
5	13:51:37	9.96	94.380	30.450	49999.000	9.000	94.407267	19.7783224	198.076679	148.570138	10.88456428	340.142634	35	19.3739612	8.65910415	270.597005
5	13:51:52	10.21	94.770	30.400	49960.000	9.000	94.825335	19.8659078	198.953832	149.228058	10.93276494	341.648904	35	19.3739612	8.69744969	271.795303
5	13:52:07	10.46	94.540	30.430	49989.000	9.000	94.574230	19.8133012	198.426986	148.832890	10.90381410	340.744191	35	19.3739612	8.67441815	271.075567
5	13:52:22	10.71	94.680	30.410	49986.000	9.000	94.741545	19.8483538	198.778031	149.096197	10.92310449	341.347015	35	19.3739612	8.68976442	271.555138
5	13:52:37	10.96	94.600	30.420	49980.000	9.000	94.657844	19.8308183	198.602416	148.964474	10.91345422	341.045444	35	19.3739612	8.68208725	271.315226
5	13:52:52	11.21	94.500	30.430	49978.000	9.000	94.574230	19.8133012	198.426986	148.832890	10.90381410	340.744191	35	19.3739612	8.67441815	271.075567
5	13:53:07	11.46	94.560	30.430	49944.000	9.000	94.574230	19.8133012	198.426986	148.832890	10.90381410	340.744191	35	19.3739612	8.67441815	271.075567
5	13:53:22	11.71	94.630	30.420	49977.000	9.000	94.657844	19.8308183	198.602416	148.964474	10.91345422	341.045444	35	19.3739612	8.68208725	271.315226
5	13:53:37	11.96	94.900	30.390	49948.000	9.000	94.909214	19.8834802	199.129817	149.360059	10.94243557	341.951112	35	19.3739612	8.70514306	272.035721
5	13:53:52	12.21	94.540	30.430	49977.000	9.000	94.574230	19.8133012	198.426986	148.832890	10.90381410	340.744191	35	19.3739612	8.67441815	271.075567
5	13:54:07	12.46	94.540	30.430	49973.000	9.000	94.574230	19.8133012	198.426986	148.832890	10.90381410	340.744191	35	19.3739612	8.67441815	271.075567
5	13:54:22	12.71	94.620	30.420	49979.000	9.000	94.657844	19.8308183	198.602416	148.964474	10.91345422	341.045444	35	19.3739612	8.68208725	271.315226
5	13:54:37	12.96	94.500	30.430	49962.000	9.000	94.574230	19.8133012	198.426986	148.832890	10.90381410	340.744191	35	19.3739612	8.67441815	271.075567
5	13:54:52	13.21	94.480	30.440	49978.000	9.000	94.490705	19.7958026	198.251740	148.701445	10.89418413	340.443254	35	19.3739612	8.66675712	270.836160
5	13:55:07	13.46	94.210	30.470	49995.000	9.000	94.240655	19.7434171	197.727108	148.307937	10.86535492	339.542341	35	19.3739612	8.64382234	270.119448
5	13:55:22	13.71	94.590	30.420	49978.000	9.000	94.657844	19.8308183	198.602416	148.964474	10.91345422	341.045444	35	19.3739612	8.68208725	271.315226
5	13:55:37	13.96	94.610	30.420	50004.000	9.000	94.657844	19.8308183	198.602416	148.964474	10.91345422	341.045444	35	19.3739612	8.68208725	271.315226
5	13:55:52	14.21	94.720	30.410	49959.000	9.000	94.741545	19.8483538	198.778031	149.096197	10.92310449	341.347015	35	19.3739612	8.68976442	271.555138
5	13:56:07	14.46	94.590	30.420	49966.000	9.000	94.657844	19.8308183	198.602416	148.964474	10.91345422	341.045444	35	19.3739612	8.68208725	271.315226
5	13:56:22	14.71	94.490	30.430	49978.000	9.000	94.574230	19.8133012	198.426986	148.832890	10.90381410	340.744191	35	19.3739612	8.67441815	271.075567
5	13:56:37	14.96	94.590	30.420	50002.000	9.000	94.657844	19.8308183	198.602416	148.964474	10.91345422	341.045444	35	19.3739612	8.68208725	271.315226
5	13:56:52	15.21	94.250	30.460	49972.000	9.000	94.323917	19.7608606	197.901802	148.438968	10.87495455	339.842330	35	19.3739612	8.65145923	270.358101
5	13:57:07	15.46	94.520	30.430	49985.000	9.000	94.574230	19.8133012	198.426986	148.832890	10.90381410	340.744191	35	19.3739612	8.67441815	271.075567
5	13:57:22	15.71	94.610	30.420	49980.000	9.000	94.657844	19.8308183	198.602416	148.964474	10.91345422	341.045444	35	19.3739612	8.68208725	271.315226
5	13:57:37	15.96	94.520	30.430	49966.000	9.000	94.574230	19.8133012	198.426986	148.832890	10.90381410	340.744191	35	19.3739612	8.67441815	271.075567
5	13:57:52	16.21	94.440	30.440	49976.000	9.000	94.490705	19.7958026	198.251740	148.701445	10.89418413	340.443254	35	19.3739612	8.66675712	270.836160
5	13:58:07	16.46	94.590	30.420	49988.000	9.000	94.657844	19.8308183	198.602416	148.964474	10.91345422	341.045444	35	19.3739612	8.68208725	271.315226
5	13:58:22	16.71	94.690	30.410	49973.000	9.000	94.741545	19.8483538	198.778031	149.096197	10.92310449	341.347015	35	19.3739612	8.68976442	271.555138
5	13:58:37	16.96	94.640	30.420	49967.000	9.000	94.657844	19.8308183	198.602416	148.964474	10.91345422	341.045444	35	19.3739612	8.68208725	271.315226
5	13:58:52	17.21	94.780	30.400	49964.000	9.000	94.825335	19.8659078	198.953832	149.228058	10.93276494	341.648904	35	19.3739612	8.69744969	271.795303
5	13:59:07	17.46	94.350	30.450	49977.000	9.000	94.407267	19.7783224	198.076679	148.570138	10.88456428	340.142634	35	19.3739612	8.65910415	270.597005
5	13:59:22	17.71	94.620	30.420	49979.000	9.000	94.657844	19.8308183	198.602416	148.964474	10.91345422	341.045444	35	19.3739612	8.68208725	271.315226
5	13:59:37	17.96	94.580	30.420	49934.000	9.000	94.657844	19.8308183	198.602416	148.964474	10.91345422	341.045444	35	19.3739612	8.68208725	271.315226
5	13:59:52	18.21	94.560	30.430	49954.000	9.000	94.574230	19.8133012	198.426986	148.832890	10.90381410	340.744191	35	19.3739612	8.67441815	271.075567
5	14:00:07	18.46	94.460	30.440	49940.000	9.000	94.490705	19.7958026	198.251740	148.701445	10.89418413	340.443254	35	19.3739612	8.66675712	270.836160
5	14:00:22	18.71	94.630	30.420	49960.000	9.000	94.657844	19.8308183	198.602416	148.964474	10.91345422	341.045444	35	19.3739612	8.68208725	271.315226
5	14:00:37	18.96	94.280	30.460	49959.000	9.000	94.323917	19.7608606	197.901802	148.438968	10.87495455	339.842330	35	19.3739612	8.65145923	270.358101
5	14:00:52	19.21	94.350	30.450	49924.000	9.000	94.407267	19.7783224	198.076679	148.570138	10.88456428	340.142634	35	19.3739612	8.65910415	270.597005
5	14:01:07	19.46	94.700	30.410	49947.000	9.000	94.741545	19.8483538	198.778031	149.096197	10.92310449	341.347015	35	19.3739612	8.68976442	271.555138
5	14:01:22	19.71	94.440	30.440	49931.000	9.000	94.490705	19.7958026	198.251740	148.701445	10.89418413	340.443254	35	19.3739612	8.66675712	270.836160
5	14:01:37	19.96	94.340	30.450	49940.000	9.000	94.407267	19.7783224	198.076679	148.570138	10.88456428	340.142634	35	19.3739612	8.65910415	270.597005
5	14:01:52	20.21	94.540	30.430	49893.000	9.000	94.574230	19.8133012	198.426986	148.832890	10.90381410	340.744191	35	19.3739612	8.67441815	271.075567
5	14:02:07	20.46	94.380	30.450	49916.000	9.000	94.407267	19.7783224	198.076679	148.570138	10.88456428	340.142634	35	19.3739612	8.65910415	270.597005
5	14:02:22	20.71	94.280	30.460	49921.000	9.000	94.323917	19.7608606	197.901802	148.438968	10.87495455	339.842330	35	19.3739612	8.65145923	270.358101
5	14:02:37	20.96	94.250	30.460	49913.000	9.000	94.323917	19.7608606	197.901802	148.438968	10.87495455	339.842330	35	19.3739612	8.65145923	270.358101
5	14:02:52	21.21	94.330	30.450	49908.000	9.000	94.407267	19.7783224	198.076679	148.570138	10.88456428	340.142634	35	19.3739612	8.65910415	270.597005
5	14:03:07	21.46	94.340	30.450	49915.000	9.000	94.407267	19.7783224	198.076679	148.570138	10.88456428	340.142634	35	19.3739612	8.65910415	270.597005
5	14:03:22	21.71	94.240	30.460	49931.000	9.000	94.323917	19.7608606	197.901802	148.438968	10.87495455	339.842330	35	19.3739612	8.65145923	270.358101
