Chamber	Time/hh:mm:ss	Logtime/min	Oxy/% air sat.	Phase/°	Amp	Temp/°C	% air-sat.	% oxygen	pO2 (hPa)	pO2 (Torr)	cO2 [mg/L]	cO2 [µmol/L]	Salinity	chlorinity	SalCorcO2 [mg/L]	SalCorcO2 [µmol/L]
7	10:51:36	0.00	94.900	29.180	33844.000	15.000	94.977812	19.8978517	198.162812	148.634743	9.54192881	298.185275	35	19.3739612	7.70272362	240.710113
7	10:51:47	0.18	94.740	29.200	33881.000	15.000	94.806114	19.8618810	197.804580	148.366046	9.52467922	297.646226	35	19.3739612	7.68879889	240.274965
7	10:52:02	0.43	94.940	29.180	33858.000	15.000	94.977812	19.8978517	198.162812	148.634743	9.54192881	298.185275	35	19.3739612	7.70272362	240.710113
7	10:52:17	0.68	94.540	29.230	33858.000	15.000	94.549272	19.8080724	197.268700	147.964102	9.49887555	296.839861	35	19.3739612	7.66796887	239.624027
7	10:52:32	0.93	95.140	29.160	33846.000	15.000	95.149887	19.9339012	198.521830	148.904030	9.55921624	298.725507	35	19.3739612	7.71667890	241.146216
7	10:52:47	1.18	95.180	29.150	33851.000	15.000	95.236065	19.9519557	198.701635	149.038894	9.56787417	298.996068	35	19.3739612	7.72366802	241.364625
7	10:53:02	1.43	94.760	29.200	33849.000	15.000	94.806114	19.8618810	197.804580	148.366046	9.52467922	297.646226	35	19.3739612	7.68879889	240.274965
7	10:53:17	1.68	95.130	29.160	33883.000	15.000	95.149887	19.9339012	198.521830	148.904030	9.55921624	298.725507	35	19.3739612	7.71667890	241.146216
7	10:53:32	1.93	95.000	29.170	33846.000	15.000	95.063802	19.9158666	198.342223	148.769313	9.55056779	298.455243	35	19.3739612	7.70969744	240.928045
7	10:53:47	2.18	95.330	29.130	33887.000	15.000	95.408707	19.9881240	199.061836	149.309068	9.58521855	299.538080	35	19.3739612	7.73766927	241.802165
7	10:54:02	2.43	94.710	29.210	33841.000	15.000	94.720406	19.8439251	197.625758	148.231918	9.51606859	297.377143	35	19.3739612	7.68184795	240.057748
7	10:54:17	2.68	94.600	29.220	33886.000	15.000	94.634792	19.8259890	197.447131	148.097937	9.50746737	297.108355	35	19.3739612	7.67490461	239.840769
7	10:54:32	2.93	95.020	29.170	33853.000	15.000	95.063802	19.9158666	198.342223	148.769313	9.55056779	298.455243	35	19.3739612	7.70969744	240.928045
7	10:54:47	3.18	94.710	29.210	33846.000	15.000	94.720406	19.8439251	197.625758	148.231918	9.51606859	297.377143	35	19.3739612	7.68184795	240.057748
7	10:55:02	3.43	94.190	29.270	33895.000	15.000	94.208123	19.7366017	196.556923	147.430224	9.46460208	295.768815	35	19.3739612	7.64030161	238.759425
7	10:55:17	3.68	94.810	29.190	33889.000	15.000	94.891916	19.8798565	197.983598	148.500321	9.53329930	297.915603	35	19.3739612	7.69575744	240.492420
7	10:55:32	3.93	95.090	29.160	33851.000	15.000	95.149887	19.9339012	198.521830	148.904030	9.55921624	298.725507	35	19.3739612	7.71667890	241.146216
7	10:55:47	4.18	94.910	29.180	33880.000	15.000	94.977812	19.8978517	198.162812	148.634743	9.54192881	298.185275	35	19.3739612	7.70272362	240.710113
7	10:56:02	4.43	94.780	29.200	33856.000	15.000	94.806114	19.8618810	197.804580	148.366046	9.52467922	297.646226	35	19.3739612	7.68879889	240.274965
7	10:56:17	4.68	94.670	29.210	33838.000	15.000	94.720406	19.8439251	197.625758	148.231918	9.51606859	297.377143	35	19.3739612	7.68184795	240.057748
7	10:56:32	4.93	94.580	29.220	33869.000	15.000	94.634792	19.8259890	197.447131	148.097937	9.50746737	297.108355	35	19.3739612	7.67490461	239.840769
7	10:56:47	5.18	94.540	29.230	33864.000	15.000	94.549272	19.8080724	197.268700	147.964102	9.49887555	296.839861	35	19.3739612	7.66796887	239.624027
7	10:57:02	5.43	95.020	29.170	33873.000	15.000	95.063802	19.9158666	198.342223	148.769313	9.55056779	298.455243	35	19.3739612	7.70969744	240.928045
7	10:57:17	5.68	94.940	29.180	33878.000	15.000	94.977812	19.8978517	198.162812	148.634743	9.54192881	298.185275	35	19.3739612	7.70272362	240.710113
7	10:57:32	5.93	94.250	29.260	33892.000	15.000	94.293270	19.7544401	196.734576	147.563475	9.47315641	296.036138	35	19.3739612	7.64720709	238.975221
7	10:57:47	6.18	94.890	29.190	33879.000	15.000	94.891916	19.8798565	197.983598	148.500321	9.53329930	297.915603	35	19.3739612	7.69575744	240.492420
7	10:58:02	6.43	95.220	29.150	33885.000	15.000	95.236065	19.9519557	198.701635	149.038894	9.56787417	298.996068	35	19.3739612	7.72366802	241.364625
7	10:58:17	6.68	94.700	29.210	33860.000	15.000	94.720406	19.8439251	197.625758	148.231918	9.51606859	297.377143	35	19.3739612	7.68184795	240.057748
7	10:58:32	6.93	94.860	29.190	33893.000	15.000	94.891916	19.8798565	197.983598	148.500321	9.53329930	297.915603	35	19.3739612	7.69575744	240.492420
7	10:58:47	7.18	94.780	29.200	33861.000	15.000	94.806114	19.8618810	197.804580	148.366046	9.52467922	297.646226	35	19.3739612	7.68879889	240.274965
7	10:59:02	7.43	94.280	29.260	33873.000	15.000	94.293270	19.7544401	196.734576	147.563475	9.47315641	296.036138	35	19.3739612	7.64720709	238.975221
7	10:59:17	7.68	94.460	29.240	33857.000	15.000	94.463844	19.7901754	197.090464	147.830414	9.49029313	296.571660	35	19.3739612	7.66104071	239.407522
7	10:59:32	7.93	94.800	29.200	33858.000	15.000	94.806114	19.8618810	197.804580	148.366046	9.52467922	297.646226	35	19.3739612	7.68879889	240.274965
7	10:59:47	8.18	94.660	29.210	33857.000	15.000	94.720406	19.8439251	197.625758	148.231918	9.51606859	297.377143	35	19.3739612	7.68184795	240.057748
7	11:00:02	8.43	94.580	29.220	33864.000	15.000	94.634792	19.8259890	197.447131	148.097937	9.50746737	297.108355	35	19.3739612	7.67490461	239.840769
7	11:00:17	8.68	94.700	29.210	33896.000	15.000	94.720406	19.8439251	197.625758	148.231918	9.51606859	297.377143	35	19.3739612	7.68184795	240.057748
7	11:00:32	8.93	95.010	29.170	33872.000	15.000	95.063802	19.9158666	198.342223	148.769313	9.55056779	298.455243	35	19.3739612	7.70969744	240.928045
7	11:00:47	9.18	94.370	29.250	33824.000	15.000	94.378511	19.7722980	196.912423	147.696871	9.48172009	296.303753	35	19.3739612	7.65412012	239.191254
7	11:01:02	9.43	94.480	29.230	33913.000	15.000	94.549272	19.8080724	197.268700	147.964102	9.49887555	296.839861	35	19.3739612	7.66796887	239.624027
7	11:01:17	9.68	94.640	29.210	33891.000	15.000	94.720406	19.8439251	197.625758	148.231918	9.51606859	297.377143	35	19.3739612	7.68184795	240.057748
7	11:01:32	9.93	94.080	29.280	33868.000	15.000	94.123068	19.7187828	196.379464	147.297118	9.45605710	295.501784	35	19.3739612	7.63340367	238.543865
7	11:01:47	10.18	94.540	29.230	33889.000	15.000	94.549272	19.8080724	197.268700	147.964102	9.49887555	296.839861	35	19.3739612	7.66796887	239.624027
7	11:02:02	10.43	95.110	29.160	33847.000	15.000	95.149887	19.9339012	198.521830	148.904030	9.55921624	298.725507	35	19.3739612	7.71667890	241.146216
7	11:02:17	10.68	94.540	29.230	33904.000	15.000	94.549272	19.8080724	197.268700	147.964102	9.49887555	296.839861	35	19.3739612	7.66796887	239.624027
7	11:02:32	10.93	95.080	29.160	33877.000	15.000	95.149887	19.9339012	198.521830	148.904030	9.55921624	298.725507	35	19.3739612	7.71667890	241.146216
7	11:02:47	11.18	95.050	29.170	33911.000	15.000	95.063802	19.9158666	198.342223	148.769313	9.55056779	298.455243	35	19.3739612	7.70969744	240.928045
7	11:03:02	11.43	95.080	29.160	33903.000	15.000	95.149887	19.9339012	198.521830	148.904030	9.55921624	298.725507	35	19.3739612	7.71667890	241.146216
7	11:03:17	11.68	94.130	29.270	33922.000	15.000	94.208123	19.7366017	196.556923	147.430224	9.46460208	295.768815	35	19.3739612	7.64030161	238.759425
7	11:03:32	11.93	94.710	29.210	33901.000	15.000	94.720406	19.8439251	197.625758	148.231918	9.51606859	297.377143	35	19.3739612	7.68184795	240.057748
7	11:03:47	12.18	94.780	29.200	33896.000	15.000	94.806114	19.8618810	197.804580	148.366046	9.52467922	297.646226	35	19.3739612	7.68879889	240.274965
7	11:04:02	12.43	94.660	29.210	33863.000	15.000	94.720406	19.8439251	197.625758	148.231918	9.51606859	297.377143	35	19.3739612	7.68184795	240.057748
7	11:04:17	12.68	94.590	29.220	33904.000	15.000	94.634792	19.8259890	197.447131	148.097937	9.50746737	297.108355	35	19.3739612	7.67490461	239.840769
7	11:04:32	12.93	94.950	29.180	33848.000	15.000	94.977812	19.8978517	198.162812	148.634743	9.54192881	298.185275	35	19.3739612	7.70272362	240.710113
7	11:04:47	13.18	94.650	29.210	33882.000	15.000	94.720406	19.8439251	197.625758	148.231918	9.51606859	297.377143	35	19.3739612	7.68184795	240.057748
7	11:05:02	13.43	95.010	29.170	33896.000	15.000	95.063802	19.9158666	198.342223	148.769313	9.55056779	298.455243	35	19.3739612	7.70969744	240.928045
7	11:05:17	13.68	94.560	29.220	33856.000	15.000	94.634792	19.8259890	197.447131	148.097937	9.50746737	297.108355	35	19.3739612	7.67490461	239.840769
7	11:05:32	13.93	94.630	29.220	33914.000	15.000	94.634792	19.8259890	197.447131	148.097937	9.50746737	297.108355	35	19.3739612	7.67490461	239.840769
7	11:05:47	14.18	94.490	29.230	33890.000	15.000	94.549272	19.8080724	197.268700	147.964102	9.49887555	296.839861	35	19.3739612	7.66796887	239.624027
7	11:06:02	14.43	94.730	29.200	33896.000	15.000	94.806114	19.8618810	197.804580	148.366046	9.52467922	297.646226	35	19.3739612	7.68879889	240.274965
7	11:06:17	14.68	94.590	29.220	33902.000	15.000	94.634792	19.8259890	197.447131	148.097937	9.50746737	297.108355	35	19.3739612	7.67490461	239.840769
7	11:06:32	14.93	94.010	29.290	33890.000	15.000	94.038106	19.7009833	196.202199	147.164158	9.44752144	295.235045	35	19.3739612	7.62651325	238.328539
7	11:06:47	15.18	94.370	29.250	33964.000	15.000	94.378511	19.7722980	196.912423	147.696871	9.48172009	296.303753	35	19.3739612	7.65412012	239.191254
7	11:07:02	15.43	94.880	29.190	33907.000	15.000	94.891916	19.8798565	197.983598	148.500321	9.53329930	297.915603	35	19.3739612	7.69575744	240.492420
7	11:07:17	15.68	94.390	29.240	33933.000	15.000	94.463844	19.7901754	197.090464	147.830414	9.49029313	296.571660	35	19.3739612	7.66104071	239.407522
7	11:07:32	15.93	94.420	29.240	33875.000	15.000	94.463844	19.7901754	197.090464	147.830414	9.49029313	296.571660	35	19.3739612	7.66104071	239.407522
7	11:07:47	16.18	94.670	29.210	33941.000	15.000	94.720406	19.8439251	197.625758	148.231918	9.51606859	297.377143	35	19.3739612	7.68184795	240.057748
7	11:08:02	16.43	94.740	29.200	33908.000	15.000	94.806114	19.8618810	197.804580	148.366046	9.52467922	297.646226	35	19.3739612	7.68879889	240.274965
7	11:08:17	16.68	94.370	29.250	33972.000	15.000	94.378511	19.7722980	196.912423	147.696871	9.48172009	296.303753	35	19.3739612	7.65412012	239.191254
7	11:08:32	16.93	94.010	29.290	33934.000	15.000	94.038106	19.7009833	196.202199	147.164158	9.44752144	295.235045	35	19.3739612	7.62651325	238.328539
7	11:08:47	17.18	94.500	29.230	33921.000	15.000	94.549272	19.8080724	197.268700	147.964102	9.49887555	296.839861	35	19.3739612	7.66796887	239.624027
7	11:09:02	17.43	94.910	29.180	33920.000	15.000	94.977812	19.8978517	198.162812	148.634743	9.54192881	298.185275	35	19.3739612	7.70272362	240.710113
7	11:09:17	17.68	94.550	29.220	33910.000	15.000	94.634792	19.8259890	197.447131	148.097937	9.50746737	297.108355	35	19.3739612	7.67490461	239.840769
7	11:09:32	17.93	94.940	29.180	33941.000	15.000	94.977812	19.8978517	198.162812	148.634743	9.54192881	298.185275	35	19.3739612	7.70272362	240.710113
7	11:09:47	18.18	94.770	29.200	33942.000	15.000	94.806114	19.8618810	197.804580	148.366046	9.52467922	297.646226	35	19.3739612	7.68879889	240.274965
7	11:10:02	18.43	94.680	29.210	33906.000	15.000	94.720406	19.8439251	197.625758	148.231918	9.51606859	297.377143	35	19.3739612	7.68184795	240.057748
7	11:10:17	18.68	94.730	29.200	33949.000	15.000	94.806114	19.8618810	197.804580	148.366046	9.52467922	297.646226	35	19.3739612	7.68879889	240.274965
7	11:10:32	18.93	93.840	29.310	33914.000	15.000	93.868461	19.6654426	195.848249	146.898673	9.43047804	294.702439	35	19.3739612	7.61275497	237.898593
7	11:10:47	19.18	94.420	29.240	33899.000	15.000	94.463844	19.7901754	197.090464	147.830414	9.49029313	296.571660	35	19.3739612	7.66104071	239.407522
7	11:11:02	19.43	95.090	29.160	33939.000	15.000	95.149887	19.9339012	198.521830	148.904030	9.55921624	298.725507	35	19.3739612	7.71667890	241.146216
7	11:11:17	19.68	94.610	29.220	33952.000	15.000	94.634792	19.8259890	197.447131	148.097937	9.50746737	297.108355	35	19.3739612	7.67490461	239.840769
7	11:11:32	19.93	94.620	29.220	33915.000	15.000	94.634792	19.8259890	197.447131	148.097937	9.50746737	297.108355	35	19.3739612	7.67490461	239.840769
7	11:11:47	20.18	93.590	29.340	33927.000	15.000	93.614686	19.6122767	195.318770	146.501530	9.40498257	293.905705	35	19.3739612	7.59217375	237.255430
