Chamber	Time/hh:mm:ss	Logtime/min	Oxy/% air sat.	Phase/°	Amp	Temp/°C	% air-sat.	% oxygen	pO2 (hPa)	pO2 (Torr)	cO2 [mg/L]	cO2 [µmol/L]	Salinity	chlorinity	SalCorcO2 [mg/L]	SalCorcO2 [µmol/L]
2	14:17:06	0.00	98.210	30.000	16748.000	9.000	98.250680	20.5835175	206.140576	154.618575	11.32768566	353.990177	35	19.3739612	9.01162485	281.613276
2	14:17:16	0.16	96.150	30.240	16701.000	9.000	96.178070	20.1493057	201.792016	151.356877	11.08872675	346.522711	35	19.3739612	8.82152353	275.672610
2	14:17:31	0.41	97.390	30.090	16757.000	9.000	97.467246	20.4193880	204.496846	153.385672	11.23736058	351.167518	35	19.3739612	8.93976765	279.367739
2	14:17:46	0.66	97.930	30.030	16767.000	9.000	97.988700	20.5286326	205.590913	154.206292	11.29748097	353.046280	35	19.3739612	8.98759582	280.862369
2	14:18:01	0.91	96.150	30.240	16736.000	9.000	96.178070	20.1493057	201.792016	151.356877	11.08872675	346.522711	35	19.3739612	8.82152353	275.672610
2	14:18:16	1.16	97.440	30.090	16751.000	9.000	97.467246	20.4193880	204.496846	153.385672	11.23736058	351.167518	35	19.3739612	8.93976765	279.367739
2	14:18:31	1.41	98.620	29.950	16659.000	9.000	98.689183	20.6753838	207.060602	155.308653	11.37824224	355.570070	35	19.3739612	9.05184462	282.870144
2	14:18:46	1.66	97.040	30.130	16735.000	9.000	97.121455	20.3469448	203.771339	152.841496	11.19749309	349.921659	35	19.3739612	8.90805147	278.376609
2	14:19:01	1.91	97.080	30.130	16731.000	9.000	97.121455	20.3469448	203.771339	152.841496	11.19749309	349.921659	35	19.3739612	8.90805147	278.376609
2	14:19:16	2.16	96.650	30.180	16713.000	9.000	96.691279	20.2568228	202.868783	152.164521	11.14789645	348.371764	35	19.3739612	8.86859537	277.143605
2	14:19:31	2.41	96.550	30.190	16713.000	9.000	96.605517	20.2388558	202.688845	152.029557	11.13800867	348.062771	35	19.3739612	8.86072925	276.897789
2	14:19:46	2.66	96.510	30.200	16705.000	9.000	96.519846	20.2209078	202.509099	151.894735	11.12813138	347.754106	35	19.3739612	8.85287147	276.652234
2	14:20:01	2.91	97.830	30.040	16686.000	9.000	97.901559	20.5103766	205.408083	154.069158	11.28743420	352.732319	35	19.3739612	8.97960321	280.612600
2	14:20:16	3.16	97.600	30.070	16742.000	9.000	97.640694	20.4557253	204.860758	153.658630	11.25735804	351.792439	35	19.3739612	8.95567642	279.864888
2	14:20:31	3.41	97.450	30.090	16685.000	9.000	97.467246	20.4193880	204.496846	153.385672	11.23736058	351.167518	35	19.3739612	8.93976765	279.367739
2	14:20:46	3.66	96.470	30.200	16702.000	9.000	96.519846	20.2209078	202.509099	151.894735	11.12813138	347.754106	35	19.3739612	8.85287147	276.652234
2	14:21:01	3.91	96.150	30.240	16737.000	9.000	96.178070	20.1493057	201.792016	151.356877	11.08872675	346.522711	35	19.3739612	8.82152353	275.672610
2	14:21:16	4.16	96.760	30.170	16736.000	9.000	96.777131	20.2748090	203.048911	152.299629	11.15779472	348.681085	35	19.3739612	8.87646985	277.389683
2	14:21:31	4.41	96.990	30.140	16713.000	9.000	97.035237	20.3288821	203.590444	152.705813	11.18755268	349.611021	35	19.3739612	8.90014348	278.129484
2	14:21:46	4.66	96.990	30.140	16693.000	9.000	97.035237	20.3288821	203.590444	152.705813	11.18755268	349.611021	35	19.3739612	8.90014348	278.129484
2	14:22:01	4.91	97.380	30.100	16714.000	9.000	97.380660	20.4012483	204.315180	153.249411	11.22737780	350.855556	35	19.3739612	8.93182595	279.119561
2	14:22:16	5.16	96.580	30.190	16695.000	9.000	96.605517	20.2388558	202.688845	152.029557	11.13800867	348.062771	35	19.3739612	8.86072925	276.897789
2	14:22:31	5.41	97.480	30.080	16726.000	9.000	97.553923	20.4375470	204.678705	153.522078	11.24735399	351.479812	35	19.3739612	8.94771780	279.616181
2	14:22:46	5.66	96.800	30.160	16701.000	9.000	96.863075	20.2928142	203.229230	152.434880	11.16770351	348.990735	35	19.3739612	8.88435268	277.636021
2	14:23:01	5.91	96.790	30.160	16697.000	9.000	96.863075	20.2928142	203.229230	152.434880	11.16770351	348.990735	35	19.3739612	8.88435268	277.636021
2	14:23:16	6.16	96.720	30.170	16724.000	9.000	96.777131	20.2748090	203.048911	152.299629	11.15779472	348.681085	35	19.3739612	8.87646985	277.389683
2	14:23:31	6.41	96.890	30.150	16712.000	9.000	96.949110	20.3108386	203.409741	152.570275	11.17762282	349.300713	35	19.3739612	8.89224389	277.882621
2	14:23:46	6.66	97.110	30.130	16743.000	9.000	97.121455	20.3469448	203.771339	152.841496	11.19749309	349.921659	35	19.3739612	8.90805147	278.376609
2	14:24:01	6.91	97.490	30.080	16715.000	9.000	97.553923	20.4375470	204.678705	153.522078	11.24735399	351.479812	35	19.3739612	8.94771780	279.616181
2	14:24:16	7.16	97.040	30.130	16722.000	9.000	97.121455	20.3469448	203.771339	152.841496	11.19749309	349.921659	35	19.3739612	8.90805147	278.376609
2	14:24:31	7.41	97.250	30.110	16776.000	9.000	97.294166	20.3831279	204.133707	153.113295	11.21740563	350.543926	35	19.3739612	8.92389270	278.871647
2	14:24:46	7.66	97.810	30.050	16718.000	9.000	97.814511	20.4921401	205.225447	153.932169	11.27739813	352.418692	35	19.3739612	8.97161912	280.363097
2	14:25:01	7.91	97.200	30.120	16730.000	9.000	97.207765	20.3650267	203.952427	152.977323	11.20744407	350.232627	35	19.3739612	8.91596787	278.623996
2	14:25:16	8.16	97.510	30.080	16705.000	9.000	97.553923	20.4375470	204.678705	153.522078	11.24735399	351.479812	35	19.3739612	8.94771780	279.616181
2	14:25:31	8.41	98.110	30.010	16735.000	9.000	98.163260	20.5652030	205.957160	154.481001	11.31760669	353.675209	35	19.3739612	9.00360662	281.362707
2	14:25:46	8.66	97.740	30.050	16726.000	9.000	97.814511	20.4921401	205.225447	153.932169	11.27739813	352.418692	35	19.3739612	8.97161912	280.363097
2	14:26:01	8.91	97.010	30.140	16719.000	9.000	97.035237	20.3288821	203.590444	152.705813	11.18755268	349.611021	35	19.3739612	8.90014348	278.129484
2	14:26:16	9.16	98.040	30.020	16696.000	9.000	98.075934	20.5469081	205.773939	154.343573	11.30753847	353.360577	35	19.3739612	8.99559695	281.112405
2	14:26:31	9.41	96.130	30.240	16687.000	9.000	96.178070	20.1493057	201.792016	151.356877	11.08872675	346.522711	35	19.3739612	8.82152353	275.672610
2	14:26:46	9.66	97.190	30.120	16706.000	9.000	97.207765	20.3650267	203.952427	152.977323	11.20744407	350.232627	35	19.3739612	8.91596787	278.623996
2	14:27:01	9.91	97.370	30.100	16743.000	9.000	97.380660	20.4012483	204.315180	153.249411	11.22737780	350.855556	35	19.3739612	8.93182595	279.119561
2	14:27:16	10.16	96.220	30.230	16705.000	9.000	96.263378	20.1671778	201.971002	151.491128	11.09856226	346.830071	35	19.3739612	8.82934806	275.917127
2	14:27:31	10.41	96.690	30.170	16700.000	9.000	96.777131	20.2748090	203.048911	152.299629	11.15779472	348.681085	35	19.3739612	8.87646985	277.389683
2	14:27:46	10.66	97.380	30.100	16726.000	9.000	97.380660	20.4012483	204.315180	153.249411	11.22737780	350.855556	35	19.3739612	8.93182595	279.119561
2	14:28:01	10.91	97.530	30.080	16724.000	9.000	97.553923	20.4375470	204.678705	153.522078	11.24735399	351.479812	35	19.3739612	8.94771780	279.616181
2	14:28:16	11.16	97.970	30.030	16713.000	9.000	97.988700	20.5286326	205.590913	154.206292	11.29748097	353.046280	35	19.3739612	8.98759582	280.862369
2	14:28:31	11.41	97.040	30.130	16674.000	9.000	97.121455	20.3469448	203.771339	152.841496	11.19749309	349.921659	35	19.3739612	8.90805147	278.376609
2	14:28:46	11.66	98.070	30.020	16735.000	9.000	98.075934	20.5469081	205.773939	154.343573	11.30753847	353.360577	35	19.3739612	8.99559695	281.112405
2	14:29:01	11.91	97.990	30.020	16731.000	9.000	98.075934	20.5469081	205.773939	154.343573	11.30753847	353.360577	35	19.3739612	8.99559695	281.112405
2	14:29:16	12.16	96.390	30.210	16758.000	9.000	96.434266	20.2029788	202.329543	151.760057	11.11826456	347.445767	35	19.3739612	8.84502202	276.406938
2	14:29:31	12.41	96.410	30.210	16716.000	9.000	96.434266	20.2029788	202.329543	151.760057	11.11826456	347.445767	35	19.3739612	8.84502202	276.406938
2	14:29:46	12.66	97.480	30.080	16657.000	9.000	97.553923	20.4375470	204.678705	153.522078	11.24735399	351.479812	35	19.3739612	8.94771780	279.616181
2	14:30:01	12.91	96.460	30.200	16672.000	9.000	96.519846	20.2209078	202.509099	151.894735	11.12813138	347.754106	35	19.3739612	8.85287147	276.652234
2	14:30:16	13.16	97.650	30.060	16717.000	9.000	97.727556	20.4739230	205.043005	153.795327	11.26737275	352.105398	35	19.3739612	8.96364352	280.113860
2	14:30:31	13.41	97.490	30.080	16692.000	9.000	97.553923	20.4375470	204.678705	153.522078	11.24735399	351.479812	35	19.3739612	8.94771780	279.616181
2	14:30:46	13.66	97.610	30.070	16679.000	9.000	97.640694	20.4557253	204.860758	153.658630	11.25735804	351.792439	35	19.3739612	8.95567642	279.864888
2	14:31:01	13.91	97.060	30.130	16744.000	9.000	97.121455	20.3469448	203.771339	152.841496	11.19749309	349.921659	35	19.3739612	8.90805147	278.376609
2	14:31:16	14.16	97.000	30.140	16694.000	9.000	97.035237	20.3288821	203.590444	152.705813	11.18755268	349.611021	35	19.3739612	8.90014348	278.129484
2	14:31:31	14.41	96.770	30.170	16731.000	9.000	96.777131	20.2748090	203.048911	152.299629	11.15779472	348.681085	35	19.3739612	8.87646985	277.389683
2	14:31:46	14.66	97.070	30.130	16758.000	9.000	97.121455	20.3469448	203.771339	152.841496	11.19749309	349.921659	35	19.3739612	8.90805147	278.376609
2	14:32:01	14.91	96.640	30.180	16717.000	9.000	96.691279	20.2568228	202.868783	152.164521	11.14789645	348.371764	35	19.3739612	8.86859537	277.143605
2	14:32:16	15.16	97.780	30.050	16747.000	9.000	97.814511	20.4921401	205.225447	153.932169	11.27739813	352.418692	35	19.3739612	8.97161912	280.363097
2	14:32:31	15.41	97.780	30.050	16677.000	9.000	97.814511	20.4921401	205.225447	153.932169	11.27739813	352.418692	35	19.3739612	8.97161912	280.363097
2	14:32:46	15.66	97.100	30.130	16719.000	9.000	97.121455	20.3469448	203.771339	152.841496	11.19749309	349.921659	35	19.3739612	8.90805147	278.376609
2	14:33:01	15.91	97.760	30.050	16732.000	9.000	97.814511	20.4921401	205.225447	153.932169	11.27739813	352.418692	35	19.3739612	8.97161912	280.363097
2	14:33:16	16.16	96.430	30.210	16766.000	9.000	96.434266	20.2029788	202.329543	151.760057	11.11826456	347.445767	35	19.3739612	8.84502202	276.406938
2	14:33:31	16.41	97.410	30.090	16721.000	9.000	97.467246	20.4193880	204.496846	153.385672	11.23736058	351.167518	35	19.3739612	8.93976765	279.367739
2	14:33:46	16.66	96.680	30.180	16699.000	9.000	96.691279	20.2568228	202.868783	152.164521	11.14789645	348.371764	35	19.3739612	8.86859537	277.143605
2	14:34:01	16.91	96.760	30.170	16700.000	9.000	96.777131	20.2748090	203.048911	152.299629	11.15779472	348.681085	35	19.3739612	8.87646985	277.389683
2	14:34:16	17.16	98.130	30.010	16725.000	9.000	98.163260	20.5652030	205.957160	154.481001	11.31760669	353.675209	35	19.3739612	9.00360662	281.362707
2	14:34:31	17.41	97.250	30.110	16765.000	9.000	97.294166	20.3831279	204.133707	153.113295	11.21740563	350.543926	35	19.3739612	8.92389270	278.871647
2	14:34:46	17.66	97.060	30.130	16712.000	9.000	97.121455	20.3469448	203.771339	152.841496	11.19749309	349.921659	35	19.3739612	8.90805147	278.376609
2	14:35:01	17.91	96.040	30.250	16715.000	9.000	96.092852	20.1314525	201.613219	151.222768	11.07890166	346.215677	35	19.3739612	8.81370727	275.428352
2	14:35:16	18.16	96.770	30.170	16726.000	9.000	96.777131	20.2748090	203.048911	152.299629	11.15779472	348.681085	35	19.3739612	8.87646985	277.389683
2	14:35:31	18.41	97.240	30.110	16705.000	9.000	97.294166	20.3831279	204.133707	153.113295	11.21740563	350.543926	35	19.3739612	8.92389270	278.871647
2	14:35:46	18.66	97.360	30.100	16678.000	9.000	97.380660	20.4012483	204.315180	153.249411	11.22737780	350.855556	35	19.3739612	8.93182595	279.119561
2	14:36:01	18.91	96.880	30.150	16713.000	9.000	96.949110	20.3108386	203.409741	152.570275	11.17762282	349.300713	35	19.3739612	8.89224389	277.882621
2	14:36:16	19.16	96.860	30.160	16698.000	9.000	96.863075	20.2928142	203.229230	152.434880	11.16770351	348.990735	35	19.3739612	8.88435268	277.636021
2	14:36:31	19.41	97.320	30.100	16705.000	9.000	97.380660	20.4012483	204.315180	153.249411	11.22737780	350.855556	35	19.3739612	8.93182595	279.119561
2	14:36:46	19.66	96.810	30.160	16722.000	9.000	96.863075	20.2928142	203.229230	152.434880	11.16770351	348.990735	35	19.3739612	8.88435268	277.636021
2	14:37:01	19.91	97.570	30.070	16717.000	9.000	97.640694	20.4557253	204.860758	153.658630	11.25735804	351.792439	35	19.3739612	8.95567642	279.864888
2	14:37:16	20.16	97.940	30.030	16712.000	9.000	97.988700	20.5286326	205.590913	154.206292	11.29748097	353.046280	35	19.3739612	8.98759582	280.862369
2	14:37:31	20.41	97.790	30.050	16703.000	9.000	97.814511	20.4921401	205.225447	153.932169	11.27739813	352.418692	35	19.3739612	8.97161912	280.363097
2	14:37:46	20.66	96.960	30.140	16693.000	9.000	97.035237	20.3288821	203.590444	152.705813	11.18755268	349.611021	35	19.3739612	8.90014348	278.129484
2	14:38:01	20.91	97.400	30.090	16712.000	9.000	97.467246	20.4193880	204.496846	153.385672	11.23736058	351.167518	35	19.3739612	8.93976765	279.367739
2	14:38:16	21.16	96.820	30.160	16716.000	9.000	96.863075	20.2928142	203.229230	152.434880	11.16770351	348.990735	35	19.3739612	8.88435268	277.636021
2	14:38:31	21.41	97.250	30.110	16691.000	9.000	97.294166	20.3831279	204.133707	153.113295	11.21740563	350.543926	35	19.3739612	8.92389270	278.871647
2	14:38:46	21.66	96.510	30.200	16720.000	9.000	96.519846	20.2209078	202.509099	151.894735	11.12813138	347.754106	35	19.3739612	8.85287147	276.652234
2	14:39:01	21.91	97.480	30.080	16704.000	9.000	97.553923	20.4375470	204.678705	153.522078	11.24735399	351.479812	35	19.3739612	8.94771780	279.616181
2	14:39:16	22.16	96.130	30.240	16710.000	9.000	96.178070	20.1493057	201.792016	151.356877	11.08872675	346.522711	35	19.3739612	8.82152353	275.672610
2	14:39:31	22.41	97.380	30.090	16704.000	9.000	97.467246	20.4193880	204.496846	153.385672	11.23736058	351.167518	35	19.3739612	8.93976765	279.367739
2	14:39:46	22.66	98.100	30.010	16731.000	9.000	98.163260	20.5652030	205.957160	154.481001	11.31760669	353.675209	35	19.3739612	9.00360662	281.362707
2	14:40:01	22.91	96.080	30.250	16746.000	9.000	96.092852	20.1314525	201.613219	151.222768	11.07890166	346.215677	35	19.3739612	8.81370727	275.428352
2	14:40:16	23.16	96.480	30.200	16733.000	9.000	96.519846	20.2209078	202.509099	151.894735	11.12813138	347.754106	35	19.3739612	8.85287147	276.652234
2	14:40:31	23.41	97.160	30.120	16732.000	9.000	97.207765	20.3650267	203.952427	152.977323	11.20744407	350.232627	35	19.3739612	8.91596787	278.623996
2	14:40:46	23.66	96.860	30.160	16717.000	9.000	96.863075	20.2928142	203.229230	152.434880	11.16770351	348.990735	35	19.3739612	8.88435268	277.636021
2	14:41:01	23.91	96.800	30.160	16706.000	9.000	96.863075	20.2928142	203.229230	152.434880	11.16770351	348.990735	35	19.3739612	8.88435268	277.636021
2	14:41:16	24.16	97.270	30.110	16717.000	9.000	97.294166	20.3831279	204.133707	153.113295	11.21740563	350.543926	35	19.3739612	8.92389270	278.871647
2	14:41:31	24.41	96.460	30.200	16721.000	9.000	96.519846	20.2209078	202.509099	151.894735	11.12813138	347.754106	35	19.3739612	8.85287147	276.652234
2	14:41:46	24.66	97.690	30.060	16706.000	9.000	97.727556	20.4739230	205.043005	153.795327	11.26737275	352.105398	35	19.3739612	8.96364352	280.113860
2	14:42:01	24.91	96.700	30.170	16751.000	9.000	96.777131	20.2748090	203.048911	152.299629	11.15779472	348.681085	35	19.3739612	8.87646985	277.389683
