Chamber	Time/hh:mm:ss	Logtime/min	Oxy/% air sat.	Phase/°	Amp	Temp/°C	% air-sat.	% oxygen	pO2 (hPa)	pO2 (Torr)	cO2 [mg/L]	cO2 [µmol/L]	Salinity	chlorinity	SalCorcO2 [mg/L]	SalCorcO2 [µmol/L]
10	9:12:28	0.00	95.170	28.580	43032.000	18.000	95.214240	19.9473834	197.939164	148.466993	8.97828857	280.571518	35	19.3739612	7.29390449	227.934515
10	9:12:42	0.23	95.560	28.540	42933.000	18.000	95.563930	20.0206434	198.666128	149.012262	9.01126279	281.601962	35	19.3739612	7.32069254	228.771642
10	9:12:57	0.48	95.700	28.520	42945.000	18.000	95.739362	20.0573964	199.030831	149.285812	9.02780529	282.118915	35	19.3739612	7.33413155	229.191611
10	9:13:12	0.73	95.530	28.540	42985.000	18.000	95.563930	20.0206434	198.666128	149.012262	9.01126279	281.601962	35	19.3739612	7.32069254	228.771642
10	9:13:27	0.98	95.490	28.540	43010.000	18.000	95.563930	20.0206434	198.666128	149.012262	9.01126279	281.601962	35	19.3739612	7.32069254	228.771642
10	9:13:42	1.23	95.370	28.560	43016.000	18.000	95.388890	19.9839724	198.302240	148.739323	8.99475726	281.086164	35	19.3739612	7.30728354	228.352611
10	9:13:57	1.48	95.490	28.540	42996.000	18.000	95.563930	20.0206434	198.666128	149.012262	9.01126279	281.601962	35	19.3739612	7.32069254	228.771642
10	9:14:12	1.73	95.520	28.540	43017.000	18.000	95.563930	20.0206434	198.666128	149.012262	9.01126279	281.601962	35	19.3739612	7.32069254	228.771642
10	9:14:27	1.98	95.300	28.570	43000.000	18.000	95.301516	19.9656677	198.120601	148.603082	8.98651832	280.828697	35	19.3739612	7.30059028	228.143446
10	9:14:42	2.23	96.390	28.440	42980.000	18.000	96.445033	20.2052345	200.497837	150.386161	9.09434699	284.198343	35	19.3739612	7.38818961	230.880925
10	9:14:57	2.48	96.080	28.480	42991.000	18.000	96.091407	20.1311498	199.762690	149.834754	9.06100158	283.156299	35	19.3739612	7.36110001	230.034375
10	9:15:12	2.73	95.640	28.530	42992.000	18.000	95.651597	20.0390096	198.848377	149.148961	9.01952941	281.860294	35	19.3739612	7.32740829	228.981509
10	9:15:27	2.98	95.120	28.590	43046.000	18.000	95.127062	19.9291195	197.757930	148.331056	8.97006802	280.314626	35	19.3739612	7.28722616	227.725818
10	9:15:42	3.23	95.870	28.500	42994.000	18.000	95.915188	20.0942318	199.396351	149.559976	9.04438485	282.637026	35	19.3739612	7.34760068	229.612521
10	9:15:57	3.48	95.810	28.510	43018.000	18.000	95.827226	20.0758038	199.213488	149.422817	9.03609043	282.377826	35	19.3739612	7.34086235	229.401948
10	9:16:12	3.73	95.450	28.550	43008.000	18.000	95.476361	20.0022976	198.484082	148.875716	9.00300541	281.343919	35	19.3739612	7.31398429	228.562009
10	9:16:27	3.98	95.310	28.560	42994.000	18.000	95.388890	19.9839724	198.302240	148.739323	8.99475726	281.086164	35	19.3739612	7.30728354	228.352611
10	9:16:42	4.23	95.450	28.550	42991.000	18.000	95.476361	20.0022976	198.484082	148.875716	9.00300541	281.343919	35	19.3739612	7.31398429	228.562009
10	9:16:57	4.48	95.260	28.570	42981.000	18.000	95.301516	19.9656677	198.120601	148.603082	8.98651832	280.828697	35	19.3739612	7.30059028	228.143446
10	9:17:12	4.73	95.390	28.550	42994.000	18.000	95.476361	20.0022976	198.484082	148.875716	9.00300541	281.343919	35	19.3739612	7.31398429	228.562009
10	9:17:27	4.98	95.610	28.530	43029.000	18.000	95.651597	20.0390096	198.848377	149.148961	9.01952941	281.860294	35	19.3739612	7.32740829	228.981509
10	9:17:42	5.23	95.690	28.520	43028.000	18.000	95.739362	20.0573964	199.030831	149.285812	9.02780529	282.118915	35	19.3739612	7.33413155	229.191611
10	9:17:57	5.48	95.150	28.580	43032.000	18.000	95.214240	19.9473834	197.939164	148.466993	8.97828857	280.571518	35	19.3739612	7.29390449	227.934515
10	9:18:12	5.73	95.480	28.540	43011.000	18.000	95.563930	20.0206434	198.666128	149.012262	9.01126279	281.601962	35	19.3739612	7.32069254	228.771642
10	9:18:27	5.98	95.240	28.570	43003.000	18.000	95.301516	19.9656677	198.120601	148.603082	8.98651832	280.828697	35	19.3739612	7.30059028	228.143446
10	9:18:42	6.23	95.320	28.560	42993.000	18.000	95.388890	19.9839724	198.302240	148.739323	8.99475726	281.086164	35	19.3739612	7.30728354	228.352611
10	9:18:57	6.48	95.110	28.590	43019.000	18.000	95.127062	19.9291195	197.757930	148.331056	8.97006802	280.314626	35	19.3739612	7.28722616	227.725818
10	9:19:12	6.73	95.660	28.520	43017.000	18.000	95.739362	20.0573964	199.030831	149.285812	9.02780529	282.118915	35	19.3739612	7.33413155	229.191611
10	9:19:27	6.98	96.070	28.480	43017.000	18.000	96.091407	20.1311498	199.762690	149.834754	9.06100158	283.156299	35	19.3739612	7.36110001	230.034375
10	9:19:42	7.23	95.570	28.530	43009.000	18.000	95.651597	20.0390096	198.848377	149.148961	9.01952941	281.860294	35	19.3739612	7.32740829	228.981509
10	9:19:57	7.48	95.550	28.540	43041.000	18.000	95.563930	20.0206434	198.666128	149.012262	9.01126279	281.601962	35	19.3739612	7.32069254	228.771642
10	9:20:12	7.73	95.650	28.530	43029.000	18.000	95.651597	20.0390096	198.848377	149.148961	9.01952941	281.860294	35	19.3739612	7.32740829	228.981509
10	9:20:27	7.98	95.460	28.550	43017.000	18.000	95.476361	20.0022976	198.484082	148.875716	9.00300541	281.343919	35	19.3739612	7.31398429	228.562009
10	9:20:42	8.23	95.420	28.550	43036.000	18.000	95.476361	20.0022976	198.484082	148.875716	9.00300541	281.343919	35	19.3739612	7.31398429	228.562009
10	9:20:57	8.48	95.170	28.580	43003.000	18.000	95.214240	19.9473834	197.939164	148.466993	8.97828857	280.571518	35	19.3739612	7.29390449	227.934515
10	9:21:12	8.73	95.550	28.540	43059.000	18.000	95.563930	20.0206434	198.666128	149.012262	9.01126279	281.601962	35	19.3739612	7.32069254	228.771642
10	9:21:27	8.98	95.620	28.530	43031.000	18.000	95.651597	20.0390096	198.848377	149.148961	9.01952941	281.860294	35	19.3739612	7.32740829	228.981509
10	9:21:42	9.23	95.060	28.590	43031.000	18.000	95.127062	19.9291195	197.757930	148.331056	8.97006802	280.314626	35	19.3739612	7.28722616	227.725818
10	9:21:57	9.48	95.470	28.550	43106.000	18.000	95.476361	20.0022976	198.484082	148.875716	9.00300541	281.343919	35	19.3739612	7.31398429	228.562009
10	9:22:12	9.73	94.980	28.600	43072.000	18.000	95.039981	19.9108759	197.576899	148.195271	8.96185664	280.058020	35	19.3739612	7.28055529	227.517353
10	9:22:27	9.98	95.180	28.580	43072.000	18.000	95.214240	19.9473834	197.939164	148.466993	8.97828857	280.571518	35	19.3739612	7.29390449	227.934515
10	9:22:42	10.23	95.240	28.570	43115.000	18.000	95.301516	19.9656677	198.120601	148.603082	8.98651832	280.828697	35	19.3739612	7.30059028	228.143446
10	9:22:57	10.48	95.230	28.570	43064.000	18.000	95.301516	19.9656677	198.120601	148.603082	8.98651832	280.828697	35	19.3739612	7.30059028	228.143446
10	9:23:12	10.73	94.750	28.630	43125.000	18.000	94.779319	19.8562674	197.035015	147.788823	8.93727741	279.289919	35	19.3739612	7.26058728	226.893352
10	9:23:27	10.98	95.100	28.590	43101.000	18.000	95.127062	19.9291195	197.757930	148.331056	8.97006802	280.314626	35	19.3739612	7.28722616	227.725818
10	9:23:42	11.23	95.520	28.540	43099.000	18.000	95.563930	20.0206434	198.666128	149.012262	9.01126279	281.601962	35	19.3739612	7.32069254	228.771642
10	9:23:57	11.48	95.440	28.550	43058.000	18.000	95.476361	20.0022976	198.484082	148.875716	9.00300541	281.343919	35	19.3739612	7.31398429	228.562009
10	9:24:12	11.73	95.010	28.600	43095.000	18.000	95.039981	19.9108759	197.576899	148.195271	8.96185664	280.058020	35	19.3739612	7.28055529	227.517353
10	9:24:27	11.98	95.310	28.560	43103.000	18.000	95.388890	19.9839724	198.302240	148.739323	8.99475726	281.086164	35	19.3739612	7.30728354	228.352611
10	9:24:42	12.23	95.210	28.580	43094.000	18.000	95.214240	19.9473834	197.939164	148.466993	8.97828857	280.571518	35	19.3739612	7.29390449	227.934515
10	9:24:57	12.48	95.310	28.560	43087.000	18.000	95.388890	19.9839724	198.302240	148.739323	8.99475726	281.086164	35	19.3739612	7.30728354	228.352611
10	9:25:12	12.73	95.520	28.540	43084.000	18.000	95.563930	20.0206434	198.666128	149.012262	9.01126279	281.601962	35	19.3739612	7.32069254	228.771642
10	9:25:27	12.98	95.100	28.590	43140.000	18.000	95.127062	19.9291195	197.757930	148.331056	8.97006802	280.314626	35	19.3739612	7.28722616	227.725818
10	9:25:42	13.23	95.260	28.570	43127.000	18.000	95.301516	19.9656677	198.120601	148.603082	8.98651832	280.828697	35	19.3739612	7.30059028	228.143446
10	9:25:57	13.48	94.940	28.610	43125.000	18.000	94.952997	19.8926528	197.396069	148.059637	8.95365442	279.801701	35	19.3739612	7.27389186	227.309121
10	9:26:12	13.73	95.430	28.550	43137.000	18.000	95.476361	20.0022976	198.484082	148.875716	9.00300541	281.343919	35	19.3739612	7.31398429	228.562009
10	9:26:27	13.98	95.350	28.560	43114.000	18.000	95.388890	19.9839724	198.302240	148.739323	8.99475726	281.086164	35	19.3739612	7.30728354	228.352611
10	9:26:42	14.23	94.940	28.610	43135.000	18.000	94.952997	19.8926528	197.396069	148.059637	8.95365442	279.801701	35	19.3739612	7.27389186	227.309121
10	9:26:57	14.48	95.290	28.570	43152.000	18.000	95.301516	19.9656677	198.120601	148.603082	8.98651832	280.828697	35	19.3739612	7.30059028	228.143446
10	9:27:12	14.73	95.460	28.550	43153.000	18.000	95.476361	20.0022976	198.484082	148.875716	9.00300541	281.343919	35	19.3739612	7.31398429	228.562009
10	9:27:27	14.98	94.840	28.620	43114.000	18.000	94.866109	19.8744499	197.215441	147.924154	8.94546135	279.545667	35	19.3739612	7.26723586	227.101121
10	9:27:42	15.23	95.290	28.570	43098.000	18.000	95.301516	19.9656677	198.120601	148.603082	8.98651832	280.828697	35	19.3739612	7.30059028	228.143446
10	9:27:57	15.48	95.160	28.580	43135.000	18.000	95.214240	19.9473834	197.939164	148.466993	8.97828857	280.571518	35	19.3739612	7.29390449	227.934515
10	9:28:12	15.73	95.170	28.580	43116.000	18.000	95.214240	19.9473834	197.939164	148.466993	8.97828857	280.571518	35	19.3739612	7.29390449	227.934515
10	9:28:27	15.98	94.920	28.610	43120.000	18.000	94.952997	19.8926528	197.396069	148.059637	8.95365442	279.801701	35	19.3739612	7.27389186	227.309121
10	9:28:42	16.23	95.600	28.530	43116.000	18.000	95.651597	20.0390096	198.848377	149.148961	9.01952941	281.860294	35	19.3739612	7.32740829	228.981509
10	9:28:57	16.48	95.130	28.580	43196.000	18.000	95.214240	19.9473834	197.939164	148.466993	8.97828857	280.571518	35	19.3739612	7.29390449	227.934515
10	9:29:12	16.73	94.730	28.630	43086.000	18.000	94.779319	19.8562674	197.035015	147.788823	8.93727741	279.289919	35	19.3739612	7.26058728	226.893352
10	9:29:27	16.98	95.130	28.580	43158.000	18.000	95.214240	19.9473834	197.939164	148.466993	8.97828857	280.571518	35	19.3739612	7.29390449	227.934515
10	9:29:42	17.23	95.320	28.560	43162.000	18.000	95.388890	19.9839724	198.302240	148.739323	8.99475726	281.086164	35	19.3739612	7.30728354	228.352611
10	9:29:57	17.48	95.190	28.580	43174.000	18.000	95.214240	19.9473834	197.939164	148.466993	8.97828857	280.571518	35	19.3739612	7.29390449	227.934515
10	9:30:12	17.73	94.800	28.620	43060.000	18.000	94.866109	19.8744499	197.215441	147.924154	8.94546135	279.545667	35	19.3739612	7.26723586	227.101121
10	9:30:27	17.98	95.380	28.560	43157.000	18.000	95.388890	19.9839724	198.302240	148.739323	8.99475726	281.086164	35	19.3739612	7.30728354	228.352611
10	9:30:42	18.23	95.150	28.580	43177.000	18.000	95.214240	19.9473834	197.939164	148.466993	8.97828857	280.571518	35	19.3739612	7.29390449	227.934515
10	9:30:57	18.48	95.700	28.520	43200.000	18.000	95.739362	20.0573964	199.030831	149.285812	9.02780529	282.118915	35	19.3739612	7.33413155	229.191611
10	9:31:12	18.73	94.710	28.630	43161.000	18.000	94.779319	19.8562674	197.035015	147.788823	8.93727741	279.289919	35	19.3739612	7.26058728	226.893352
10	9:31:27	18.98	95.100	28.590	43181.000	18.000	95.127062	19.9291195	197.757930	148.331056	8.97006802	280.314626	35	19.3739612	7.28722616	227.725818
10	9:31:42	19.23	94.790	28.620	43213.000	18.000	94.866109	19.8744499	197.215441	147.924154	8.94546135	279.545667	35	19.3739612	7.26723586	227.101121
10	9:31:57	19.48	94.770	28.630	43139.000	18.000	94.779319	19.8562674	197.035015	147.788823	8.93727741	279.289919	35	19.3739612	7.26058728	226.893352
10	9:32:12	19.73	94.940	28.610	43190.000	18.000	94.952997	19.8926528	197.396069	148.059637	8.95365442	279.801701	35	19.3739612	7.27389186	227.309121
10	9:32:27	19.98	94.950	28.610	43160.000	18.000	94.952997	19.8926528	197.396069	148.059637	8.95365442	279.801701	35	19.3739612	7.27389186	227.309121
10	9:32:42	20.23	94.690	28.640	43216.000	18.000	94.692626	19.8381051	196.854789	147.653642	8.92910259	279.034456	35	19.3739612	7.25394611	226.685816
10	9:32:57	20.48	94.540	28.650	43208.000	18.000	94.606029	19.8199631	196.674764	147.518612	8.92093688	278.779278	35	19.3739612	7.24731234	226.478511
