Chamber	Time/hh:mm:ss	Logtime/min	Oxy/% air sat.	Phase/°	Amp	Temp/°C	% air-sat.	% oxygen	pO2 (hPa)	pO2 (Torr)	cO2 [mg/L]	cO2 [µmol/L]	Salinity	chlorinity	SalCorcO2 [mg/L]	SalCorcO2 [µmol/L]
7	15:37:23	0.00	94.120	31.110	36449.000	6.000	94.173403	19.7293279	198.006800	148.517724	11.69615087	365.504715	35	19.3739612	9.24146621	288.795819
7	15:37:34	0.17	94.040	31.120	36444.000	6.000	94.091204	19.7121072	197.833970	148.388090	11.68594188	365.185684	35	19.3739612	9.23339980	288.543744
7	15:37:49	0.42	93.670	31.170	36464.000	6.000	93.681474	19.6262689	196.972482	147.741920	11.63505431	363.595447	35	19.3739612	9.19319206	287.287252
7	15:38:04	0.67	93.790	31.150	36457.000	6.000	93.845113	19.6605512	197.316546	147.999989	11.65537792	364.230560	35	19.3739612	9.20925033	287.789073
7	15:38:19	0.92	93.770	31.150	36474.000	6.000	93.845113	19.6605512	197.316546	147.999989	11.65537792	364.230560	35	19.3739612	9.20925033	287.789073
7	15:38:34	1.17	93.740	31.160	36480.000	6.000	93.763252	19.6434012	197.144426	147.870888	11.64521089	363.912840	35	19.3739612	9.20121707	287.538033
7	15:38:48	1.42	94.420	31.080	36466.000	6.000	94.420510	19.7810968	198.526361	148.907428	11.72684104	366.463782	35	19.3739612	9.26571540	289.553606
7	15:39:03	1.67	93.870	31.140	36491.000	6.000	93.927059	19.6777189	197.488843	148.129223	11.66555542	364.548607	35	19.3739612	9.21729187	288.040371
7	15:39:19	1.92	93.740	31.160	36467.000	6.000	93.763252	19.6434012	197.144426	147.870888	11.64521089	363.912840	35	19.3739612	9.20121707	287.538033
7	15:39:34	2.17	93.730	31.160	36506.000	6.000	93.763252	19.6434012	197.144426	147.870888	11.64521089	363.912840	35	19.3739612	9.20121707	287.538033
7	15:39:49	2.42	93.450	31.190	36483.000	6.000	93.518172	19.5920570	196.629126	147.484381	11.61477246	362.961639	35	19.3739612	9.17716678	286.786462
7	15:40:04	2.67	93.900	31.140	36473.000	6.000	93.927059	19.6777189	197.488843	148.129223	11.66555542	364.548607	35	19.3739612	9.21729187	288.040371
7	15:40:19	2.92	93.810	31.150	36468.000	6.000	93.845113	19.6605512	197.316546	147.999989	11.65537792	364.230560	35	19.3739612	9.20925033	287.789073
7	15:40:33	3.17	93.890	31.140	36436.000	6.000	93.927059	19.6777189	197.488843	148.129223	11.66555542	364.548607	35	19.3739612	9.21729187	288.040371
7	15:40:49	3.42	94.040	31.120	36463.000	6.000	94.091204	19.7121072	197.833970	148.388090	11.68594188	365.185684	35	19.3739612	9.23339980	288.543744
7	15:41:04	3.67	93.640	31.170	36470.000	6.000	93.681474	19.6262689	196.972482	147.741920	11.63505431	363.595447	35	19.3739612	9.19319206	287.287252
7	15:41:19	3.92	93.900	31.140	36455.000	6.000	93.927059	19.6777189	197.488843	148.129223	11.66555542	364.548607	35	19.3739612	9.21729187	288.040371
7	15:41:34	4.17	93.880	31.140	36470.000	6.000	93.927059	19.6777189	197.488843	148.129223	11.66555542	364.548607	35	19.3739612	9.21729187	288.040371
7	15:41:49	4.42	93.990	31.130	36454.000	6.000	94.009089	19.6949042	197.661317	148.258590	11.67574340	364.866981	35	19.3739612	9.22534169	288.291928
7	15:42:04	4.67	93.420	31.200	36433.000	6.000	93.436646	19.5749774	196.457713	147.355810	11.60464716	362.645224	35	19.3739612	9.16916649	286.536453
7	15:42:18	4.92	93.950	31.130	36454.000	6.000	94.009089	19.6949042	197.661317	148.258590	11.67574340	364.866981	35	19.3739612	9.22534169	288.291928
7	15:42:34	5.17	93.850	31.140	36477.000	6.000	93.927059	19.6777189	197.488843	148.129223	11.66555542	364.548607	35	19.3739612	9.21729187	288.040371
7	15:42:49	5.42	94.090	31.110	36467.000	6.000	94.173403	19.7293279	198.006800	148.517724	11.69615087	365.504715	35	19.3739612	9.24146621	288.795819
7	15:43:04	5.67	93.970	31.130	36461.000	6.000	94.009089	19.6949042	197.661317	148.258590	11.67574340	364.866981	35	19.3739612	9.22534169	288.291928
7	15:43:19	5.92	93.960	31.130	36470.000	6.000	94.009089	19.6949042	197.661317	148.258590	11.67574340	364.866981	35	19.3739612	9.22534169	288.291928
7	15:43:34	6.17	93.870	31.140	36446.000	6.000	93.927059	19.6777189	197.488843	148.129223	11.66555542	364.548607	35	19.3739612	9.21729187	288.040371
7	15:43:49	6.42	93.450	31.190	36455.000	6.000	93.518172	19.5920570	196.629126	147.484381	11.61477246	362.961639	35	19.3739612	9.17716678	286.786462
7	15:44:04	6.67	93.880	31.140	36471.000	6.000	93.927059	19.6777189	197.488843	148.129223	11.66555542	364.548607	35	19.3739612	9.21729187	288.040371
7	15:44:19	6.92	93.720	31.160	36471.000	6.000	93.763252	19.6434012	197.144426	147.870888	11.64521089	363.912840	35	19.3739612	9.20121707	287.538033
7	15:44:33	7.17	93.720	31.160	36464.000	6.000	93.763252	19.6434012	197.144426	147.870888	11.64521089	363.912840	35	19.3739612	9.20121707	287.538033
7	15:44:49	7.42	94.150	31.110	36445.000	6.000	94.173403	19.7293279	198.006800	148.517724	11.69615087	365.504715	35	19.3739612	9.24146621	288.795819
7	15:45:04	7.67	94.150	31.110	36444.000	6.000	94.173403	19.7293279	198.006800	148.517724	11.69615087	365.504715	35	19.3739612	9.24146621	288.795819
7	15:45:19	7.92	93.810	31.150	36443.000	6.000	93.845113	19.6605512	197.316546	147.999989	11.65537792	364.230560	35	19.3739612	9.20925033	287.789073
7	15:45:34	8.17	93.800	31.150	36458.000	6.000	93.845113	19.6605512	197.316546	147.999989	11.65537792	364.230560	35	19.3739612	9.20925033	287.789073
7	15:45:49	8.42	93.480	31.190	36453.000	6.000	93.518172	19.5920570	196.629126	147.484381	11.61477246	362.961639	35	19.3739612	9.17716678	286.786462
7	15:46:04	8.67	94.020	31.120	36464.000	6.000	94.091204	19.7121072	197.833970	148.388090	11.68594188	365.185684	35	19.3739612	9.23339980	288.543744
7	15:46:19	8.92	93.680	31.170	36467.000	6.000	93.681474	19.6262689	196.972482	147.741920	11.63505431	363.595447	35	19.3739612	9.19319206	287.287252
7	15:46:33	9.17	94.250	31.100	36457.000	6.000	94.255687	19.7465664	198.179808	148.647491	11.70637038	365.824074	35	19.3739612	9.24954094	289.048155
7	15:46:49	9.42	93.730	31.160	36465.000	6.000	93.763252	19.6434012	197.144426	147.870888	11.64521089	363.912840	35	19.3739612	9.20121707	287.538033
7	15:47:04	9.67	93.700	31.160	36449.000	6.000	93.763252	19.6434012	197.144426	147.870888	11.64521089	363.912840	35	19.3739612	9.20121707	287.538033
7	15:47:19	9.92	94.210	31.100	36453.000	6.000	94.255687	19.7465664	198.179808	148.647491	11.70637038	365.824074	35	19.3739612	9.24954094	289.048155
7	15:47:34	10.17	94.250	31.100	36449.000	6.000	94.255687	19.7465664	198.179808	148.647491	11.70637038	365.824074	35	19.3739612	9.24954094	289.048155
7	15:47:49	10.42	93.680	31.160	36423.000	6.000	93.763252	19.6434012	197.144426	147.870888	11.64521089	363.912840	35	19.3739612	9.20121707	287.538033
7	15:48:04	10.67	93.860	31.140	36452.000	6.000	93.927059	19.6777189	197.488843	148.129223	11.66555542	364.548607	35	19.3739612	9.21729187	288.040371
7	15:48:19	10.92	93.710	31.160	36429.000	6.000	93.763252	19.6434012	197.144426	147.870888	11.64521089	363.912840	35	19.3739612	9.20121707	287.538033
7	15:48:34	11.17	94.200	31.100	36442.000	6.000	94.255687	19.7465664	198.179808	148.647491	11.70637038	365.824074	35	19.3739612	9.24954094	289.048155
7	15:48:49	11.42	93.680	31.170	36446.000	6.000	93.681474	19.6262689	196.972482	147.741920	11.63505431	363.595447	35	19.3739612	9.19319206	287.287252
7	15:49:04	11.67	93.940	31.130	36441.000	6.000	94.009089	19.6949042	197.661317	148.258590	11.67574340	364.866981	35	19.3739612	9.22534169	288.291928
7	15:49:19	11.92	94.040	31.120	36449.000	6.000	94.091204	19.7121072	197.833970	148.388090	11.68594188	365.185684	35	19.3739612	9.23339980	288.543744
7	15:49:34	12.17	93.840	31.150	36471.000	6.000	93.845113	19.6605512	197.316546	147.999989	11.65537792	364.230560	35	19.3739612	9.20925033	287.789073
7	15:49:49	12.42	94.120	31.110	36464.000	6.000	94.173403	19.7293279	198.006800	148.517724	11.69615087	365.504715	35	19.3739612	9.24146621	288.795819
7	15:50:04	12.67	93.780	31.150	36455.000	6.000	93.845113	19.6605512	197.316546	147.999989	11.65537792	364.230560	35	19.3739612	9.20925033	287.789073
7	15:50:19	12.92	93.980	31.130	36465.000	6.000	94.009089	19.6949042	197.661317	148.258590	11.67574340	364.866981	35	19.3739612	9.22534169	288.291928
7	15:50:34	13.17	94.090	31.120	36441.000	6.000	94.091204	19.7121072	197.833970	148.388090	11.68594188	365.185684	35	19.3739612	9.23339980	288.543744
7	15:50:48	13.42	93.420	31.200	36443.000	6.000	93.436646	19.5749774	196.457713	147.355810	11.60464716	362.645224	35	19.3739612	9.16916649	286.536453
7	15:51:04	13.67	93.680	31.160	36453.000	6.000	93.763252	19.6434012	197.144426	147.870888	11.64521089	363.912840	35	19.3739612	9.20121707	287.538033
7	15:51:19	13.92	94.290	31.090	36466.000	6.000	94.338056	19.7638227	198.352995	148.777393	11.71660043	366.143763	35	19.3739612	9.25762400	289.300750
7	15:51:34	14.17	93.600	31.170	36448.000	6.000	93.681474	19.6262689	196.972482	147.741920	11.63505431	363.595447	35	19.3739612	9.19319206	287.287252
7	15:51:49	14.42	93.830	31.150	36467.000	6.000	93.845113	19.6605512	197.316546	147.999989	11.65537792	364.230560	35	19.3739612	9.20925033	287.789073
7	15:52:04	14.67	93.860	31.140	36483.000	6.000	93.927059	19.6777189	197.488843	148.129223	11.66555542	364.548607	35	19.3739612	9.21729187	288.040371
7	15:52:19	14.92	93.680	31.160	36446.000	6.000	93.763252	19.6434012	197.144426	147.870888	11.64521089	363.912840	35	19.3739612	9.20121707	287.538033
7	15:52:34	15.17	93.970	31.130	36482.000	6.000	94.009089	19.6949042	197.661317	148.258590	11.67574340	364.866981	35	19.3739612	9.22534169	288.291928
7	15:52:49	15.42	93.860	31.140	36434.000	6.000	93.927059	19.6777189	197.488843	148.129223	11.66555542	364.548607	35	19.3739612	9.21729187	288.040371
7	15:53:04	15.67	93.680	31.170	36461.000	6.000	93.681474	19.6262689	196.972482	147.741920	11.63505431	363.595447	35	19.3739612	9.19319206	287.287252
7	15:53:19	15.92	93.720	31.160	36484.000	6.000	93.763252	19.6434012	197.144426	147.870888	11.64521089	363.912840	35	19.3739612	9.20121707	287.538033
7	15:53:34	16.17	94.140	31.110	36460.000	6.000	94.173403	19.7293279	198.006800	148.517724	11.69615087	365.504715	35	19.3739612	9.24146621	288.795819
7	15:53:49	16.42	93.880	31.140	36456.000	6.000	93.927059	19.6777189	197.488843	148.129223	11.66555542	364.548607	35	19.3739612	9.21729187	288.040371
7	15:54:04	16.67	93.770	31.150	36462.000	6.000	93.845113	19.6605512	197.316546	147.999989	11.65537792	364.230560	35	19.3739612	9.20925033	287.789073
7	15:54:19	16.92	93.300	31.210	36491.000	6.000	93.355205	19.5579154	196.286475	147.227371	11.59453225	362.329133	35	19.3739612	9.16117441	286.286700
7	15:54:34	17.17	93.870	31.140	36465.000	6.000	93.927059	19.6777189	197.488843	148.129223	11.66555542	364.548607	35	19.3739612	9.21729187	288.040371
7	15:54:49	17.42	93.800	31.150	36473.000	6.000	93.845113	19.6605512	197.316546	147.999989	11.65537792	364.230560	35	19.3739612	9.20925033	287.789073
7	15:55:04	17.67	93.640	31.170	36460.000	6.000	93.681474	19.6262689	196.972482	147.741920	11.63505431	363.595447	35	19.3739612	9.19319206	287.287252
7	15:55:19	17.92	93.610	31.170	36478.000	6.000	93.681474	19.6262689	196.972482	147.741920	11.63505431	363.595447	35	19.3739612	9.19319206	287.287252
7	15:55:34	18.17	94.090	31.110	36453.000	6.000	94.173403	19.7293279	198.006800	148.517724	11.69615087	365.504715	35	19.3739612	9.24146621	288.795819
7	15:55:49	18.42	93.620	31.170	36452.000	6.000	93.681474	19.6262689	196.972482	147.741920	11.63505431	363.595447	35	19.3739612	9.19319206	287.287252
7	15:56:04	18.67	93.830	31.150	36451.000	6.000	93.845113	19.6605512	197.316546	147.999989	11.65537792	364.230560	35	19.3739612	9.20925033	287.789073
7	15:56:18	18.92	93.520	31.180	36434.000	6.000	93.599781	19.6091542	196.800716	147.613084	11.62490817	363.278380	35	19.3739612	9.18517530	287.036728
7	15:56:33	19.17	93.380	31.200	36417.000	6.000	93.436646	19.5749774	196.457713	147.355810	11.60464716	362.645224	35	19.3739612	9.16916649	286.536453
7	15:56:49	19.42	93.860	31.140	36465.000	6.000	93.927059	19.6777189	197.488843	148.129223	11.66555542	364.548607	35	19.3739612	9.21729187	288.040371
7	15:57:04	19.67	93.840	31.150	36420.000	6.000	93.845113	19.6605512	197.316546	147.999989	11.65537792	364.230560	35	19.3739612	9.20925033	287.789073
7	15:57:19	19.92	93.540	31.180	36437.000	6.000	93.599781	19.6091542	196.800716	147.613084	11.62490817	363.278380	35	19.3739612	9.18517530	287.036728
7	15:57:34	20.17	94.000	31.130	36432.000	6.000	94.009089	19.6949042	197.661317	148.258590	11.67574340	364.866981	35	19.3739612	9.22534169	288.291928
