Chamber	Time/hh:mm:ss	Logtime/min	Oxy/% air sat.	Phase/°	Amp	Temp/°C	% air-sat.	% oxygen	pO2 (hPa)	pO2 (Torr)	cO2 [mg/L]	cO2 [µmol/L]	Salinity	chlorinity	SalCorcO2 [mg/L]	SalCorcO2 [µmol/L]
6	13:41:40	0.00	97.560	30.070	40402.000	9.000	97.640694	20.4557253	204.860758	153.658630	11.25735804	351.792439	35	19.3739612	8.95567642	279.864888
6	13:41:54	0.23	97.480	30.080	40369.000	9.000	97.553923	20.4375470	204.678705	153.522078	11.24735399	351.479812	35	19.3739612	8.94771780	279.616181
6	13:42:09	0.48	97.530	30.080	40332.000	9.000	97.553923	20.4375470	204.678705	153.522078	11.24735399	351.479812	35	19.3739612	8.94771780	279.616181
6	13:42:24	0.73	97.290	30.110	40380.000	9.000	97.294166	20.3831279	204.133707	153.113295	11.21740563	350.543926	35	19.3739612	8.92389270	278.871647
6	13:42:39	0.98	97.080	30.130	40325.000	9.000	97.121455	20.3469448	203.771339	152.841496	11.19749309	349.921659	35	19.3739612	8.90805147	278.376609
6	13:42:54	1.23	97.580	30.070	40372.000	9.000	97.640694	20.4557253	204.860758	153.658630	11.25735804	351.792439	35	19.3739612	8.95567642	279.864888
6	13:43:09	1.48	97.490	30.080	40376.000	9.000	97.553923	20.4375470	204.678705	153.522078	11.24735399	351.479812	35	19.3739612	8.94771780	279.616181
6	13:43:24	1.73	97.630	30.070	40385.000	9.000	97.640694	20.4557253	204.860758	153.658630	11.25735804	351.792439	35	19.3739612	8.95567642	279.864888
6	13:43:39	1.98	97.110	30.130	40378.000	9.000	97.121455	20.3469448	203.771339	152.841496	11.19749309	349.921659	35	19.3739612	8.90805147	278.376609
6	13:43:54	2.23	97.630	30.070	40309.000	9.000	97.640694	20.4557253	204.860758	153.658630	11.25735804	351.792439	35	19.3739612	8.95567642	279.864888
6	13:44:09	2.48	96.940	30.150	40364.000	9.000	96.949110	20.3108386	203.409741	152.570275	11.17762282	349.300713	35	19.3739612	8.89224389	277.882621
6	13:44:24	2.73	96.510	30.200	40376.000	9.000	96.519846	20.2209078	202.509099	151.894735	11.12813138	347.754106	35	19.3739612	8.85287147	276.652234
6	13:44:39	2.98	97.270	30.110	40374.000	9.000	97.294166	20.3831279	204.133707	153.113295	11.21740563	350.543926	35	19.3739612	8.92389270	278.871647
6	13:44:54	3.23	97.530	30.080	40362.000	9.000	97.553923	20.4375470	204.678705	153.522078	11.24735399	351.479812	35	19.3739612	8.94771780	279.616181
6	13:45:09	3.48	98.020	30.020	40354.000	9.000	98.075934	20.5469081	205.773939	154.343573	11.30753847	353.360577	35	19.3739612	8.99559695	281.112405
6	13:45:24	3.73	97.830	30.040	40344.000	9.000	97.901559	20.5103766	205.408083	154.069158	11.28743420	352.732319	35	19.3739612	8.97960321	280.612600
6	13:45:39	3.98	97.390	30.090	40346.000	9.000	97.467246	20.4193880	204.496846	153.385672	11.23736058	351.167518	35	19.3739612	8.93976765	279.367739
6	13:45:54	4.23	97.740	30.050	40337.000	9.000	97.814511	20.4921401	205.225447	153.932169	11.27739813	352.418692	35	19.3739612	8.97161912	280.363097
6	13:46:09	4.48	96.750	30.170	40344.000	9.000	96.777131	20.2748090	203.048911	152.299629	11.15779472	348.681085	35	19.3739612	8.87646985	277.389683
6	13:46:24	4.73	97.050	30.130	40385.000	9.000	97.121455	20.3469448	203.771339	152.841496	11.19749309	349.921659	35	19.3739612	8.90805147	278.376609
6	13:46:39	4.98	96.850	30.160	40327.000	9.000	96.863075	20.2928142	203.229230	152.434880	11.16770351	348.990735	35	19.3739612	8.88435268	277.636021
6	13:46:54	5.23	97.970	30.030	40334.000	9.000	97.988700	20.5286326	205.590913	154.206292	11.29748097	353.046280	35	19.3739612	8.98759582	280.862369
6	13:47:09	5.48	96.850	30.160	40385.000	9.000	96.863075	20.2928142	203.229230	152.434880	11.16770351	348.990735	35	19.3739612	8.88435268	277.636021
6	13:47:24	5.73	96.760	30.170	40379.000	9.000	96.777131	20.2748090	203.048911	152.299629	11.15779472	348.681085	35	19.3739612	8.87646985	277.389683
6	13:47:39	5.98	97.530	30.080	40359.000	9.000	97.553923	20.4375470	204.678705	153.522078	11.24735399	351.479812	35	19.3739612	8.94771780	279.616181
6	13:47:54	6.23	97.110	30.130	40346.000	9.000	97.121455	20.3469448	203.771339	152.841496	11.19749309	349.921659	35	19.3739612	8.90805147	278.376609
6	13:48:09	6.48	98.010	30.020	40311.000	9.000	98.075934	20.5469081	205.773939	154.343573	11.30753847	353.360577	35	19.3739612	8.99559695	281.112405
6	13:48:24	6.73	97.420	30.090	40346.000	9.000	97.467246	20.4193880	204.496846	153.385672	11.23736058	351.167518	35	19.3739612	8.93976765	279.367739
6	13:48:39	6.98	97.590	30.070	40339.000	9.000	97.640694	20.4557253	204.860758	153.658630	11.25735804	351.792439	35	19.3739612	8.95567642	279.864888
6	13:48:54	7.23	97.360	30.100	40387.000	9.000	97.380660	20.4012483	204.315180	153.249411	11.22737780	350.855556	35	19.3739612	8.93182595	279.119561
6	13:49:09	7.48	97.280	30.110	40335.000	9.000	97.294166	20.3831279	204.133707	153.113295	11.21740563	350.543926	35	19.3739612	8.92389270	278.871647
6	13:49:24	7.73	97.350	30.100	40363.000	9.000	97.380660	20.4012483	204.315180	153.249411	11.22737780	350.855556	35	19.3739612	8.93182595	279.119561
6	13:49:39	7.98	97.480	30.080	40356.000	9.000	97.553923	20.4375470	204.678705	153.522078	11.24735399	351.479812	35	19.3739612	8.94771780	279.616181
6	13:49:54	8.23	96.770	30.170	40342.000	9.000	96.777131	20.2748090	203.048911	152.299629	11.15779472	348.681085	35	19.3739612	8.87646985	277.389683
6	13:50:09	8.48	97.660	30.060	40361.000	9.000	97.727556	20.4739230	205.043005	153.795327	11.26737275	352.105398	35	19.3739612	8.96364352	280.113860
6	13:50:24	8.73	96.560	30.190	40373.000	9.000	96.605517	20.2388558	202.688845	152.029557	11.13800867	348.062771	35	19.3739612	8.86072925	276.897789
6	13:50:39	8.98	97.130	30.120	40376.000	9.000	97.207765	20.3650267	203.952427	152.977323	11.20744407	350.232627	35	19.3739612	8.91596787	278.623996
6	13:50:54	9.23	97.100	30.130	40329.000	9.000	97.121455	20.3469448	203.771339	152.841496	11.19749309	349.921659	35	19.3739612	8.90805147	278.376609
6	13:51:09	9.48	97.740	30.050	40365.000	9.000	97.814511	20.4921401	205.225447	153.932169	11.27739813	352.418692	35	19.3739612	8.97161912	280.363097
6	13:51:24	9.73	97.360	30.100	40364.000	9.000	97.380660	20.4012483	204.315180	153.249411	11.22737780	350.855556	35	19.3739612	8.93182595	279.119561
6	13:51:39	9.98	97.190	30.120	40388.000	9.000	97.207765	20.3650267	203.952427	152.977323	11.20744407	350.232627	35	19.3739612	8.91596787	278.623996
6	13:51:54	10.23	98.140	30.010	40328.000	9.000	98.163260	20.5652030	205.957160	154.481001	11.31760669	353.675209	35	19.3739612	9.00360662	281.362707
6	13:52:09	10.48	97.070	30.130	40411.000	9.000	97.121455	20.3469448	203.771339	152.841496	11.19749309	349.921659	35	19.3739612	8.90805147	278.376609
6	13:52:24	10.73	97.640	30.060	40367.000	9.000	97.727556	20.4739230	205.043005	153.795327	11.26737275	352.105398	35	19.3739612	8.96364352	280.113860
6	13:52:39	10.98	96.690	30.170	40402.000	9.000	96.777131	20.2748090	203.048911	152.299629	11.15779472	348.681085	35	19.3739612	8.87646985	277.389683
6	13:52:54	11.23	97.760	30.050	40395.000	9.000	97.814511	20.4921401	205.225447	153.932169	11.27739813	352.418692	35	19.3739612	8.97161912	280.363097
6	13:53:09	11.48	97.550	30.080	40371.000	9.000	97.553923	20.4375470	204.678705	153.522078	11.24735399	351.479812	35	19.3739612	8.94771780	279.616181
6	13:53:24	11.73	97.840	30.040	40399.000	9.000	97.901559	20.5103766	205.408083	154.069158	11.28743420	352.732319	35	19.3739612	8.97960321	280.612600
6	13:53:39	11.98	97.040	30.130	40376.000	9.000	97.121455	20.3469448	203.771339	152.841496	11.19749309	349.921659	35	19.3739612	8.90805147	278.376609
6	13:53:54	12.23	96.990	30.140	40399.000	9.000	97.035237	20.3288821	203.590444	152.705813	11.18755268	349.611021	35	19.3739612	8.90014348	278.129484
6	13:54:09	12.48	97.260	30.110	40394.000	9.000	97.294166	20.3831279	204.133707	153.113295	11.21740563	350.543926	35	19.3739612	8.92389270	278.871647
6	13:54:24	12.73	97.350	30.100	40368.000	9.000	97.380660	20.4012483	204.315180	153.249411	11.22737780	350.855556	35	19.3739612	8.93182595	279.119561
6	13:54:39	12.98	97.280	30.110	40336.000	9.000	97.294166	20.3831279	204.133707	153.113295	11.21740563	350.543926	35	19.3739612	8.92389270	278.871647
6	13:54:54	13.23	97.110	30.130	40374.000	9.000	97.121455	20.3469448	203.771339	152.841496	11.19749309	349.921659	35	19.3739612	8.90805147	278.376609
6	13:55:09	13.48	97.400	30.090	40388.000	9.000	97.467246	20.4193880	204.496846	153.385672	11.23736058	351.167518	35	19.3739612	8.93976765	279.367739
6	13:55:24	13.73	97.280	30.110	40400.000	9.000	97.294166	20.3831279	204.133707	153.113295	11.21740563	350.543926	35	19.3739612	8.92389270	278.871647
6	13:55:39	13.98	96.910	30.150	40374.000	9.000	96.949110	20.3108386	203.409741	152.570275	11.17762282	349.300713	35	19.3739612	8.89224389	277.882621
6	13:55:54	14.23	97.440	30.090	40428.000	9.000	97.467246	20.4193880	204.496846	153.385672	11.23736058	351.167518	35	19.3739612	8.93976765	279.367739
6	13:56:09	14.48	97.140	30.120	40403.000	9.000	97.207765	20.3650267	203.952427	152.977323	11.20744407	350.232627	35	19.3739612	8.91596787	278.623996
6	13:56:24	14.73	97.110	30.130	40405.000	9.000	97.121455	20.3469448	203.771339	152.841496	11.19749309	349.921659	35	19.3739612	8.90805147	278.376609
6	13:56:39	14.98	97.920	30.030	40402.000	9.000	97.988700	20.5286326	205.590913	154.206292	11.29748097	353.046280	35	19.3739612	8.98759582	280.862369
6	13:56:54	15.23	97.410	30.090	40400.000	9.000	97.467246	20.4193880	204.496846	153.385672	11.23736058	351.167518	35	19.3739612	8.93976765	279.367739
6	13:57:09	15.48	97.260	30.110	40434.000	9.000	97.294166	20.3831279	204.133707	153.113295	11.21740563	350.543926	35	19.3739612	8.92389270	278.871647
6	13:57:24	15.73	97.780	30.050	40390.000	9.000	97.814511	20.4921401	205.225447	153.932169	11.27739813	352.418692	35	19.3739612	8.97161912	280.363097
6	13:57:39	15.98	97.160	30.120	40402.000	9.000	97.207765	20.3650267	203.952427	152.977323	11.20744407	350.232627	35	19.3739612	8.91596787	278.623996
6	13:57:54	16.23	97.450	30.090	40434.000	9.000	97.467246	20.4193880	204.496846	153.385672	11.23736058	351.167518	35	19.3739612	8.93976765	279.367739
6	13:58:09	16.48	96.850	30.160	40437.000	9.000	96.863075	20.2928142	203.229230	152.434880	11.16770351	348.990735	35	19.3739612	8.88435268	277.636021
6	13:58:24	16.73	96.720	30.170	40413.000	9.000	96.777131	20.2748090	203.048911	152.299629	11.15779472	348.681085	35	19.3739612	8.87646985	277.389683
6	13:58:39	16.98	97.070	30.130	40383.000	9.000	97.121455	20.3469448	203.771339	152.841496	11.19749309	349.921659	35	19.3739612	8.90805147	278.376609
6	13:58:54	17.23	97.090	30.130	40416.000	9.000	97.121455	20.3469448	203.771339	152.841496	11.19749309	349.921659	35	19.3739612	8.90805147	278.376609
6	13:59:09	17.48	97.460	30.090	40413.000	9.000	97.467246	20.4193880	204.496846	153.385672	11.23736058	351.167518	35	19.3739612	8.93976765	279.367739
6	13:59:24	17.73	97.220	30.110	40416.000	9.000	97.294166	20.3831279	204.133707	153.113295	11.21740563	350.543926	35	19.3739612	8.92389270	278.871647
6	13:59:39	17.98	97.380	30.090	40396.000	9.000	97.467246	20.4193880	204.496846	153.385672	11.23736058	351.167518	35	19.3739612	8.93976765	279.367739
6	13:59:54	18.23	96.920	30.150	40421.000	9.000	96.949110	20.3108386	203.409741	152.570275	11.17762282	349.300713	35	19.3739612	8.89224389	277.882621
6	14:00:09	18.48	96.730	30.170	40421.000	9.000	96.777131	20.2748090	203.048911	152.299629	11.15779472	348.681085	35	19.3739612	8.87646985	277.389683
6	14:00:24	18.73	96.830	30.160	40423.000	9.000	96.863075	20.2928142	203.229230	152.434880	11.16770351	348.990735	35	19.3739612	8.88435268	277.636021
6	14:00:39	18.98	96.840	30.160	40420.000	9.000	96.863075	20.2928142	203.229230	152.434880	11.16770351	348.990735	35	19.3739612	8.88435268	277.636021
6	14:00:54	19.23	98.110	30.010	40446.000	9.000	98.163260	20.5652030	205.957160	154.481001	11.31760669	353.675209	35	19.3739612	9.00360662	281.362707
6	14:01:09	19.48	96.780	30.160	40437.000	9.000	96.863075	20.2928142	203.229230	152.434880	11.16770351	348.990735	35	19.3739612	8.88435268	277.636021
6	14:01:24	19.73	97.310	30.100	40404.000	9.000	97.380660	20.4012483	204.315180	153.249411	11.22737780	350.855556	35	19.3739612	8.93182595	279.119561
6	14:01:39	19.98	96.820	30.160	40417.000	9.000	96.863075	20.2928142	203.229230	152.434880	11.16770351	348.990735	35	19.3739612	8.88435268	277.636021
6	14:01:54	20.23	97.740	30.050	40427.000	9.000	97.814511	20.4921401	205.225447	153.932169	11.27739813	352.418692	35	19.3739612	8.97161912	280.363097
6	14:02:09	20.48	96.560	30.190	40439.000	9.000	96.605517	20.2388558	202.688845	152.029557	11.13800867	348.062771	35	19.3739612	8.86072925	276.897789
6	14:02:24	20.73	96.760	30.170	40424.000	9.000	96.777131	20.2748090	203.048911	152.299629	11.15779472	348.681085	35	19.3739612	8.87646985	277.389683
6	14:02:39	20.98	97.260	30.110	40450.000	9.000	97.294166	20.3831279	204.133707	153.113295	11.21740563	350.543926	35	19.3739612	8.92389270	278.871647
6	14:02:54	21.23	97.070	30.130	40452.000	9.000	97.121455	20.3469448	203.771339	152.841496	11.19749309	349.921659	35	19.3739612	8.90805147	278.376609
6	14:03:09	21.48	97.710	30.060	40459.000	9.000	97.727556	20.4739230	205.043005	153.795327	11.26737275	352.105398	35	19.3739612	8.96364352	280.113860
6	14:03:24	21.73	97.110	30.130	40479.000	9.000	97.121455	20.3469448	203.771339	152.841496	11.19749309	349.921659	35	19.3739612	8.90805147	278.376609
